ScatterplotName,DatasetName,TotalPoints,NumClasses,MarkerSize,M_Dist_10_0,M_Dist_10_0_time,LOF_Dist_10_0,LOF_Dist_10_0_time,IsolationForest_Dist_10_0,IsolationForest_Dist_10_0_time,Centroid_Dist_10_0,Centroid_Dist_10_0_time,AvgLinkage_Dist_10_0,AvgLinkage_Dist_10_0_time,M_Dist_10_5,M_Dist_10_5_time,LOF_Dist_10_5,LOF_Dist_10_5_time,IsolationForest_Dist_10_5,IsolationForest_Dist_10_5_time,Centroid_Dist_10_5,Centroid_Dist_10_5_time,AvgLinkage_Dist_10_5,AvgLinkage_Dist_10_5_time,M_Dist_10_10,M_Dist_10_10_time,LOF_Dist_10_10,LOF_Dist_10_10_time,IsolationForest_Dist_10_10,IsolationForest_Dist_10_10_time,Centroid_Dist_10_10,Centroid_Dist_10_10_time,AvgLinkage_Dist_10_10,AvgLinkage_Dist_10_10_time,VisibilityIndex,VisibilityIndex_time,MPix,MPix_time,GridOverlap,GridOverlap_time,KDEOverlap,KDEOverlap_time,NNDistance,NNDistance_time,PBBOverlap,PBBOverlap_time,DistanceConsistency,DistanceConsistency_time,CoveredValsDiffClasses,CoveredPixelsDiffClasses,CoveredPixelsDiffClassesGeneralMethod,Shape,ClusterCorrelation
figure_category_based_markersize10_grid10_4d_umap.png,grid10_4d_umap,10000,16,10,0.4438532681681136,0.9668517112731934,0.5655995346496865,0.8778421878814697,0.8024192442360829,2.5144059658050537,0.3550184829838265,1.0390231609344482,0.4082541559197062,0.926537036895752,0.2699643447178931,1.0438170433044434,0.2954242825236118,0.9296529293060304,0.3167941119109435,2.473991870880127,0.2355927198485522,1.0423686504364014,0.2522406095457989,1.034954309463501,0.1939717868031499,1.0253229141235352,0.1999244765018313,0.9510059356689452,0.1973547623698187,2.5471293926239014,0.1762899870465945,1.0294606685638428,0.1824989747246016,1.037539005279541,0.8456,2.8557376861572266,40101,0.447068452835083,0.0015,0.5043034553527832,0.0305949081910208,1.0736591815948486,2.0963343243252464,0.0899195671081543,-,15.0,0.364,0.1354689598083496,3,0,6979,['cluster'],['intersecting']
figure_category_based_markersize60_grid10_4d_umap.png,grid10_4d_umap,10000,16,60,0.1604750735570214,1.7046973705291748,0.2334395794476578,1.5552680492401123,0.4792744117140344,3.014331579208374,0.1127724993506186,1.6499783992767334,0.1394128213770286,1.6481003761291504,0.0993301749550092,1.7526614665985107,0.1203146238970268,1.7092759609222412,0.1527995135089674,3.156976222991944,0.0790625366310395,1.6838109493255615,0.0903835423362212,1.6834864616394043,0.0719250028643587,1.6905992031097412,0.0810417465366556,1.6969926357269287,0.0908879424973434,3.1703169345855717,0.0608679000535148,1.7150139808654783,0.0668673540318368,1.7266933917999268,0.2323,1.0199809074401855,186558,0.8812546730041504,0.0015,0.465613842010498,0.0305949081910208,1.0760138034820557,2.0963343243252464,0.0897932052612304,-,15.0,0.364,0.1347448825836181,442,0,107184,['cluster'],['intersecting']
figure_category_based_markersize110_grid10_4d_umap.png,grid10_4d_umap,10000,16,110,0.1260647346847017,1.853266716003418,0.1801541577912667,2.066645383834839,0.3656881790991659,3.67491602897644,0.0881299792174407,2.4296350479125977,0.1084922502835544,2.221944570541382,0.0817414425358252,2.455173254013061,0.100048971578576,2.261669635772705,0.1328593741886089,3.802844762802124,0.0641438679156291,2.491349935531616,0.0738160530906137,2.4513418674468994,0.0604779188862155,2.247098922729492,0.0692549129469405,2.38896918296814,0.0811758127527021,3.842420101165772,0.0504209317337901,2.327125072479248,0.0559373929661843,2.3405978679656982,0.0841,0.917621374130249,216929,1.2093560695648191,0.0015,0.8431894779205322,0.0305949081910208,1.088298797607422,2.0963343243252464,0.0955500602722168,-,15.0,0.364,0.1415088176727295,888,0,241148,['cluster'],['intersecting']
figure_category_based_markersize160_grid10_4d_umap.png,grid10_4d_umap,10000,16,160,0.114168724366826,2.661508321762085,0.160161995751506,2.9084980487823486,0.313593492130326,4.171527624130249,0.0804473271087304,2.919085025787353,0.0982119358706575,2.929121971130371,0.0758783593331293,3.200787305831909,0.0927073471442846,2.659580945968628,0.1244062093766805,4.611932516098023,0.0595545812018997,2.946085214614868,0.0684010848411657,2.99477481842041,0.0568213776310301,2.889312982559204,0.0652333390701226,2.9451663494110107,0.0775944101087241,4.432224988937378,0.0472765287433438,2.9895262718200684,0.0524734941377578,2.9650354385375977,0.0499,1.4835495948791504,227575,1.1470675468444824,0.0015,0.6189694404602051,0.0305949081910208,1.0836942195892334,2.0963343243252464,0.0909125804901123,-,15.0,0.364,0.1364359855651855,1028,0,377367,['cluster'],['intersecting']
figure_ascending_markersize10_grid10_4d_umap.png,grid10_4d_umap,10000,16,10,0.5726013513246813,0.7061421871185303,0.5846527416939546,0.6894066333770752,0.5922978743945697,2.2329678535461426,0.6284521930895315,1.0082125663757324,0.6199210149477973,0.9249744415283204,0.3228871736263122,1.2026619911193848,0.3051431859280797,1.4417266845703125,0.2735404791250567,2.4578301906585693,0.3463726017116485,1.2573835849761963,0.331174434780594,1.533131122589111,0.2248353891157621,0.9790983200073242,0.2064459428356079,1.2132737636566162,0.1778349236774427,2.796975612640381,0.2390675700564759,1.2860076427459717,0.2259373976112454,1.2908296585083008,0.8456,2.87471866607666,40101,0.9431087970733644,0.0015,0.5677194595336914,0.0305949081910208,1.0698795318603516,2.0963343243252464,0.0900526046752929,-,15.0,0.364,0.1371302604675293,3,0,0,['cluster'],['intersecting']
figure_ascending_markersize60_grid10_4d_umap.png,grid10_4d_umap,10000,16,60,0.2687610200977073,1.907686471939087,0.2549417673468279,1.911278486251831,0.2138801347833451,3.1354973316192627,0.339008203062675,1.86690092086792,0.3140760429158354,1.885649919509888,0.1460458296466499,1.915682315826416,0.1318961586995136,1.6224048137664795,0.1022888468994174,3.412916421890259,0.168491540496219,1.9288318157196045,0.156746213039119,1.5904202461242676,0.1002651632440874,1.8816258907318115,0.0889602191519589,2.038175106048584,0.0672180438527976,3.478323221206665,0.1121044687472846,2.097362279891968,0.1044327896081003,1.6265366077423096,0.2323,1.0307481288909912,186558,1.2347168922424316,0.0015,0.6601378917694092,0.0305949081910208,1.0513851642608645,2.0963343243252464,0.0898168087005615,-,15.0,0.364,0.1384456157684326,226,0,0,['cluster'],['intersecting']
figure_ascending_markersize110_grid10_4d_umap.png,grid10_4d_umap,10000,16,110,0.2284851570324538,1.953134536743164,0.2021933175770366,2.396669626235962,0.1345376277956685,3.8850080966949454,0.2978902660979822,2.6396148204803467,0.266113428789543,2.733478784561157,0.1270917249794597,2.39925479888916,0.1121950683376423,2.7378296852111816,0.0742030684837998,3.899641752243042,0.1468082956340582,2.6476798057556152,0.1354561469793107,2.2439723014831543,0.0880280615361021,2.644671678543091,0.0776377406443851,2.3470191955566406,0.051228987353955,4.251588106155396,0.0974063843829534,2.346658229827881,0.0908502033045621,2.619333982467652,0.0841,1.10353422164917,216929,1.096055030822754,0.0015,0.7129204273223877,0.0305949081910208,1.0736148357391355,2.0963343243252464,0.0902998447418212,-,15.0,0.364,0.1362907886505127,661,0,0,['cluster'],['intersecting']
figure_ascending_markersize160_grid10_4d_umap.png,grid10_4d_umap,10000,16,160,0.2146377138545643,2.963653326034546,0.1829723160764692,3.503814458847046,0.1014822730645648,4.651578187942505,0.2827774693714863,3.0582022666931152,0.2480753565038574,3.37381649017334,0.1199936410123002,3.079705715179444,0.1051204651457148,3.1092679500579834,0.0603804937414783,4.988619565963745,0.1377570837856073,3.079005479812622,0.1266226858981194,3.371208429336548,0.0832740946663366,2.980742692947388,0.0737436840897289,3.505464792251587,0.0429750007173783,4.645112276077271,0.0910584265196243,3.429234504699707,0.0850056440680629,3.1077334880828857,0.0499,1.3232026100158691,227575,1.3574621677398682,0.0015,0.7815542221069336,0.0305949081910208,1.079563856124878,2.0963343243252464,0.0898554325103759,-,15.0,0.364,0.1366386413574218,1033,0,0,['cluster'],['intersecting']
figure_descending_markersize10_grid10_4d_umap.png,grid10_4d_umap,10000,16,10,0.4229132059277978,0.7010138034820557,0.5515622339710753,0.6718950271606445,0.8730160130690932,2.175504207611084,0.3407134766325551,1.1545164585113523,0.395695970978828,1.1459088325500488,0.2593404559202626,1.1168720722198486,0.2900347560423763,1.5123934745788574,0.3351332775348036,2.65283465385437,0.2277488013377706,1.1662676334381104,0.2464268977707135,1.1626379489898682,0.1870095993434312,1.5544288158416748,0.1967460854943231,1.1130244731903076,0.2073690391247642,2.6537559032440186,0.1710399444474818,1.5885629653930664,0.17892914716055,1.146000862121582,0.8456,3.0565903186798096,40101,0.7761142253875732,0.0015,0.7348344326019287,0.0305949081910208,1.06561279296875,2.096334324325246,0.0894999504089355,-,15.0,0.364,0.1374902725219726,1,0,9037,['cluster'],['intersecting']
figure_descending_markersize60_grid10_4d_umap.png,grid10_4d_umap,10000,16,60,0.138602938846459,1.2823305130004885,0.2193145105428149,1.801156520843506,0.6276895455873011,3.708715438842773,0.0979602861538809,1.740286350250244,0.1272057380922936,1.7336809635162354,0.0871851289859553,1.733320236206055,0.1141925992980839,2.230369329452514,0.1765119420951512,3.2976608276367188,0.0698196485706174,1.7658393383026123,0.0837050356559129,1.7334532737731934,0.0635936611311721,1.7768681049346924,0.0771926095248065,1.7751507759094238,0.1026954067690154,3.3054516315460205,0.0542387204664632,1.8887948989868164,0.0623746872682448,2.227234363555908,0.2323,1.199765682220459,186558,1.0133473873138428,0.0015,0.2585511207580566,0.0305949081910208,1.0688748359680176,2.096334324325246,0.0880749225616455,-,15.0,0.364,0.1367812156677246,447,0,151397,['cluster'],['intersecting']
figure_descending_markersize110_grid10_4d_umap.png,grid10_4d_umap,10000,16,110,0.1003598010733561,1.9023096561431885,0.1663435115652278,2.520371913909912,0.5292454743811204,3.9505362510681152,0.070145006968274,2.4512884616851807,0.0945777591361516,2.919388055801392,0.0667400313424758,2.5566327571868896,0.0930868542685676,2.5131967067718506,0.1631795436078856,4.097514629364014,0.0523198482119695,2.4408438205718994,0.0656491093867627,2.416693925857544,0.0499928177777719,2.4952409267425537,0.0646259737342618,2.5774359703063965,0.096460331532534,3.9583237171173096,0.0417184176837597,2.4535491466522217,0.0502722547850803,2.419443368911743,0.0841,1.2549269199371338,216929,1.237226963043213,0.0015,0.8637807369232178,0.0305949081910208,1.0822362899780271,2.096334324325246,0.0904581546783447,-,15.0,0.364,0.1349472999572754,851,0,363564,['cluster'],['intersecting']
figure_descending_markersize160_grid10_4d_umap.png,grid10_4d_umap,10000,16,160,0.0857071632346416,3.143860101699829,0.1463692914084192,3.688225030899048,0.4793151169101749,4.617861747741699,0.0606056247138028,3.0680246353149414,0.0835025899565967,3.1195223331451416,0.058848612055838,3.075134038925171,0.0852426984788435,3.234379291534424,0.1587938165385131,4.654431343078613,0.0462348304265306,3.232712984085083,0.0595081175147477,3.121199131011963,0.044807138886678,2.539132595062256,0.0601308956748566,3.2711000442504883,0.0951598040477186,4.698242425918579,0.037372960977189,3.0761423110961914,0.0462252811849426,3.013157367706299,0.0499,0.8003973960876465,227575,1.4619498252868652,0.0015,0.9191775321960448,0.0305949081910208,1.0601131916046145,2.096334324325246,0.0902867317199707,-,15.0,0.364,0.1340625286102295,992,0,593025,['cluster'],['intersecting']
figure_category_based_markersize10_italianwines_pca.png,italianwines_pca,102,13,10,0.792649923034811,0.3288874626159668,0.7166650095385914,0.3804013729095459,0.6131158465572082,1.4027774333953855,0.824716270936298,0.3444161415100097,0.7860157478786378,0.8934364318847656,0.7835267413526406,0.9065821170806884,0.710289334947648,0.8966286182403564,0.6115047023272064,1.9908952713012693,0.8142860422454606,0.8999145030975342,0.7783026021855923,0.9004805088043213,0.7746111806133933,1.4763996601104736,0.7040261000226373,0.3501737117767334,0.6099020034258424,2.555458307266236,0.8041163419064555,0.3336946964263916,0.770739363134384,1.4770853519439695,1.0,0.1262927055358886,65,0.733710527420044,0.0,0.7259583473205566,0.0284089083816031,0.0203747749328613,17.616714800023892,0.001810073852539,0.029189826805115112,1.3768682479858398,0.8823529411764706,0.0009386539459228,0,0,41,['cluster'],['intersecting']
figure_category_based_markersize60_italianwines_pca.png,italianwines_pca,102,13,60,0.520227332456356,0.9293997287750244,0.4392763825177925,0.9488449096679688,0.3238674401768497,2.015655517578125,0.5299072340555973,0.3361015319824219,0.5046001634747829,1.5311930179595947,0.5022630196304052,0.3388888835906982,0.4265977045806909,0.9333226680755616,0.3167731518031105,2.017782688140869,0.5140963233002221,0.3454203605651855,0.4905624889269783,0.9370267391204834,0.4854979693278975,1.5789141654968262,0.4146303755731535,0.340860366821289,0.309983000876019,2.018551826477051,0.499201581088231,1.5701208114624023,0.4772847138398899,0.3366007804870605,0.9803921568627452,0.7684707641601562,1224,0.7634866237640381,0.0,0.7872111797332764,0.0284089083816031,0.0204157829284667,17.616714800023892,0.0018396377563476,0.049866892865244136,0.834017276763916,0.8823529411764706,0.0009620189666748,0,0,1034,['cluster'],['intersecting']
figure_category_based_markersize110_italianwines_pca.png,italianwines_pca,102,13,110,0.4132759050606349,0.3454563617706299,0.3467718960801133,0.994478702545166,0.2411851745585177,2.0287768840789795,0.4270634855531926,0.9894728660583496,0.4067154302779387,0.9751420021057128,0.396543469643129,1.0242738723754885,0.3344068565567966,0.3558082580566406,0.2338318922248908,2.013695478439331,0.4126707853980741,0.9827303886413574,0.3932488928931974,0.991924285888672,0.3811132154562925,0.9791605472564696,0.3228932705446918,1.002695083618164,0.2269137197068977,2.0513129234313965,0.3992165693981762,0.9914348125457764,0.3806455416663158,0.9916326999664308,0.9607843137254902,0.8059370517730713,3242,0.8125016689300537,0.0,0.8102903366088867,0.0284089083816031,0.0190117359161376,17.616714800023892,0.0017635822296142,0.0636064934768831,1.633734941482544,0.8823529411764706,0.0009448528289794,0,0,2872,['cluster'],['intersecting']
figure_category_based_markersize160_italianwines_pca.png,italianwines_pca,102,13,160,0.3652811594197335,0.3489508628845215,0.3038955576000447,1.0218455791473389,0.2014144060012735,2.099069118499756,0.3823837949628721,1.0296921730041504,0.3589635833788039,0.3559021949768066,0.3503281691732285,1.0091311931610107,0.2919891953005086,1.0401418209075928,0.1941766744189774,2.0960850715637207,0.3697252776557629,1.0187983512878418,0.3467395690756258,1.032594919204712,0.336551253813781,1.035041332244873,0.2809806202167872,1.0438761711120603,0.1874410681354117,2.1370420455932617,0.3578780053998166,1.1464412212371826,0.335320681487975,1.0572896003723145,0.9411764705882352,0.1382336616516113,5355,0.8646430969238281,0.0,0.8526961803436279,0.0284089083816031,0.0203878879547119,17.616714800023892,0.0018303394317626,0.07323413117906304,1.8099946975708008,0.8823529411764706,0.0009598731994628,0,0,4938,['cluster'],['intersecting']
figure_ascending_markersize10_italianwines_pca.png,italianwines_pca,102,13,10,0.8104785871864439,0.3339807987213135,0.7200068972599811,1.066206693649292,0.5761353877553796,2.1394708156585693,0.8782955191856029,1.0545799732208252,0.82920284812727,0.329179048538208,0.801198811706183,1.0435402393341064,0.713576266887713,1.0557138919830322,0.574513877072598,2.0937466621398926,0.866850117998928,1.040677547454834,0.8208125881296985,1.0526189804077148,0.792129132851674,0.3336131572723388,0.7072594880316778,1.061995267868042,0.5729014681310557,2.107617855072021,0.8556991782792362,1.0561747550964355,0.8125904204006617,1.066312313079834,1.0,0.1223053932189941,65,0.8693170547485352,0.0,0.8795411586761475,0.0284089083816031,0.0197136402130126,17.616714800023896,0.0017728805541992,0.029189826805115116,1.4028613567352295,0.8823529411764706,0.0008704662322998,0,0,0,['cluster'],['intersecting']
figure_ascending_markersize60_italianwines_pca.png,italianwines_pca,102,13,60,0.5652853484386068,0.3394291400909424,0.4426724493659267,1.0919945240020752,0.2851894063440817,2.1500368118286133,0.6269605475077417,0.3337080478668213,0.5693329177757664,1.0765013694763184,0.5415959179322252,1.0918645858764648,0.4252760067834492,1.090349197387695,0.2787120444653219,2.144789695739746,0.604786261489804,0.337334394454956,0.5519863144401826,1.09749174118042,0.5198121347906477,1.0881836414337158,0.409195176796484,1.090167999267578,0.2725223822594735,2.149766445159912,0.5841269117686452,1.127755880355835,0.5356654999261071,0.3352386951446533,0.9803921568627452,0.917086124420166,1224,0.9295337200164796,0.0,0.1278460025787353,0.0284089083816031,0.0177390575408935,17.616714800023896,0.001816987991333,0.049866892865244136,1.5218961238861084,0.8823529411764706,0.0008878707885742,0,0,0,['cluster'],['intersecting']
figure_ascending_markersize110_italianwines_pca.png,italianwines_pca,102,13,110,0.4672040156031669,0.3460137844085693,0.3493511812329548,1.1346220970153809,0.2052042513724803,2.162452459335327,0.5276545269343567,1.1222004890441897,0.475134592472925,1.1296966075897217,0.4427040722840659,0.3461408615112304,0.3319655908580956,1.1295359134674072,0.1976689873826774,2.215399265289306,0.501950587113543,1.1384515762329102,0.4546300437893957,0.3432419300079345,0.420645627398111,1.131237506866455,0.316228369428389,1.1548621654510498,0.1906675236443173,2.205618381500244,0.4786345840896016,0.3490502834320068,0.4358220379403773,1.145702600479126,0.9607843137254902,0.9580531120300292,3242,0.1323497295379638,0.0,0.947709321975708,0.0284089083816031,0.0202891826629638,17.616714800023896,0.0018007755279541,0.0636064934768831,1.6290030479431152,0.8823529411764706,0.0008559226989746,0,0,0,['cluster'],['intersecting']
figure_ascending_markersize160_italianwines_pca.png,italianwines_pca,102,13,160,0.4221030786131471,0.3502604961395263,0.3061165832720037,1.1680951118469238,0.16805919778894,2.222608804702759,0.4801908830943121,1.1764936447143557,0.4268380739101194,0.3486440181732178,0.3989678380842137,1.1714332103729248,0.2905662628757077,1.1807959079742432,0.1602431674617064,2.2639827728271484,0.455597529822543,0.3478572368621826,0.4061315650969701,1.1714379787445068,0.3782368800768844,1.1765286922454834,0.2765194385597963,1.210813045501709,0.1531218379258332,1.419869899749756,0.4334005787423501,1.3039145469665527,0.3873411090025028,1.201885461807251,0.9411764705882352,0.1413872241973877,5355,1.0269098281860352,0.0,0.1261115074157714,0.0284089083816031,0.0203919410705566,17.616714800023896,0.0018482208251953,0.07323413117906304,1.767078876495361,0.8823529411764706,0.0008685588836669,0,0,0,['cluster'],['intersecting']
figure_descending_markersize10_italianwines_pca.png,italianwines_pca,102,13,10,0.7559481263589771,1.1763594150543213,0.714371240503457,1.208977460861206,0.6681075219038455,1.3789606094360352,0.806224218430358,1.1823012828826904,0.7832532450180876,1.187359094619751,0.7475935966067329,0.3324975967407226,0.7080176559476128,1.2019269466400146,0.6662197696794288,2.2522575855255127,0.7962234028142523,0.3287670612335205,0.7755906280425395,1.1964454650878906,0.7394217122157811,1.2005329132080078,0.701776092055702,1.221766233444214,0.6643426551672421,1.3866655826568604,0.78646765763538,1.210578203201294,0.7680764862758866,1.2119972705841064,1.0,0.121523380279541,65,1.0295331478118896,0.0,0.1252017021179199,0.0284089083816031,0.0199785232543945,17.616714800023896,0.0017852783203125,0.029189826805115112,1.5359411239624023,0.8823529411764706,0.0008800029754638,0,0,65,['cluster'],['intersecting']
figure_descending_markersize60_italianwines_pca.png,italianwines_pca,102,13,60,0.4409445137960041,1.2299444675445557,0.4355117454230017,0.3391783237457275,0.4255768134014889,2.2892422676086426,0.486271644655132,1.2280230522155762,0.4838806172137315,0.3328902721405029,0.4271257776042079,1.2193634510040283,0.4218791771560084,1.262150526046753,0.4145147084609926,2.301035165786743,0.4722007723354287,0.3238189220428467,0.4705252726608125,1.2631635665893557,0.4141468518849751,0.3309223651885986,0.4090741688152569,1.2428407669067385,0.4040131131799601,2.324374198913574,0.45892131566049,0.3350660800933838,0.4578873550111813,1.2527413368225098,0.9803921568627452,1.07556414604187,1224,0.1278448104858398,0.0,1.0674917697906494,0.0284089083816031,0.0190081596374511,17.616714800023896,0.001807689666748,0.049866892865244136,0.7185750007629395,0.8823529411764706,0.0009162425994873,0,0,1405,['cluster'],['intersecting']
figure_descending_markersize110_italianwines_pca.png,italianwines_pca,102,13,110,0.3370762182400456,1.2761332988739014,0.3431201979448376,1.2828922271728516,0.3448106866745913,1.4028105735778809,0.3786003536315064,1.2710599899291992,0.3775825753543103,1.2706151008605957,0.3221715987248154,0.3477201461791992,0.3270918952130384,1.2762527465820312,0.3296203904312726,2.3567185401916504,0.3652451482318876,0.3419477939605713,0.3641644713896094,1.272528886795044,0.308529250669079,1.3108868598937988,0.3124942346138308,0.3596105575561523,0.3157120079099111,2.351099729537964,0.3528000537219201,1.3109114170074463,0.3516673147456199,0.338878870010376,0.9607843137254902,1.1122493743896484,3242,0.1292958259582519,0.0,1.1072847843170166,0.0284089083816031,0.0201101303100585,17.616714800023896,0.0018060207366943,0.0636064934768831,0.7859082221984863,0.8823529411764706,0.0008649826049804,0,0,4178,['cluster'],['intersecting']
figure_descending_markersize160_italianwines_pca.png,italianwines_pca,102,13,160,0.2907136370335377,1.307990550994873,0.3004726493707268,1.3206501007080078,0.3062933456140634,1.4030017852783203,0.3337738316046373,1.3247201442718506,0.3302217620803014,1.3299577236175537,0.2766663396893329,0.352771520614624,0.2847468515253976,1.3316936492919922,0.288047875082159,2.396498918533325,0.3211312782283853,0.343332290649414,0.3172513266187976,1.3277056217193604,0.2639140020359402,0.3534567356109619,0.2705852657756629,1.4270892143249512,0.27185391382045,2.4994843006134038,0.3094115112029048,0.3474140167236328,0.3052612875489754,1.3374152183532717,0.9411764705882352,0.1365227699279785,5355,1.1453559398651123,0.0,1.15561842918396,0.0284089083816031,0.0200412273406982,17.616714800023896,0.0017924308776855,0.07323413117906304,0.9022488594055176,0.8823529411764706,0.0009145736694335,0,0,7646,['cluster'],['intersecting']
figure_category_based_markersize10_white_ballance_pca.png,white_ballance_pca,5473,5,10,0.4393022356212556,1.5191354751586914,0.6493620581287365,0.4862842559814453,0.0826811337665291,1.9365077018737795,0.7032225669958179,0.516000509262085,0.7100024396696097,1.759758472442627,0.2770618059153213,1.5231788158416748,0.5055078025451312,0.4799747467041015,0.0516098182701559,1.95519495010376,0.4569491083726886,0.5164451599121094,0.4680974924299153,1.7831196784973145,0.202336222780907,1.5391793251037598,0.4138311093534604,0.4879109859466553,0.0375126717333254,1.958180904388428,0.3384289310393085,0.5202856063842773,0.3491414881310641,1.7790391445159912,0.0243011145623972,0.2002139091491699,1007,1.2598695755004885,0.9236250685181802,0.1755287647247314,0.028168980878742,1.270474195480347,0.3098149117161972,0.049365758895874,-,15.0,0.7186186734880322,0.019036054611206,1105,0,4651,['cluster'],['intersecting']
figure_category_based_markersize60_white_ballance_pca.png,white_ballance_pca,5473,5,60,0.3036148217656553,0.7827877998352051,0.6850118613763272,1.868449687957764,-0.1501660564945464,1.210299730300903,0.5953805879655134,1.8479299545288088,0.6233329415162743,1.0366008281707764,0.2128627587016038,1.843211650848389,0.5308047153824083,0.7750654220581055,0.9259980661820192,2.263593435287476,0.4074626861702792,1.867043256759644,0.4234991886100523,1.0368106365203855,0.1638785887705565,1.858328342437744,0.4332689356629621,0.7771072387695312,0.1133899175621007,2.280410051345825,0.3097099979602511,0.8076817989349365,0.3206895963535766,2.0894088745117188,0.0180887995614836,0.272601842880249,3072,1.3575160503387451,0.9236250685181802,1.289320945739746,0.028168980878742,1.2695488929748535,0.3098149117161972,0.0489795207977294,-,15.0,0.7186186734880322,0.0190026760101318,1922,0,10369,['cluster'],['intersecting']
figure_category_based_markersize110_white_ballance_pca.png,white_ballance_pca,5473,5,110,0.2625687321040122,2.216057538986206,0.6301731260058034,1.1333532333374023,-0.1508761400555585,2.645728588104248,0.578795023588391,2.2279505729675293,0.6109973837736289,1.3917949199676514,0.1902635982466727,2.231584072113037,0.4661893632563975,1.1114914417266846,-0.4584196986334965,2.6481850147247314,0.3900899814589549,2.2426931858062744,0.4056901108091101,1.3813955783843994,0.1491823544180123,2.2406554222106934,0.3699269155927357,1.134328842163086,0.4414740174287122,2.6537632942199707,0.2941786588760241,1.1413495540618896,0.3036557421069685,2.51371693611145,0.016078932943541,0.3483419418334961,4864,1.4982590675354004,0.9236250685181802,0.1796443462371826,0.028168980878742,1.2382242679595947,0.3098149117161972,0.0486922264099121,-,15.0,0.7186186734880322,0.018761396408081,1954,0,12558,['cluster'],['intersecting']
figure_category_based_markersize160_white_ballance_pca.png,white_ballance_pca,5473,5,160,0.2359658113622702,2.539449691772461,0.5378796732422217,2.5422840118408203,-0.196146258181358,1.8959577083587649,0.5707913714172725,2.5834527015686035,0.605664215968259,1.7068419456481934,0.1742368524421047,2.592500925064087,0.3482718734359956,1.4538557529449463,-0.5421076685821045,3.0037379264831543,0.380669694855324,1.5358047485351562,0.3964145310143721,2.840179204940796,0.1381077007725155,2.628281354904175,0.2575004634763462,1.4435019493103027,0.7097572518438451,3.074320077896118,0.2855555937179804,1.5495173931121826,0.2946251080679311,2.943528890609741,0.0151653572081125,0.4682073593139648,6429,1.6623709201812744,0.9236250685181802,0.1820926666259765,0.028168980878742,1.26554536819458,0.3098149117161972,0.0495193004608154,-,15.0,0.7186186734880322,0.0195045471191406,1957,0,14370,['cluster'],['intersecting']
figure_ascending_markersize10_white_ballance_pca.png,white_ballance_pca,5473,5,10,0.6904576657952963,1.643296241760254,0.6996180407684263,0.4856517314910888,-0.0806561313672293,2.074477195739746,0.7149573877202848,0.5120315551757812,0.7150792884367869,1.8790841102600095,0.3433791848401598,1.6725058555603027,0.5343621209179499,0.4819998741149902,-0.0765658142638074,2.0749001502990723,0.4633240003900144,0.5142638683319092,0.4709054746772065,1.9203205108642576,0.2285113547031508,0.4962372779846191,0.4322587996867786,1.6394243240356443,-0.0728703383439033,0.9252200126647948,0.3427064746915578,1.6847388744354248,0.3510384808578208,0.763230562210083,0.0243011145623972,1.3965792655944824,1007,0.1999742984771728,0.9236250685181802,1.3754348754882812,0.028168980878742,1.273975849151611,0.3098149117161972,0.0484397411346435,-,15.0,0.7186186734880322,0.018932819366455,341,0,0,['cluster'],['intersecting']
figure_ascending_markersize60_white_ballance_pca.png,white_ballance_pca,5473,5,60,0.5242882350377533,0.7467682361602783,0.7291846400758797,0.7744498252868652,-0.2090477887312576,2.38557505607605,0.6224453936544047,1.9984371662139893,0.6360560207209007,1.0181007385253906,0.2896234691843583,1.955143690109253,0.5540942870488978,0.7604186534881592,-0.3045252355425871,2.419885635375977,0.414265776695334,0.7946736812591553,0.427515192148118,1.0273056030273438,0.2000732289165255,1.946422100067139,0.4468077148561494,1.986546277999878,-0.5605365452533861,1.2053864002227783,0.310438309896578,2.0656096935272217,0.3219566970239907,1.0693435668945312,0.0180887995614836,1.5162949562072754,3072,0.2677929401397705,0.9236250685181802,0.1753556728363037,0.028168980878742,1.269401788711548,0.3098149117161972,0.0484194755554199,-,15.0,0.7186186734880322,0.0184645652770996,1162,0,0,['cluster'],['intersecting']
figure_ascending_markersize110_white_ballance_pca.png,white_ballance_pca,5473,5,110,0.5018030593359459,1.394953727722168,0.7300222292692764,1.376997947692871,-0.2298140502928438,1.8649475574493408,0.6145729147882054,1.4078607559204102,0.6246419027931758,1.559835433959961,0.2801039363412826,1.335681676864624,0.5486179012724256,1.4458458423614502,-0.3500569177500445,1.932922840118408,0.3937714783139016,1.4840121269226074,0.4059322857879434,1.5965962409973145,0.1942731005113543,1.3348345756530762,0.4394246142061732,1.4041087627410889,-0.734207626669906,1.9539291858673096,0.2896920222916789,1.3273937702178955,0.3006602934211532,1.6951789855957031,0.016078932943541,0.6202027797698975,4864,0.6308417320251465,0.9236250685181802,0.4881956577301025,0.028168980878742,1.2327611446380615,0.3098149117161972,0.0500504970550537,-,15.0,0.7186186734880322,0.0196020603179931,1115,0,0,['cluster'],['intersecting']
figure_ascending_markersize160_white_ballance_pca.png,white_ballance_pca,5473,5,160,0.4919539442049685,1.8521583080291748,0.7253474237900708,1.7749667167663574,-0.21722993481797,2.1179914474487305,0.6160683870236028,1.810063123703003,0.6192769902486637,2.055483102798462,0.2742553142175801,1.7870676517486572,0.5350715537981858,1.8146297931671145,-0.3252784828765498,2.227976560592652,0.3837462320415645,1.8100879192352293,0.3921733955498333,1.9687535762786863,0.1901225873830779,1.7741620540618896,0.4238782212363451,1.8699605464935305,-0.6471819577514475,2.225752830505371,0.2786616664081827,1.870708703994751,0.2869441529861728,2.102214097976685,0.0151653572081125,0.8165154457092285,6429,0.8161830902099609,0.9236250685181802,0.3748373985290527,0.028168980878742,1.2501511573791504,0.3098149117161972,0.0502822399139404,-,15.0,0.7186186734880322,0.0181522369384765,675,0,0,['cluster'],['intersecting']
figure_descending_markersize10_white_ballance_pca.png,white_ballance_pca,5473,5,10,0.4311588879831125,0.8098359107971191,0.125261720706528,0.928170919418335,0.1438238651321743,1.312248706817627,0.4795683412886069,0.9131782054901124,0.4470166217104793,1.1115944385528564,0.2689522782340695,0.9364142417907716,0.1146897150289277,0.927166223526001,0.0828696047074859,1.3358466625213623,0.3482946691316886,0.9655160903930664,0.3369465821895192,1.191342830657959,0.1954295719032025,1.1462116241455078,0.1057633581459596,0.8592722415924072,0.0582026367249682,1.2661497592926023,0.2734440216595281,1.0166354179382324,0.2703721581383848,1.0846607685089111,0.0243011145623972,0.6014387607574463,1007,0.5992646217346191,0.9236250685181802,0.3760991096496582,0.0281689808787422,1.2154347896575928,0.3098149117161973,0.0489296913146972,-,15.0,0.7186186734880322,0.0192863941192626,257,0,65294,['cluster'],['intersecting']
figure_descending_markersize60_white_ballance_pca.png,white_ballance_pca,5473,5,60,0.2986694141574775,1.1251935958862305,0.06648050574572,1.3282513618469238,-0.2546918728855705,1.592651128768921,0.4941674345468543,1.186931848526001,0.462218481581172,1.4447500705718994,0.2059617970987913,1.1670417785644531,0.0632753226157717,1.1289973258972168,-1.743016395584,1.8209223747253416,0.3539029519032609,1.1737403869628906,0.3388284053708514,1.414767503738403,0.1571745002182858,1.3614935874938965,0.0603649833501018,1.1518573760986328,0.3598576207665194,1.609084129333496,0.2756597029277379,1.3977575302124023,0.267435898883921,1.4381909370422363,0.0180887995614836,0.5105152130126953,3072,0.7498209476470947,0.9236250685181802,0.6414408683776855,0.0281689808787422,1.2459783554077148,0.3098149117161973,0.0484328269958496,-,15.0,0.7186186734880322,0.0190060138702392,261,0,443725,['cluster'],['intersecting']
figure_descending_markersize110_white_ballance_pca.png,white_ballance_pca,5473,5,110,0.2574784206458198,1.7304487228393557,0.0616769285642552,1.5083723068237305,-0.2017654947951004,1.774099826812744,0.5048615925429774,1.750885248184204,0.4691680071856404,1.8228299617767332,0.1836319611761028,1.5887463092803955,0.0583560339955362,1.4889986515045166,-0.426412092191279,2.2091257572174072,0.350956268328525,1.5572688579559326,0.3307895420930742,1.5761895179748535,0.1427036428028895,1.735184907913208,0.0553744843526928,1.513498306274414,3.760100562789965,2.0520198345184326,0.2689636289166029,1.3567843437194824,0.2554469120357127,2.054382085800171,0.016078932943541,0.6311814785003662,4864,0.8976960182189941,0.9236250685181802,0.4633350372314453,0.0281689808787422,1.2508175373077393,0.3098149117161973,0.0489711761474609,-,15.0,0.7186186734880322,0.0183353424072265,263,0,896831,['cluster'],['intersecting']
figure_descending_markersize160_white_ballance_pca.png,white_ballance_pca,5473,5,160,0.2307973617504688,1.861511707305908,0.0589551733683396,2.121626615524292,-0.236925400365769,2.339871883392334,0.5089861041846909,1.6874792575836182,0.4722027293021678,2.200197696685791,0.1678167701486765,1.962876558303833,0.0557213922044987,2.131208896636963,-0.5196494270731333,2.1623024940490723,0.3470222361776545,1.935725212097168,0.3253935342075759,2.2359063625335693,0.1318399402196052,1.969385862350464,0.0528239196566913,1.910207271575928,2.688249809956424,2.4148473739624023,0.2632528554707923,1.9730539321899412,0.248220929023027,1.9146549701690676,0.0151653572081125,1.0599236488342283,6429,0.743588924407959,0.9236250685181802,0.5111560821533203,0.0281689808787422,1.2232534885406494,0.3098149117161973,0.0488197803497314,-,15.0,0.7186186734880322,0.0190925598144531,266,0,1344170,['cluster'],['intersecting']
figure_category_based_markersize10_UnEvenDensity_umap.png,UnEvenDensity_umap,905,2,10,1.0,0.8504679203033447,1.0,0.8618841171264648,1.0,1.0445818901062012,1.0,1.1687002182006836,1.0,0.5957076549530029,0.609887965282077,0.8973515033721924,0.6624419473971663,0.8855307102203369,0.8167061948013101,0.8098342418670654,0.602102768978361,0.8983240127563477,0.6290308921575132,0.9120917320251464,0.4387329582437818,0.6323299407958984,0.4952622027194118,0.9046087265014648,0.6901973045182762,1.0827107429504397,0.4307203388179833,0.9261696338653564,0.45882207597473,0.946984052658081,0.9779005524861878,0.486588716506958,1344,0.7818794250488281,0.0,0.4656310081481933,0.0291901558043586,0.1145441532135009,6.000571036263913,0.0089850425720214,-,15.0,0.0,0.002392292022705,0,0,0,['cluster'],['separated']
figure_category_based_markersize60_UnEvenDensity_umap.png,UnEvenDensity_umap,905,2,60,1.0,0.6814758777618408,1.0,0.9781219959259032,1.0,1.202669382095337,1.0,0.7161962985992432,1.0,1.0058507919311523,0.3543000795068549,0.698284387588501,0.4134140683626267,1.013580322265625,0.590517004717707,1.1793270111083984,0.3531587449460138,0.6865384578704834,0.383825343053551,0.9567720890045166,0.2152883858684798,1.0111596584320068,0.2605683437114426,1.041384220123291,0.4189600063954213,0.908378839492798,0.2144461367252041,1.0345056056976318,0.2374900147108721,0.7206215858459473,0.8828729281767956,0.6124000549316406,17181,0.4923262596130371,0.0,0.8371865749359131,0.0291901558043586,0.1133754253387451,6.000571036263913,0.0086901187896728,-,15.0,0.0,0.0025122165679931,0,0,0,['cluster'],['separated']
figure_category_based_markersize110_UnEvenDensity_umap.png,UnEvenDensity_umap,905,2,110,1.0,0.4315996170043945,1.0,1.1310794353485107,1.0,1.3186039924621582,1.0,0.7839298248291016,1.0,0.7544558048248291,0.2354005463434764,1.078026294708252,0.2629598747835945,1.1136083602905271,0.3036629790964404,0.9913668632507324,0.2390309150262733,1.1545138359069824,0.255584674678334,0.8054845333099365,0.1334016883297168,0.8167097568511963,0.1513838805254047,1.144209384918213,0.1790109956656451,1.352930784225464,0.1357382801696598,0.7938971519470215,0.1465159534935894,1.1633293628692627,0.7679558011049724,0.6414573192596436,46241,0.5348284244537354,0.0,0.5381231307983398,0.0291901558043586,0.118190050125122,6.000571036263913,0.0089757442474365,-,15.0,0.0,0.0024747848510742,0,0,0,['cluster'],['separated']
figure_category_based_markersize160_UnEvenDensity_umap.png,UnEvenDensity_umap,905,2,160,1.0,0.8828654289245605,1.0,0.8466587066650391,1.0,1.039879322052002,1.0,1.2346806526184082,1.0,0.8686378002166748,0.1937816342230118,1.2543704509735107,0.2066665222849026,0.8773212432861328,0.220546935028468,1.4101219177246094,0.1964876874367935,0.8640532493591309,0.2046086671150253,1.226781129837036,0.1072858287207438,0.886934757232666,0.1152415458993261,1.2390003204345703,0.1239408554066,1.4708094596862793,0.1089472392664396,0.8828856945037842,0.1139632699386179,0.8797507286071777,0.6508287292817679,0.6079521179199219,69071,0.5940001010894775,0.0,0.5462849140167236,0.0291901558043586,0.1148407459259033,6.000571036263913,0.0085959434509277,-,15.0,0.0,0.0025246143341064,0,0,0,['cluster'],['separated']
figure_ascending_markersize10_UnEvenDensity_umap.png,UnEvenDensity_umap,905,2,10,1.0,1.1295883655548096,1.0,0.7343020439147949,1.0,0.9314322471618652,1.0,1.120654582977295,1.0,0.7275826930999756,0.6111846954682463,1.1417028903961182,0.6628935782214374,0.7485487461090088,0.8366459030822397,0.9398584365844728,0.6031563146579537,0.7268133163452148,0.6296411962316196,1.1657793521881104,0.4400762963037121,0.7258765697479248,0.4957672533945984,1.1615536212921145,0.7191670234358437,0.9293019771575928,0.4317994353894068,0.7375741004943848,0.4594717781212885,1.1707763671875,0.9779005524861878,0.6056046485900879,1344,0.5965533256530762,0.0,0.1259634494781494,0.0291901558043586,0.1185228824615478,6.000571036263912,0.0090487003326416,-,15.0,0.0,0.002387523651123,0,0,0,['cluster'],['separated']
figure_ascending_markersize60_UnEvenDensity_umap.png,UnEvenDensity_umap,905,2,60,1.0,0.848513126373291,1.0,0.8056743144989014,1.0,1.0016741752624512,1.0,0.8355498313903809,1.0,1.2575891017913818,0.3596186330930678,0.8385024070739746,0.4145210374914025,0.8215584754943848,0.5362916024240567,1.4524354934692385,0.3575688528759108,0.8354072570800781,0.3862698719540005,0.8450183868408203,0.2192286747143177,0.8305480480194092,0.2614484627632861,0.829477071762085,0.3663923793237866,1.0380403995513916,0.2177070579196071,1.2805290222167969,0.2393646033130205,0.8461833000183105,0.8828729281767956,0.7515871524810791,17181,0.6338474750518799,0.0,0.6421232223510742,0.0291901558043586,0.1159541606903076,6.000571036263912,0.0094728469848632,-,15.0,0.0,0.0023186206817626,0,0,0,['cluster'],['separated']
figure_ascending_markersize110_UnEvenDensity_umap.png,UnEvenDensity_umap,905,2,110,1.0,0.4286551475524902,1.0,0.9376003742218018,1.0,1.5765058994293213,1.0,0.9018340110778807,1.0,0.9208579063415528,0.2448281976058088,0.9141061305999756,0.2645051866181176,0.9038500785827636,0.2302857625276776,1.554673671722412,0.2467475175166594,0.9461357593536376,0.2590490807616465,0.9525043964385986,0.1394895914302202,0.9228825569152832,0.1524090908129469,1.4063663482666016,0.1301259591246744,1.1287117004394531,0.1407370130553938,0.909343719482422,0.1487974634431265,0.9188222885131836,0.7679558011049724,0.7830309867858887,46241,0.6768970489501953,0.0,0.6563892364501953,0.0291901558043586,0.1180243492126464,6.000571036263912,0.0091514587402343,-,15.0,0.0,0.0024380683898925,0,0,0,['cluster'],['separated']
figure_ascending_markersize160_UnEvenDensity_umap.png,UnEvenDensity_umap,905,2,160,1.0,1.0182909965515137,1.0,1.0414111614227295,1.0,1.1985981464385986,1.0,0.960956335067749,1.0,0.9919555187225342,0.2052633631676237,1.517124891281128,0.2084122367905944,1.036431074142456,0.1453718671462536,1.2061107158660889,0.2062035451855041,1.0104594230651855,0.2085554708710439,0.995694637298584,0.1143696289222153,1.0076897144317627,0.1163282319015452,0.9866483211517334,0.0783832966679781,1.212208271026611,0.1149537031540339,1.559465408325195,0.1164174873851376,1.0160291194915771,0.6508287292817679,0.7842977046966553,69071,0.1762065887451172,0.0,0.6746625900268555,0.0291901558043586,0.1178138256072998,6.000571036263912,0.0089178085327148,-,15.0,0.0,0.0023283958435058,0,0,0,['cluster'],['separated']
figure_descending_markersize10_UnEvenDensity_umap.png,UnEvenDensity_umap,905,2,10,1.0,0.8729076385498047,1.0,0.8376061916351318,1.0,1.5790152549743652,1.0,0.8863198757171631,1.0,0.8529715538024902,0.6085765615503584,0.9051904678344728,0.6619902219960068,0.8773603439331055,1.1908606823157375,1.055724859237671,0.6008308267115576,0.8840179443359375,0.6283020810115554,0.8917245864868164,0.4373769657268743,0.8792686462402344,0.4947573873365453,0.3368396759033203,1.4717622247352318,1.6454827785491943,0.4294197143433595,0.8796439170837402,0.4580469739830874,0.8929071426391602,0.9779005524861878,0.7520034313201904,1344,0.1248540878295898,0.0,0.684420108795166,0.0291901558043586,0.1140346527099609,6.000571036263913,0.0086424350738525,-,15.0,0.0,0.0024549961090087,0,0,0,['cluster'],['separated']
figure_descending_markersize60_UnEvenDensity_umap.png,UnEvenDensity_umap,905,2,60,1.0,0.9565606117248536,1.0,0.9293713569641112,1.0,1.6883153915405271,1.0,0.3958420753479004,1.0,1.5006239414215088,0.35080900624098,0.9543399810791016,0.4125141081161843,0.3900494575500488,0.9945527782248712,1.714087963104248,0.3501761581429036,0.4008560180664062,0.3822623118603773,0.97658109664917,0.2127158149471681,0.9879846572875975,0.2598537160079375,0.9628803730010986,0.9891645793888382,0.5579807758331299,0.2122506350427896,1.5321893692016602,0.2362943724825834,0.3791806697845459,0.8828729281767956,0.8931295871734619,17181,0.7289113998413086,0.0,0.7501399517059326,0.0291901558043586,0.1183640956878662,6.000571036263913,0.0088632106781005,-,15.0,0.0,0.0026593208312988,0,0,0,['cluster'],['separated']
figure_descending_markersize110_UnEvenDensity_umap.png,UnEvenDensity_umap,905,2,110,1.0,1.066136360168457,1.0,1.0293383598327637,1.0,1.7970521450042725,1.0,0.4472272396087646,1.0,1.6462008953094482,0.227943513352366,0.4458193778991699,0.2612450009626379,1.586852788925171,0.4077866786191991,0.635697603225708,0.2324457320090587,1.030092716217041,0.2527865799911023,1.6477508544921875,0.1286321937646514,0.437770128250122,0.1502483104907088,1.0523524284362793,0.2561130931033524,1.835529088973999,0.1315069846615029,0.4509737491607666,0.1446798525562005,1.6411077976226809,0.7679558011049724,0.2508583068847656,46241,0.7867558002471924,0.0,0.746556282043457,0.0291901558043586,0.1145186424255371,6.000571036263913,0.0086715221405029,-,15.0,0.0,0.0025134086608886,0,0,0,['cluster'],['separated']
figure_descending_markersize160_UnEvenDensity_umap.png,UnEvenDensity_umap,905,2,160,1.0,0.5025815963745117,1.0,1.165754318237305,1.0,1.3185975551605225,1.0,1.12563157081604,1.0,1.0726354122161863,0.1840852373772038,1.1232569217681885,0.2043125556920247,1.1102356910705566,0.299882832330211,1.3100125789642334,0.1877895961909906,1.1305654048919678,0.2013248914518627,1.116163969039917,0.1013732809305004,1.141552448272705,0.1137795758051664,1.1228013038635254,0.1763895089308673,1.2810685634613037,0.1036246099218299,1.134329319000244,0.1119295477516054,1.13891863822937,0.6508287292817679,0.8756048679351807,69071,0.846001386642456,0.0,0.1282744407653808,0.0291901558043586,0.1166813373565673,6.000571036263913,0.0087847709655761,-,15.0,0.0,0.0024588108062744,0,0,0,['cluster'],['separated']
figure_category_based_markersize10_breast-cancer-wisconsin_umap.png,breast-cancer-wisconsin_umap,454,2,10,0.9688377838973096,0.9797909259796144,0.9734712165218764,0.9645450115203856,1.0038258395948092,1.1391019821166992,0.9691896596744448,0.9553091526031494,0.9757593318981004,0.970472812652588,0.7783891735107344,0.985342264175415,0.782211483038683,0.980553150177002,0.7775572985582524,1.168748140335083,0.7763688503657327,0.3130264282226562,0.7795192466480886,0.990084171295166,0.6505147007609298,0.9824995994567872,0.6537650295699048,0.970829963684082,0.6345302607249443,1.1593551635742188,0.6475403466254924,0.98215913772583,0.6489962095390063,0.959270715713501,0.9933920704845814,0.7886905670166016,365,0.7819576263427734,0.0,0.1133899688720703,0.0300870676742292,0.0494449138641357,7.829685614188779,0.0047376155853271,0.016278756377279196,12.579227685928345,0.0506607929515418,0.0013039112091064,0,0,9,['cluster'],['touching']
figure_category_based_markersize60_breast-cancer-wisconsin_umap.png,breast-cancer-wisconsin_umap,454,2,60,0.8237447306674966,1.0391111373901367,0.8426171437416212,0.9978652000427246,1.0105981771645427,1.1920619010925293,0.8310108818212454,1.0050530433654783,0.8547955018013208,1.0437004566192627,0.4415205347722124,1.0025582313537598,0.446943877648674,0.3443062305450439,0.4585560991198938,1.1780176162719729,0.4387767448125546,1.0496959686279297,0.4445250492845956,1.049431085586548,0.3015834040075273,1.0495524406433103,0.304131058922956,1.040663242340088,0.2965595928771296,1.2067465782165527,0.2980827585777615,0.3323748111724853,0.3003622153212669,1.0336461067199707,0.9823788546255506,0.8759644031524658,8072,0.853590726852417,0.0,0.826284646987915,0.0300870676742292,0.0511865615844726,7.829685614188779,0.0047967433929443,0.02852424800487013,13.587838172912598,0.0506607929515418,0.0013389587402343,0,0,306,['cluster'],['touching']
figure_category_based_markersize110_breast-cancer-wisconsin_umap.png,breast-cancer-wisconsin_umap,454,2,110,0.691575222469009,1.067566156387329,0.720353828492358,1.0774755477905271,1.0119691073567567,1.214742660522461,0.7007693177418518,1.1062438488006592,0.7382080166875682,1.0831847190856934,0.327469413535657,1.0969476699829102,0.3351457140296352,1.1059467792510986,0.3572978035715752,0.5620987415313721,0.3244649260409508,1.0830192565917969,0.3331210360394722,1.0676960945129397,0.214524771953966,1.0796804428100586,0.2183717517977732,1.0684397220611572,0.2169480212549958,1.2551074028015137,0.2111044609662943,1.1427233219146729,0.2150911356252663,0.3807480335235595,0.9493392070484582,0.9269735813140868,20729,0.8899035453796387,0.0,0.1131634712219238,0.0300870676742292,0.0492911338806152,7.829685614188779,0.0047569274902343,-,15.0,0.0506607929515418,0.0013825893402099,0,0,1119,['cluster'],['touching']
figure_category_based_markersize160_breast-cancer-wisconsin_umap.png,breast-cancer-wisconsin_umap,454,2,160,0.6027616623642618,0.4107496738433838,0.6363818718536753,1.145662784576416,1.0058411990548797,1.2845172882080078,0.6123072597707858,1.114677667617798,0.6558353954881158,1.100046157836914,0.2720731520292855,1.112478494644165,0.2801335279091491,1.1404879093170166,0.3060499416817394,0.6024880409240723,0.2690909800658612,1.133352279663086,0.2784798193742701,1.147783279418945,0.1756872195198502,1.1544039249420166,0.1795954787820418,0.4235692024230957,0.1804829869129709,1.2985353469848633,0.172435689782762,1.1167089939117432,0.176769762313748,1.1331357955932615,0.9118942731277532,0.965376615524292,33766,0.1402370929718017,0.0,0.8594353199005127,0.0300870676742292,0.0511794090270996,7.829685614188779,0.0048952102661132,-,15.0,0.0506607929515418,0.0013453960418701,0,0,2157,['cluster'],['touching']
figure_ascending_markersize10_breast-cancer-wisconsin_umap.png,breast-cancer-wisconsin_umap,454,2,10,0.9849250834786696,1.0355229377746582,0.987562365344498,1.0392191410064695,0.989909891657598,1.214460372924805,0.9842202350787044,0.3105874061584472,0.9864956324628156,1.0751662254333496,0.7898506574181547,1.0640521049499512,0.7918188764645034,1.0475940704345703,0.7661775112142005,1.2701785564422607,0.7870036895133798,0.3073360919952392,0.7868603518894772,1.0359578132629397,0.6592746169844272,1.0600707530975342,0.6608355056928124,1.0744004249572754,0.6249343110005168,1.2603108882904053,0.6556296274087742,0.3136255741119385,0.6544254870739243,1.0374655723571775,0.9933920704845814,0.8807034492492676,365,0.896686315536499,0.0,0.1108129024505615,0.0300870676742292,0.0500190258026123,7.829685614188779,0.0055820941925048,0.0162787563772792,10.028305292129517,0.0506607929515418,0.0012924671173095,0,0,0,['cluster'],['touching']
figure_ascending_markersize60_breast-cancer-wisconsin_umap.png,breast-cancer-wisconsin_umap,454,2,60,0.9081312217003016,1.1072776317596436,0.9120181177329848,1.116192102432251,0.923096343718372,0.4986281394958496,0.9088471604411226,1.0674314498901367,0.9096681091237416,1.098033428192139,0.471567605581925,1.1217880249023438,0.4698503051175783,0.3341615200042724,0.4296866983149995,1.258439540863037,0.4661951991786367,1.1226415634155271,0.4628747299400728,1.123128890991211,0.31847022367252,0.3385770320892334,0.3164351225974968,1.1095387935638428,0.2800145027307116,1.3177831172943115,0.3135038537433156,1.1400964260101318,0.3104123367860221,0.3423511981964111,0.9823788546255506,0.9667091369628906,8072,0.9510869979858398,0.0,0.1233046054840087,0.0300870676742292,0.0514390468597412,7.829685614188779,0.0049579143524169,0.028524248004870138,11.762807369232178,0.0506607929515418,0.0014653205871582,0,0,0,['cluster'],['touching']
figure_ascending_markersize110_breast-cancer-wisconsin_umap.png,breast-cancer-wisconsin_umap,454,2,110,0.819962131668307,1.2072937488555908,0.8317820836644321,0.381610631942749,0.8501061334748894,1.3152248859405518,0.8214513137829342,1.150874137878418,0.8251041628486049,1.1682178974151611,0.3653837234563426,0.3708448410034179,0.3652186104669955,1.1599137783050537,0.3226113688403933,1.3408033847808838,0.3599250209698021,0.3788244724273681,0.3573228404060287,1.1695880889892578,0.2350657412515979,1.1680517196655271,0.2339764596580268,1.2017822265625,0.1990808105281647,1.362442970275879,0.2304489804178423,0.3759145736694336,0.2280391933037319,1.163743257522583,0.9493392070484582,1.041494846343994,20729,0.136005163192749,0.0,0.9498343467712402,0.0300870676742292,0.0504839420318603,7.829685614188779,0.0050387382507324,0.03590630434813845,12.942140817642212,0.0506607929515418,0.0014574527740478,0,0,0,['cluster'],['touching']
figure_ascending_markersize160_breast-cancer-wisconsin_umap.png,breast-cancer-wisconsin_umap,454,2,160,0.7541695359474092,0.4070343971252441,0.7693678243536352,1.247964859008789,0.7856151194968587,1.3682055473327637,0.756188152597269,1.2334022521972656,0.7601818526844842,0.4036538600921631,0.3142647303269824,1.207115650177002,0.3136314465144185,1.257554292678833,0.268825532820621,1.4106426239013672,0.3089627152859338,0.3953340053558349,0.3058741987384515,1.2410173416137695,0.1984875460301264,1.2565240859985352,0.1969611590767421,0.4076941013336181,0.1621565110212474,1.3950998783111572,0.1941426844874286,1.2182376384735107,0.1914549395576691,0.3927857875823974,0.9118942731277532,1.0362217426300049,33766,1.0432803630828855,0.0,0.1172997951507568,0.0300870676742292,0.0507705211639404,7.829685614188779,0.005012035369873,-,15.0,0.0506607929515418,0.0012636184692382,0,0,0,['cluster'],['touching']
figure_descending_markersize10_breast-cancer-wisconsin_umap.png,breast-cancer-wisconsin_umap,454,2,10,0.9688270417408404,0.3176748752593994,0.973468622066232,1.1668083667755127,1.003821488702594,0.4927377700805664,0.9691794593809884,1.1553120613098145,0.9757555800816272,1.139375925064087,0.7773035153351198,0.3137459754943847,0.7819092079386124,1.1259031295776367,0.7809387122061656,1.3256592750549316,0.7753335728549265,0.3204364776611328,0.7790398263355104,1.1690001487731934,0.649004435357644,1.163975954055786,0.6533440016770962,0.3121786117553711,0.6390481250548965,1.352320909500122,0.6461057582484737,1.157280206680298,0.648333512062117,0.2981686592102051,0.9933920704845814,0.9842376708984376,365,0.1104745864868164,0.0,0.9815962314605712,0.0300870676742292,0.049267292022705,7.82968561418878,0.0047118663787841,0.0162787563772792,10.252166032791138,0.0506607929515418,0.0012252330780029,0,0,9,['cluster'],['touching']
figure_descending_markersize60_breast-cancer-wisconsin_umap.png,breast-cancer-wisconsin_umap,454,2,60,0.7919496869038642,0.3171892166137695,0.8258670916387276,1.1922483444213867,1.0569514711824666,1.379511833190918,0.8097499328267945,0.3401763439178467,0.8438574724965252,1.189028024673462,0.4286199735036109,1.198286533355713,0.4405845357481827,0.3421962261199951,0.4776294151853574,1.3573424816131592,0.4295203830216144,1.2135322093963623,0.4400390988032071,0.3427407741546631,0.2938210910084357,1.2173876762390137,0.3004288280161145,1.2146782875061035,0.3085248918806127,0.5105836391448975,0.2922773933296912,1.252321720123291,0.2976175926220668,1.212996006011963,0.9823788546255506,0.1641516685485839,8072,1.032085418701172,0.0,0.1099507808685302,0.0300870676742292,0.0494954586029052,7.82968561418878,0.0046818256378173,0.028524248004870124,11.6933753490448,0.0506607929515418,0.0012922286987304,0,0,362,['cluster'],['touching']
figure_descending_markersize110_breast-cancer-wisconsin_umap.png,breast-cancer-wisconsin_umap,454,2,110,0.6470587899120299,1.274449586868286,0.6965197061933339,0.3622815608978271,1.109165135962353,1.4247040748596191,0.6712594527454714,1.2457928657531738,0.7223723830916708,1.2849910259246826,0.3127050211079594,0.3704190254211426,0.3275993738249699,1.247136116027832,0.3807945559465482,0.5310773849487305,0.3135986125897697,1.229069471359253,0.3276602285011638,1.2686712741851809,0.2061707186855572,1.273444652557373,0.2141644872983358,0.3655881881713867,0.2298535161779666,1.4541823863983154,0.204589251977134,0.3748250007629394,0.2118843221998778,1.2495663166046145,0.9493392070484582,1.1107752323150637,20729,0.1288485527038574,0.0,1.0413250923156738,0.0300870676742292,0.051175832748413,7.82968561418878,0.0049328804016113,0.03590630434813845,13.065879344940186,0.0506607929515418,0.001399278640747,0,0,1306,['cluster'],['touching']
figure_descending_markersize160_breast-cancer-wisconsin_umap.png,breast-cancer-wisconsin_umap,454,2,160,0.5519864112664776,0.3956294059753418,0.6085886143897398,1.3307716846466064,1.1569973197674146,0.5768799781799316,0.5785198773614448,1.3119637966156006,0.6372690230704516,1.2912263870239258,0.2559609888864572,0.3858981132507324,0.2715521460471063,1.3053171634674072,0.3321248468378195,0.5704290866851807,0.2570487144362995,1.2930550575256348,0.2721212646672304,1.3130733966827393,0.1666096887729869,0.4019672870635986,0.1747664558768227,1.2996504306793213,0.1938914246715369,1.4747917652130127,0.1652325235418448,0.3828887939453125,0.1729963580979293,1.303581953048706,0.9118942731277532,1.1553094387054443,33766,0.1395628452301025,0.0,1.0780296325683594,0.0300870676742292,0.0501799583435058,7.82968561418878,0.0048737525939941,0.0413511350190409,14.313223838806152,0.0506607929515418,0.0013387203216552,0,0,2559,['cluster'],['touching']
figure_category_based_markersize10_ionosphere_umap.png,ionosphere_umap,351,2,10,0.9189661425302242,0.6227939128875732,0.9202970602559148,0.5213794708251953,0.9655179783311678,0.7875933647155762,0.9203790971328216,0.5958647727966309,0.9213005008029054,0.5395331382751465,0.7701828101719577,0.5529720783233643,0.7985492257095189,0.5912976264953613,0.8354823464830743,0.7921874523162842,0.7714866552322388,0.5625803470611572,0.7819638939592483,0.5598516464233398,0.6628632865220814,0.629509449005127,0.7052503289980878,0.5720548629760742,0.736315611223923,0.7661211490631104,0.6640597502805934,0.5881917476654053,0.6792367737472307,0.6173961162567139,0.9943019943019944,0.3250181674957275,225,0.231022834777832,0.0,0.3354222774505615,0.0298978923798962,0.0441958904266357,7.72826257292075,0.0041632652282714,0.01719748903436087,7.571864128112793,0.3076923076923077,0.0013401508331298,0,0,19,['cluster'],['intersecting']
figure_category_based_markersize60_ionosphere_umap.png,ionosphere_umap,351,2,60,0.6695771755593958,0.5536391735076904,0.6770693992255497,0.6380550861358643,0.7762253137584094,0.9155929088592528,0.6622755349748066,0.5432212352752686,0.6565268250005316,0.7898757457733154,0.4064815274315042,0.6835474967956543,0.4286436791214346,0.690605878829956,0.4453326120827612,0.869748592376709,0.394192567143414,0.7025086879730225,0.4024826809586197,0.6897404193878174,0.2918180375178474,0.6955041885375977,0.313585141880374,0.7121751308441162,0.3122326994247889,0.9192173480987548,0.2806059089056104,0.7377362251281738,0.2901922921234132,0.721139669418335,0.9857549857549858,0.4266502857208252,6132,0.4099748134613037,0.0,0.2669715881347656,0.0298978923798962,0.0438268184661865,7.72826257292075,0.0039806365966796,0.03377806696103959,8.57009506225586,0.3076923076923077,0.0013513565063476,0,0,698,['cluster'],['intersecting']
figure_category_based_markersize110_ionosphere_umap.png,ionosphere_umap,351,2,110,0.5300221059954682,0.7768697738647461,0.5364342933406407,0.6274697780609131,0.6351909745606301,1.0882623195648191,0.5134246151069256,0.6432890892028809,0.5044137974594679,0.7785954475402832,0.2961545632025927,0.8041837215423584,0.3080303052283581,0.8069744110107422,0.31423109983423,0.9794154167175292,0.2814982053569491,0.8084557056427002,0.284200919970846,0.804837703704834,0.2054857865108974,0.8168087005615234,0.2160430814194849,0.8074312210083008,0.2087502810772936,0.9876244068145752,0.1939060964817619,0.8301146030426025,0.1978327188883001,0.8260147571563721,0.9401709401709402,0.537372350692749,16500,0.5101189613342285,0.0,0.3147697448730469,0.0298978923798962,0.0443603992462158,7.72826257292075,0.0041534900665283,0.04386232600596601,9.583826303482056,0.3076923076923077,0.0011258125305175,0,0,2522,['cluster'],['intersecting']
figure_category_based_markersize160_ionosphere_umap.png,ionosphere_umap,351,2,160,0.4496611407198,0.5465273857116699,0.4489875158838039,0.8930459022521973,0.5415191725270769,0.9180259704589844,0.4282838563122563,0.9202604293823242,0.4154609172767839,0.7449836730957031,0.2482983261040463,0.738957405090332,0.2521618804570592,0.9027490615844728,0.2535176985355543,1.101715326309204,0.233386356776075,0.7447476387023926,0.2317433598923486,0.9154212474822998,0.1714992323089146,0.9531252384185792,0.1753100507124383,0.7659728527069092,0.1654988274349875,0.9666082859039308,0.1603956985436992,0.7560198307037354,0.1606871957944136,0.7638063430786133,0.8917378917378918,0.5964510440826416,26859,0.3478167057037353,0.0,0.5323946475982666,0.0298978923798962,0.0443973541259765,7.72826257292075,0.0040342807769775,0.0510527276424365,10.731419801712036,0.3076923076923077,0.0010943412780761,0,0,5348,['cluster'],['intersecting']
figure_ascending_markersize10_ionosphere_umap.png,ionosphere_umap,351,2,10,0.9301738387830396,0.8803658485412598,0.9360698279221866,0.7092459201812744,0.9297098942252632,0.8972756862640381,0.931166985515828,0.7288327217102051,0.9339175117184206,0.9321334362030028,0.7787375039000699,0.7555022239685059,0.8109011684497451,0.7654318809509277,0.8049093465092825,0.9311630725860596,0.7786549236607503,0.7471923828125,0.7905948636256854,0.762371301651001,0.6697063979639728,0.7632172107696533,0.7152587530783658,0.7712538242340088,0.7096489078159045,0.9390592575073242,0.6690705700929507,0.7627935409545898,0.6854092665317079,0.7526721954345703,0.9943019943019944,0.6051163673400879,225,0.3697021007537842,0.0,0.3577556610107422,0.0298978923798962,0.0444741249084472,7.72826257292075,0.0040781497955322,0.01719748903436087,6.288774251937866,0.3076923076923077,0.0010664463043212,0,0,0,['cluster'],['intersecting']
figure_ascending_markersize60_ionosphere_umap.png,ionosphere_umap,351,2,60,0.6991445390879001,0.815108060836792,0.702278399740641,0.7784421443939209,0.6711164447502951,1.223989963531494,0.692815071798419,0.5706977844238281,0.6977895396480379,1.045792818069458,0.4209485481434637,0.5817885398864746,0.4414957221913477,1.051184892654419,0.4013666425427673,0.7523503303527832,0.4053417663290342,1.0567445755004885,0.4177168115636683,0.5709512233734131,0.301127262840254,1.07848858833313,0.3219452188280534,0.5875082015991211,0.2862933547203081,1.275041103363037,0.2864737473730457,0.5922472476959229,0.2980771743245332,1.1204171180725098,0.9857549857549858,0.4243142604827881,6132,0.4047801494598388,0.0,0.6783568859100342,0.0298978923798962,0.044046401977539,7.72826257292075,0.0039708614349365,0.03377806696103959,6.892521858215332,0.3076923076923077,0.0010573863983154,0,0,0,['cluster'],['intersecting']
figure_ascending_markersize110_ionosphere_umap.png,ionosphere_umap,351,2,110,0.5652628147650368,1.1126739978790283,0.5608551165400069,0.6244585514068604,0.5112175279343784,1.3087258338928225,0.548262673432693,0.6348121166229248,0.5516382689305298,0.8838450908660889,0.3116188752534338,0.8981153964996338,0.3198550641151267,0.8963685035705566,0.2722757157493705,1.0955286026000977,0.2935770430060096,0.9325244426727296,0.2979924890773687,0.6518535614013672,0.2150996577324151,0.956059455871582,0.2237216347832183,0.9734187126159668,0.1855500703354589,1.1322598457336426,0.2004579045541261,0.6490702629089355,0.2041317732261357,0.9102964401245116,0.9401709401709402,0.7682745456695557,16500,0.4431629180908203,0.0,0.4210996627807617,0.0298978923798962,0.0441665649414062,7.72826257292075,0.0039546489715576,0.04386232600596601,7.751252174377441,0.3076923076923077,0.0010344982147216,0,0,0,['cluster'],['intersecting']
figure_ascending_markersize160_ionosphere_umap.png,ionosphere_umap,351,2,160,0.4878158878570663,0.9470391273498536,0.4730564506288304,0.9574074745178224,0.4065628764430699,1.1423120498657229,0.4661977152886735,0.6739420890808105,0.4655318963806776,0.9614980220794678,0.264407710552898,0.9724953174591064,0.2637975268168436,0.6911132335662842,0.2106216652895355,1.1484787464141846,0.2459831433398219,0.9993269443511964,0.2445734223652583,0.9760792255401612,0.1813525278427843,0.6950395107269287,0.1828936096052615,1.0131564140319824,0.1421250939938466,1.2191965579986572,0.1670669094314515,0.999990463256836,0.1658533521050286,0.6896932125091553,0.8917378917378918,0.8317720890045166,26859,0.4792590141296386,0.0,0.4494142532348633,0.0298978923798962,0.0442011356353759,7.72826257292075,0.0041160583496093,0.05105272764243648,9.473609209060667,0.3076923076923077,0.0010230541229248,1,0,0,['cluster'],['intersecting']
figure_descending_markersize10_ionosphere_umap.png,ionosphere_umap,351,2,10,0.8795655431575954,0.6376638412475586,0.9079193322420088,0.9593908786773682,0.983328428227113,0.8163068294525146,0.9090617676270234,0.9723958969116212,0.9174008633285134,0.982987642288208,0.7404292047790411,0.6729114055633545,0.7882270159506488,0.9671099185943604,0.8507302492003658,0.8125121593475342,0.7620316400139105,0.9834213256835938,0.7789513094597385,0.9764518737792968,0.6392999045895185,0.6691336631774902,0.696417315820049,0.6480662822723389,0.7496435996360746,1.1689295768737793,0.6559408634617443,0.9887161254882812,0.6768104573810221,0.6513626575469971,0.9943019943019944,0.856210470199585,225,0.5058717727661133,0.0,0.4909725189208984,0.0298978923798962,0.0444176197052001,7.728262572920751,0.0040583610534667,0.017197489034360882,6.158594131469727,0.3076923076923077,0.0010559558868408,0,0,40,['cluster'],['intersecting']
figure_descending_markersize60_ionosphere_umap.png,ionosphere_umap,351,2,60,0.5594695266137611,0.7106616497039795,0.6249221686904821,0.7030613422393799,0.8350072234889763,1.233588457107544,0.6208212600364766,0.6900231838226318,0.641353235939756,1.05820631980896,0.3539597923012287,0.7009720802307129,0.4008452715946229,1.0561773777008057,0.4694527295450883,0.8883359432220459,0.3713709622289476,1.0606420040130615,0.3927552414822411,0.7009494304656982,0.2588693936607945,1.0518267154693604,0.2950499082142427,0.7061808109283447,0.3265108445194816,1.2733538150787354,0.2649230422778652,0.7215597629547119,0.2830434258116514,1.0684268474578855,0.9857549857549858,0.5480568408966064,6132,0.5235905647277832,0.0,0.5286393165588379,0.0298978923798962,0.044025182723999,7.728262572920751,0.0040445327758789,0.03377806696103959,7.514061212539673,0.3076923076923077,0.0010290145874023,0,0,1321,['cluster'],['intersecting']
figure_descending_markersize110_ionosphere_umap.png,ionosphere_umap,351,2,110,0.4003162468299817,0.7531869411468506,0.4582815730072976,0.7368423938751221,0.7130184267864185,1.3135859966278076,0.4641888523047552,0.7633113861083984,0.4871854953460249,1.20805025100708,0.2391465664324278,0.8335456848144531,0.2715501397330007,0.7658443450927734,0.3380384580199788,1.3247945308685305,0.2562714457935303,0.7581696510314941,0.2729348801650157,0.7606194019317627,0.1705016123720473,1.162550449371338,0.1929363035710029,0.7767822742462158,0.2215330928022513,0.9565749168395996,0.1769933648749823,1.1936264038085938,0.1895681057687395,0.7973637580871582,0.9401709401709402,0.583925724029541,16500,0.5619237422943115,0.0,0.535062313079834,0.0298978923798962,0.044743537902832,7.728262572920751,0.0041007995605468,0.04386232600596601,8.383825778961182,0.3076923076923077,0.0010404586791992,0,0,4335,['cluster'],['intersecting']
figure_descending_markersize160_ionosphere_umap.png,ionosphere_umap,351,2,160,0.3186239984614087,0.7774696350097656,0.3668914930288206,0.7949984073638916,0.6211692050741036,1.383711338043213,0.3768051635607765,0.7886962890625,0.3981856764218981,0.7887070178985596,0.1888805263422442,0.7866928577423096,0.2126258360467476,1.2137818336486816,0.2746316976102153,1.0008463859558103,0.2050966963351578,0.7998666763305664,0.2190890095491131,0.7929940223693848,0.1342244308150526,1.2294559478759766,0.1496873072586019,0.8041741847991943,0.1762855946770077,0.9853034019470216,0.1408925683351647,1.2556922435760498,0.151118610290478,0.8217372894287109,0.8917378917378918,0.6125390529632568,26859,0.5999457836151123,0.0,0.5687847137451172,0.0298978923798962,0.0437946319580078,7.728262572920751,0.0042295455932617,0.051052727642436506,9.327377796173096,0.3076923076923077,0.0010411739349365,1,0,8488,['cluster'],['intersecting']
figure_category_based_markersize10_swissroll_pca.png,swissroll_pca,1809,16,10,0.2984569477868271,1.279721975326538,0.3133940908546661,0.839275598526001,0.2721960850477708,2.2787556648254395,0.3164051312655027,0.8475358486175537,0.3171773404592145,0.8408370018005371,0.2869366496002952,1.2831993103027344,0.2999668410278793,0.8700213432312012,0.285032175578099,2.304713010787964,0.3031153823076231,0.8649718761444092,0.3038820459062176,1.3049609661102295,0.2762726547200888,0.8817043304443359,0.2876428914784568,0.873729944229126,0.2991388184186204,2.292131185531616,0.2908970326219671,0.8991975784301758,0.2916565213645561,0.8406486511230469,0.8805970149253731,1.2616090774536133,5616,0.151993989944458,0.0,0.6249330043792725,0.0282480362428076,0.1773035526275634,4.154700478204544,0.0165560245513916,-,15.0,0.4925373134328358,0.0234580039978027,0,0,1296,['linear'],['intersecting']
figure_category_based_markersize60_swissroll_pca.png,swissroll_pca,1809,16,60,0.1604148767908143,1.0013906955718994,0.164249068835986,1.013624906539917,0.1756589570621528,2.441349506378174,0.1673621155740031,1.0193743705749512,0.1677902281726601,1.0039703845977783,0.1552319050458415,1.0683658123016355,0.1590358336877784,1.063725233078003,0.1730781100846027,2.9468507766723637,0.1621066390042681,1.174777269363403,0.1625355153457978,1.016735315322876,0.1503733722515718,1.0421991348266602,0.1541433521239561,1.0574495792388916,0.1705720025420332,2.456181526184082,0.1571711765609247,1.0605828762054443,0.1575999335693173,1.542661190032959,0.6716417910447762,0.9753966331481934,56430,0.1914026737213134,0.0,0.6906044483184814,0.0282480362428076,0.1819908618927002,4.154700478204544,0.0168700218200683,-,15.0,0.4925373134328358,0.0231945514678955,0,0,13230,['linear'],['intersecting']
figure_category_based_markersize110_swissroll_pca.png,swissroll_pca,1809,16,110,0.1366860805138642,1.7334411144256592,0.1377662568250905,0.6652331352233887,0.1610589074058187,3.1385915279388428,0.1406811652447909,1.2090497016906738,0.1410505300866537,1.189286470413208,0.1306948193099035,1.213698148727417,0.1315474795375435,1.202035427093506,0.1568308054509787,2.633214235305786,0.1344108605563259,1.2217981815338137,0.1347749271794317,1.1856491565704346,0.1252067243463867,1.2449171543121338,0.1258658857314641,1.2465660572052002,0.1528190162748485,2.6480863094329834,0.1286756538958591,1.2294602394104004,0.1290339638646431,1.213572978973389,0.5373134328358209,1.0562655925750732,116046,0.8043923377990723,0.0,0.7372548580169678,0.0282480362428076,0.1779055595397949,4.154700478204544,0.01686692237854,-,15.0,0.4925373134328358,0.0227901935577392,0,0,30996,['linear'],['intersecting']
figure_category_based_markersize160_swissroll_pca.png,swissroll_pca,1809,16,160,0.12431068038418,0.7664330005645752,0.124736897427751,1.3570780754089355,0.1514246254809854,2.7605209350585938,0.1275138994351941,1.4164206981658936,0.1278667645931029,1.9175865650177,0.1179578950051959,0.8058919906616211,0.1178494545159491,1.934615135192871,0.1464612964409508,2.8330020904541016,0.1205762486997616,0.8016462326049805,0.1209171044552859,1.9622173309326167,0.1122228474435463,0.7956476211547852,0.1116828033625796,1.992079257965088,0.1418130125747657,2.258441209793091,0.1143545584373135,2.075753927230835,0.11468394122989,0.7954788208007812,0.373134328358209,1.0849792957305908,170748,0.8782515525817871,0.0,0.7884347438812256,0.0282480362428076,0.1789774894714355,4.154700478204544,0.0172324180603027,-,15.0,0.4925373134328358,0.0225746631622314,0,0,48195,['linear'],['intersecting']
figure_ascending_markersize10_swissroll_pca.png,swissroll_pca,1809,16,10,0.3570145860922611,0.3991649150848388,0.3155935443492401,1.0224394798278809,0.8454071465532985,2.446068286895752,0.3185963412070912,1.0273022651672363,0.3179772594665349,1.012920618057251,0.3436814001229129,0.4123508930206299,0.3008192536590555,1.6405153274536133,1.097654496411063,1.859740972518921,0.3051631077915773,1.0441842079162598,0.3046308734589841,0.9938876628875732,0.3313082515103639,1.6665852069854736,0.2873663970931832,0.4148333072662353,1.564443444889437,2.470133781433105,0.2928168363444402,1.0267786979675293,0.2923597262512968,1.6573727130889893,0.8805970149253731,0.2707571983337402,5616,0.810086727142334,0.0,0.8180403709411621,0.0282480362428076,0.1786255836486816,4.154700478204544,0.0167734622955322,-,15.0,0.4925373134328358,0.0231049060821533,0,0,0,['linear'],['intersecting']
figure_ascending_markersize60_swissroll_pca.png,swissroll_pca,1809,16,60,0.2001644458045958,1.161918878555298,0.1657451688140264,1.185295343399048,0.6589173118449168,2.610055446624756,0.1687846163588328,1.185584545135498,0.1683896866681217,0.512962818145752,0.1934431052595767,1.203244686126709,0.1576554324643204,1.167560338973999,0.7812610431231515,3.2664453983306885,0.1657589583431131,0.5360918045043945,0.1653800104256797,1.1810226440429688,0.1871584928196517,1.2177598476409912,0.1503186385014991,1.2155299186706543,0.9593957753942804,2.623009443283081,0.1628398667881198,1.2183446884155271,0.1624760306214328,1.1948788166046145,0.6716417910447762,1.1622791290283203,56430,0.90710186958313,0.0,0.1490411758422851,0.0282480362428076,0.1789681911468505,4.154700478204544,0.0170977115631103,-,15.0,0.4925373134328358,0.0229489803314209,0,0,0,['linear'],['intersecting']
figure_ascending_markersize110_swissroll_pca.png,swissroll_pca,1809,16,110,0.1719275255726811,1.3835117816925049,0.139153261118522,1.3375649452209473,0.5429779744676021,2.7739875316619877,0.1421310879371787,1.3551828861236572,0.1416343822845722,1.354067325592041,0.1636139535372507,1.3897616863250732,0.130313096128635,0.6831865310668945,0.6290494613142134,2.778617143630981,0.1374617963635697,1.35318922996521,0.1371772235078582,1.3425118923187256,0.1560673040395019,1.4096531867980957,0.1225290390903536,1.3899662494659424,0.7475490315813565,2.8187098503112797,0.1330895378613016,0.6761565208435059,0.1329920348153322,0.6495108604431152,0.5373134328358209,1.2192740440368652,116046,0.985138177871704,0.0,0.93497633934021,0.0282480362428076,0.1756002902984619,4.154700478204544,0.0168421268463134,-,15.0,0.4925373134328358,0.0223414897918701,0,0,0,['linear'],['intersecting']
figure_ascending_markersize160_swissroll_pca.png,swissroll_pca,1809,16,160,0.1574189753342616,0.7849521636962891,0.1261126629411719,1.5534746646881104,0.5032288735382292,2.940711498260498,0.1289753373687776,1.4919135570526123,0.1284216887024152,1.486619472503662,0.1475644621172367,1.5650722980499268,0.1168491716885778,1.5512652397155762,0.5776045600875134,2.24519157409668,0.1233164623288594,1.496528387069702,0.1233491265370996,1.497009515762329,0.1388710585486653,1.5492262840270996,0.1088534409318882,1.554426908493042,0.6777780856992843,2.988677263259888,0.1181332890610811,0.7787702083587646,0.1186620624251389,0.7791032791137695,0.373134328358209,1.237351417541504,170748,1.0404703617095947,0.0,0.156116247177124,0.0282480362428076,0.1786122322082519,4.154700478204544,0.0167803764343261,-,15.0,0.4925373134328358,0.0227437019348144,0,0,0,['linear'],['intersecting']
figure_descending_markersize10_swissroll_pca.png,swissroll_pca,1809,16,10,0.2706078930932257,1.2438652515411377,0.3123450966253668,0.4068732261657715,0.1375092376278426,2.604029655456543,0.311090939961107,1.1800718307495115,0.3111023277495823,1.176788091659546,0.2590395514399558,1.164804458618164,0.2974981169812567,0.3974251747131347,0.1393511465031112,2.6012659072875977,0.2961199138216648,1.233443260192871,0.2961844634229623,1.1602497100830078,0.248419741322141,0.4119472503662109,0.2839985587482395,1.210556983947754,0.1412430693107826,2.631082057952881,0.2825236670000831,1.1989355087280271,0.2826318070281024,1.1976134777069092,0.8805970149253731,0.2704765796661377,5616,0.966533660888672,0.0,0.9853763580322266,0.0282480362428076,0.1759264469146728,4.154700478204544,0.0167956352233886,-,15.0,0.4925373134328358,0.0225317478179931,0,0,5292,['linear'],['intersecting']
figure_descending_markersize60_swissroll_pca.png,swissroll_pca,1809,16,60,0.1368042242932893,1.311750411987305,0.1629497172129125,1.3205015659332275,0.0482768333946601,2.7575786113739014,0.1613227703529556,1.3544692993164062,0.1615528248385001,0.5314478874206543,0.1284807507894038,1.3352692127227783,0.1566744602804911,1.3541007041931152,0.0475071339571299,2.778348684310913,0.1514523405244486,0.5311279296875,0.1516976540308614,1.3052597045898438,0.1211120255826573,1.3528704643249512,0.1508646056891457,1.399285078048706,0.0467615926889868,1.9692003726959229,0.1427201029243325,1.3810875415802002,0.1429757371450218,1.347339391708374,0.6716417910447762,1.344989538192749,56430,0.2010581493377685,0.0,1.0190117359161377,0.0282480362428076,0.1790831089019775,4.154700478204544,0.0169219970703125,-,15.0,0.4925373134328358,0.0227727890014648,0,0,60750,['linear'],['intersecting']
figure_descending_markersize110_swissroll_pca.png,swissroll_pca,1809,16,110,0.1108759623039667,0.6726822853088379,0.1362924810920639,1.512117862701416,0.024584730737635,2.930482625961304,0.1341659025099529,1.511563777923584,0.1346617329823122,0.6434578895568848,0.1023393405303899,1.551105260848999,0.1287551330943046,1.5309410095214844,0.0237403927063278,2.140475034713745,0.1237710315603065,1.5755894184112549,0.124248041852826,1.4880073070526123,0.0950232586499636,1.541517972946167,0.1220077688599666,0.6657037734985352,0.0229521248927399,2.960590362548828,0.114871079868117,1.5356495380401611,0.1153293656592538,0.6442451477050781,0.5373134328358209,1.4133317470550537,116046,1.159043788909912,0.0,0.1514344215393066,0.0282480362428076,0.1771848201751709,4.154700478204544,0.0168790817260742,-,15.0,0.4925373134328358,0.0227031707763671,0,0,140238,['linear'],['intersecting']
figure_descending_markersize160_swissroll_pca.png,swissroll_pca,1809,16,160,0.098723723232646,0.7800366878509521,0.1232637625846937,0.7880117893218994,0.0135008361249069,3.1049904823303223,0.1212425700530007,1.677218675613403,0.1217206517097453,0.7637050151824951,0.0896771359259334,1.6629111766815186,0.1146924975334803,1.6748554706573486,0.0129157532321123,2.2297463417053223,0.1096657331140011,1.6650292873382568,0.1101216659211888,1.6655523777008057,0.0821493480267272,1.6847319602966309,0.1072357554720271,0.7799601554870605,0.0123792751894536,3.154491901397705,0.1001070222387583,1.6797125339508057,0.1005409345150758,0.7715163230895996,0.373134328358209,1.3658223152160645,170748,1.1868464946746826,0.0,0.1572904586791992,0.0282480362428076,0.1800904273986816,4.154700478204544,0.0166406631469726,-,15.0,0.4925373134328358,0.0225894451141357,0,0,223074,['linear'],['intersecting']
figure_category_based_markersize10_n100-d5-c3-spr0.1-out0_umap.png,n100-d5-c3-spr0.1-out0_umap,100,3,10,1.0,0.3038854598999023,1.0,1.30548095703125,1.0,1.5020465850830078,1.0,0.3045592308044433,1.0,1.1935460567474363,0.793922932650859,1.246272087097168,0.798727750180476,0.3038077354431152,0.7710065754322283,1.4533185958862305,0.7665632702727125,1.2588331699371338,0.7903098002237314,0.3004343509674072,0.6582688238951735,1.2147266864776611,0.6649015244466647,0.2995898723602295,0.6273480069296431,1.4638876914978027,0.6214856845086812,1.2179019451141355,0.6533158658058886,0.3092491626739502,1.0,1.0951581001281738,78,1.1558141708374023,0.0,0.1099579334259033,0.0251764511962712,0.0102200508117675,6.201363060914233,0.0018482208251953,0.03252384086277159,1.76493501663208,0.01,0.0005598068237304,0,0,0,['cluster'],['separated']
figure_category_based_markersize60_n100-d5-c3-spr0.1-out0_umap.png,n100-d5-c3-spr0.1-out0_umap,100,3,60,1.0,0.3012030124664306,1.0,1.2350058555603027,1.0,0.5641191005706787,1.0,1.2183890342712402,1.0,1.2542719841003418,0.4233261236347306,1.25207257270813,0.4270878275203579,0.3157474994659424,0.3642614161020296,1.4895894527435305,0.4301317081624377,0.3154575824737549,0.4327419154427909,1.2300517559051514,0.2684931424186662,1.2428317070007324,0.2715268118543888,0.3157341480255127,0.2226892607949576,1.4992733001708984,0.2739922262261631,1.2624094486236572,0.2761140106449359,0.3053028583526611,1.0,1.0656702518463137,2191,0.1111562252044677,0.0,1.0646660327911377,0.0251764511962712,0.0103378295898437,6.201363060914233,0.0016958713531494,0.06388339897361438,1.7641770839691162,0.01,0.0006496906280517,0,0,0,['cluster'],['separated']
figure_category_based_markersize110_n100-d5-c3-spr0.1-out0_umap.png,n100-d5-c3-spr0.1-out0_umap,100,3,110,1.0,0.312518835067749,1.0,1.281036376953125,1.0,0.5725228786468506,1.0,1.282515048980713,1.0,1.2792277336120603,0.3103554724726247,0.3150892257690429,0.3153437401957569,1.2682514190673828,0.2568954195943154,0.5621263980865479,0.32581187910438,1.2865073680877686,0.3224987863016714,1.2894129753112793,0.183680926618807,0.310575008392334,0.1871858062204333,1.283318281173706,0.1473780876271498,1.59126877784729,0.1946088823817985,0.3181395530700683,0.1922495099664753,1.269176721572876,0.95,1.1130774021148682,5644,0.1146502494812011,0.0,1.1346995830535889,0.0251764511962712,0.0110759735107421,6.201363060914233,0.0018384456634521,0.08448307238850881,0.8536484241485596,0.01,0.0006437301635742,0,0,0,['cluster'],['separated']
figure_category_based_markersize160_n100-d5-c3-spr0.1-out0_umap.png,n100-d5-c3-spr0.1-out0_umap,100,3,160,0.9643128341104172,1.299607276916504,0.9751170588818824,0.3267602920532226,1.0333391480611391,1.5513968467712402,0.9678359340860953,0.324798583984375,0.9751843093996496,1.311532497406006,0.2629704380755345,1.3101215362548828,0.2703640830325092,0.3232357501983642,0.2200030029180343,1.5528550148010254,0.2852479698807516,1.332077980041504,0.2776017482071742,0.3200256824493408,0.1522438520519974,1.3142035007476809,0.1569387059851534,0.3213820457458496,0.1231064911318282,1.5685861110687256,0.1672741382753229,1.3042538166046145,0.1618353841606884,0.319164514541626,0.83,1.1321353912353516,8658,0.1148414611816406,0.0,1.1232140064239502,0.0251764511962712,0.0104269981384277,6.201363060914233,0.0017693042755126,0.10009648665065753,2.022882461547852,0.01,0.0006458759307861,0,0,0,['cluster'],['separated']
figure_ascending_markersize10_n100-d5-c3-spr0.1-out0_umap.png,n100-d5-c3-spr0.1-out0_umap,100,3,10,1.0,0.30074143409729,1.0,1.3221306800842283,1.0,0.5596778392791748,1.0,1.3129563331604004,1.0,0.3011331558227539,0.7980621396381531,1.3072271347045898,0.7989783382926076,1.340390920639038,0.7631950194741887,0.5639631748199463,0.7679506461678143,1.3099398612976074,0.7910390621092611,0.3071651458740234,0.6639795333494979,1.303391695022583,0.6652488991387271,1.3302171230316162,0.6170698141510769,0.5522139072418213,0.6233115936298885,1.3236782550811768,0.6543131687028519,0.299741268157959,1.0,1.1496038436889648,78,1.1611647605895996,0.0,0.1063642501831054,0.0251764511962712,0.0102198123931884,6.201363060914233,0.0017042160034179,0.032523840862771596,1.6683349609375,0.01,0.0005555152893066,0,0,0,['cluster'],['separated']
figure_ascending_markersize60_n100-d5-c3-spr0.1-out0_umap.png,n100-d5-c3-spr0.1-out0_umap,100,3,60,1.0,0.3186299800872803,1.0,0.3060073852539062,1.0,1.612725019454956,1.0,1.343432903289795,1.0,0.3120875358581543,0.4524960171063019,1.4253249168395996,0.4294855614627612,1.4826037883758545,0.3145514209087835,0.5545370578765869,0.4449397623191125,1.364199161529541,0.4388061766237235,0.3126530647277832,0.2924037819018557,1.3680152893066406,0.27346807576171,0.3179197311401367,0.1866277172801008,1.6229090690612793,0.2861238115011324,1.3748948574066162,0.2810709151249076,0.307091474533081,1.0,1.1931610107421875,2191,0.1098525524139404,0.0,1.2122232913970947,0.0251764511962712,0.0106160640716552,6.201363060914233,0.0017910003662109,0.0638833989736144,0.6780028343200684,0.01,0.0005550384521484,0,0,0,['cluster'],['separated']
figure_ascending_markersize110_n100-d5-c3-spr0.1-out0_umap.png,n100-d5-c3-spr0.1-out0_umap,100,3,110,1.0,0.6469073295593262,1.0,0.5870583057403564,1.0,0.8985536098480225,1.0,0.6282992362976074,1.0,0.5654535293579102,0.3481736204765077,0.5632679462432861,0.31911334673764,0.6221072673797607,0.1969879643342335,0.8566498756408691,0.3481153319927198,0.5501003265380859,0.3315135509230535,0.5515923500061035,0.2107810026480788,0.6283719539642334,0.1898482245178679,0.6499202251434326,0.1092549358726245,0.824368953704834,0.2107382789699611,0.7129800319671631,0.1986911857189228,0.5908522605895996,0.95,0.3062226772308349,5644,0.2303555011749267,0.0,0.3514468669891357,0.0251764511962712,0.0119524002075195,6.201363060914233,0.0019645690917968,0.08448307238850881,1.1379220485687256,0.01,0.0014536380767822,0,0,0,['cluster'],['separated']
figure_ascending_markersize160_n100-d5-c3-spr0.1-out0_umap.png,n100-d5-c3-spr0.1-out0_umap,100,3,160,0.9674605821942815,0.5274093151092529,0.9753758087780664,0.5953853130340576,1.0446069367602702,0.969907522201538,0.9695091600810456,0.658315896987915,0.9757657714568836,0.7462794780731201,0.305048294897417,0.6348609924316406,0.2749132239496611,0.6583106517791748,0.1494361248533245,0.9068012237548828,0.3111994342179656,0.6782598495483398,0.2882469561563806,0.5648338794708252,0.1810706874769725,0.7600183486938477,0.1600057076963315,0.6521461009979248,0.0804741742870345,0.9292962551116944,0.1853466037847112,0.6789495944976807,0.1691000540637222,0.6946377754211426,0.83,0.3768866062164306,8658,0.4065582752227783,0.0,0.2575917243957519,0.0251764511962712,0.0108263492584228,6.201363060914233,0.0018050670623779,0.10009648665065747,1.1663978099822998,0.01,0.0006453990936279,0,0,0,['cluster'],['separated']
figure_descending_markersize10_n100-d5-c3-spr0.1-out0_umap.png,n100-d5-c3-spr0.1-out0_umap,100,3,10,1.0,0.7123134136199951,1.0,0.5826151371002197,1.0,1.056654930114746,1.0,0.5549252033233643,1.0,0.8298139572143555,0.7894584606178908,0.5750117301940918,0.7978036755814627,0.8252601623535156,0.7825303073377805,0.8585286140441895,0.7629369205611051,0.7098045349121094,0.7883509245432425,0.6980388164520264,0.6521531355469639,0.5720000267028809,0.6636217890346106,0.7279973030090332,0.6427513654378002,0.938523292541504,0.6167324312250567,0.7404494285583496,0.6506429464703354,0.7343318462371826,1.0,0.4465951919555664,78,0.4543454647064209,0.0,0.284271240234375,0.0251764511962712,0.010796308517456,6.201363060914234,0.0017149448394775,0.03252384086277159,0.9552865028381348,0.01,0.0005309581756591,0,0,0,['cluster'],['separated']
figure_descending_markersize60_n100-d5-c3-spr0.1-out0_umap.png,n100-d5-c3-spr0.1-out0_umap,100,3,60,1.0,0.7875912189483643,1.0,0.7995121479034424,1.0,0.8892600536346436,1.0,0.8053605556488037,1.0,0.6385741233825684,0.3942750682859294,0.7754001617431641,0.4251007093771372,0.6418514251708984,0.4081663439842048,1.074188470840454,0.4169490617904228,0.6571309566497803,0.4270470781937999,0.8559939861297607,0.2455433433826369,0.7103221416473389,0.2699224718102531,0.6844913959503174,0.2564126863643563,1.0884790420532229,0.2633832252182549,0.694007396697998,0.2714938713508524,0.6679611206054688,1.0,0.5058162212371826,2191,0.3073577880859375,0.0,0.5052511692047119,0.0251764511962712,0.0101585388183593,6.201363060914234,0.0016834735870361,0.0638833989736144,0.8639266490936279,0.01,0.000537633895874,0,0,0,['cluster'],['separated']
figure_descending_markersize110_n100-d5-c3-spr0.1-out0_umap.png,n100-d5-c3-spr0.1-out0_umap,100,3,110,1.0,0.8451888561248779,1.0,0.6846556663513184,1.0,1.1318156719207764,1.0,0.7134196758270264,1.0,0.6749289035797119,0.2755275315729841,0.9090821743011476,0.312362717710537,0.7069141864776611,0.3113846010521099,0.9423844814300536,0.3074343515719292,0.8728382587432861,0.3148747809423706,0.7042922973632812,0.1597749669058548,0.7189033031463623,0.1850887752887179,0.9341747760772704,0.1844023223086331,0.9717235565185548,0.1816380663624194,0.959585189819336,0.1868554202271435,0.5183773040771484,0.95,0.5363142490386963,5644,0.3326852321624756,0.0,0.5527067184448242,0.0251764511962712,0.0102355480194091,6.201363060914234,0.0017459392547607,0.08448307238850881,1.1930489540100098,0.01,0.0005242824554443,0,0,0,['cluster'],['separated']
figure_descending_markersize160_n100-d5-c3-spr0.1-out0_umap.png,n100-d5-c3-spr0.1-out0_umap,100,3,160,0.9201680214025748,0.5371558666229248,0.8786409438831165,0.7739264965057373,1.052578091722764,1.2370388507843018,0.8131287357473737,0.5554623603820801,0.8582357125550101,1.0040252208709717,0.2237359274187265,0.7863249778747559,0.256792203530033,0.7900497913360596,0.2798471508618529,0.8138456344604492,0.2464029965223665,0.976600170135498,0.2563611198775258,0.7742235660552979,0.1273503841117497,0.5467333793640137,0.1503696736217846,1.0160067081451416,0.1613759504664684,1.0469026565551758,0.1452018025673384,0.8116188049316406,0.1506860595401766,0.5621170997619629,0.83,0.6175622940063477,8658,0.3619382381439209,0.0,0.6328442096710205,0.0251764511962712,0.0104832649230957,6.201363060914234,0.0017876625061035,0.10009648665065751,1.1367995738983154,0.01,0.0005285739898681,0,0,30,['cluster'],['separated']
figure_category_based_markersize10_bbdm13_umap.png,bbdm13_umap,200,5,10,0.9235920915713902,0.8153610229492188,0.9270994615139064,0.792750358581543,0.9483057147697634,1.2098791599273682,0.9454450020266948,0.8161554336547852,0.9334249812108488,1.0689103603363037,0.8014360643037635,0.5895707607269287,0.7843792626703344,1.094127893447876,0.7830856132934887,0.9969334602355956,0.8102803187598737,0.8356335163116455,0.7982370142244649,0.833331823348999,0.7078186396479695,0.864098310470581,0.6797384820927204,0.8600780963897705,0.6668947871758356,1.2882845401763916,0.7089289389480512,0.5972321033477783,0.6972537355655865,0.8615312576293945,1.0,0.3977859020233154,140,0.7042205333709717,0.0,0.4167878627777099,0.028523093361148,0.0280652046203613,7.375079760058549,0.0026760101318359,0.022970376378169646,2.6932826042175293,0.505,0.001054048538208,0,0,18,"['lip_cluster','three_order']","['intersecting','separated']"
figure_category_based_markersize60_bbdm13_umap.png,bbdm13_umap,200,5,60,0.6671304314369694,0.8769054412841797,0.6753491288628496,0.8718574047088623,0.7605576772224085,1.5968847274780271,0.7176707626177671,0.6183924674987793,0.7028440621581957,0.8879246711730957,0.4248323798054616,0.918039083480835,0.4128504823332578,0.6146821975708008,0.3945496264031821,1.2923555374145508,0.4273345220205614,0.9100863933563232,0.4246082761815142,0.8885784149169922,0.311644746238582,0.607633113861084,0.2972958095227149,0.8988440036773682,0.2663650597003457,1.301093816757202,0.3042493666544393,0.8878309726715088,0.3041887020967314,0.8971941471099854,0.995,0.4242775440216064,3663,0.4203407764434814,0.0,0.4263021945953369,0.028523093361148,0.0276405811309814,7.375079760058549,0.0026471614837646,0.041416754715806504,3.453389406204224,0.505,0.0011067390441894,0,0,463,"['lip_cluster','three_order']","['intersecting','separated']"
figure_category_based_markersize110_bbdm13_umap.png,bbdm13_umap,200,5,110,0.5185727767879718,0.6600573062896729,0.5269831267799964,0.9667911529541016,0.6400974540044003,1.3686509132385254,0.5727143073997535,0.6430115699768066,0.5538258377050369,0.9566302299499512,0.3063806735276402,0.979241132736206,0.3005379374171584,1.0064451694488523,0.2968648324070349,1.0750341415405271,0.3148008416472208,1.0038294792175293,0.3094229420594299,0.6638407707214355,0.2174169571680809,0.9666848182678224,0.2102103393019779,0.9893043041229248,0.1932437826544677,1.0824902057647705,0.2170538378564326,1.008723258972168,0.2146833519408578,1.0226333141326904,0.98,0.4776527881622314,9634,0.482180118560791,0.0,0.4582245349884033,0.028523093361148,0.0282788276672363,7.375079760058549,0.0026497840881347,0.0531660903756252,3.740403652191162,0.505,0.0010657310485839,0,0,1549,"['lip_cluster','three_order']","['intersecting','separated']"
figure_category_based_markersize160_bbdm13_umap.png,bbdm13_umap,200,5,160,0.4550497682870205,0.6717813014984131,0.4621468661839304,1.0081534385681152,0.5771970006355793,1.1207232475280762,0.5075786534049831,1.0476548671722412,0.488382402691296,0.7187163829803467,0.2574753782217164,1.0601446628570557,0.2534308077710573,0.7245733737945557,0.2531468727633036,1.451737403869629,0.266977973717578,0.7153632640838623,0.2613324529585001,1.063323974609375,0.1795276955349128,0.7352807521820068,0.174584478157357,0.728935956954956,0.1621260263221843,1.52496337890625,0.1811227795189895,0.7168753147125244,0.1783958620890301,1.0711748600006104,0.93,0.5063190460205078,15513,0.5255520343780518,0.0,0.5085182189941406,0.028523093361148,0.0274550914764404,7.375079760058549,0.0025513172149658,0.061620063718533465,4.298469305038452,0.505,0.0011320114135742,0,0,3122,"['lip_cluster','three_order']","['intersecting','separated']"
figure_ascending_markersize10_bbdm13_umap.png,bbdm13_umap,200,5,10,0.94399332884467,0.6956017017364502,0.9284453133098652,0.7202489376068115,0.922005618865034,1.527477502822876,0.9470547574642918,0.713329553604126,0.9396528217978792,1.1118617057800293,0.8177049170015501,0.7240567207336426,0.7856769147273573,0.7039644718170166,0.7581034564075133,1.5258264541625977,0.8119462242087745,0.6943485736846924,0.8030478475177439,1.1011552810668943,0.7212194296773673,0.7342534065246582,0.6809640701534071,1.1014540195465088,0.6436786424326297,1.1060583591461182,0.7105744031758926,0.7141437530517578,0.7011202880095686,1.1084647178649902,1.0,0.531623363494873,140,0.5417282581329346,0.0,0.5593929290771484,0.028523093361148,0.0295186042785644,7.375079760058549,0.0027492046356201,0.022970376378169642,2.4502556324005127,0.505,0.0010511875152587,0,0,0,"['lip_cluster','three_order']","['intersecting','separated']"
figure_ascending_markersize60_bbdm13_umap.png,bbdm13_umap,200,5,60,0.7209624832333439,1.1941313743591309,0.6784815952360483,0.7431495189666748,0.6518968236875717,1.1754255294799805,0.7322520712484447,0.7405009269714355,0.722572156694888,1.1797127723693848,0.4530280211833107,0.7717816829681396,0.4152842168027028,1.187916278839111,0.3497783998529286,1.1959576606750488,0.4371726107396724,0.7546322345733643,0.4354835802731742,0.7881057262420654,0.330283361359778,1.1807475090026855,0.299213113779872,0.7646481990814209,0.2390102552877067,1.1804039478302002,0.3116039368125483,0.766923189163208,0.3116574701601844,1.198422908782959,0.995,0.6089327335357666,3663,0.5721209049224854,0.0,0.5825655460357666,0.028523093361148,0.0273990631103515,7.375079760058549,0.0025255680084228,0.04141675471580651,2.7178282737731934,0.505,0.0009791851043701,0,0,0,"['lip_cluster','three_order']","['intersecting','separated']"
figure_ascending_markersize110_bbdm13_umap.png,bbdm13_umap,200,5,110,0.5889081234364315,0.8022763729095459,0.5322282592295878,0.8086931705474854,0.4788918288778599,1.2140953540802002,0.6102265809970663,0.8072431087493896,0.5890919072247445,1.2450416088104248,0.3365319692618286,0.8039970397949219,0.3009197979493363,0.8028719425201416,0.2397553926901919,1.201068639755249,0.3290893960240857,1.2504701614379885,0.3238570186438911,0.8247838020324707,0.2355760303248901,0.8166821002960205,0.2097581110746714,0.8271822929382324,0.1599058199724987,1.2146546840667725,0.2252942116842918,0.8110511302947998,0.2233121443898457,1.2646889686584473,0.98,0.6266279220581055,9634,0.1328625679016113,0.0,1.0917885303497314,0.028523093361148,0.0288224220275878,7.375079760058549,0.0027344226837158,0.0531660903756252,3.107707977294922,0.505,0.0012080669403076,0,0,0,"['lip_cluster','three_order']","['intersecting','separated']"
figure_ascending_markersize160_bbdm13_umap.png,bbdm13_umap,200,5,160,0.5339667541959716,0.3642921447753906,0.4682074664124209,1.3447325229644775,0.3916406952250755,1.2796902656555176,0.5581738073297211,0.8380765914916992,0.531642020729568,0.8469953536987305,0.2880442745225349,0.8520863056182861,0.2525378846843118,0.8400664329528809,0.1910650975819195,1.2714247703552246,0.2830617394101008,1.330104112625122,0.2766277438627084,0.8523523807525635,0.1972152706461011,0.846876859664917,0.1728967560509482,0.8572635650634766,0.1263539496487306,1.2872610092163086,0.1896079766726264,0.8500959873199463,0.1869519549851522,0.8619294166564941,0.93,0.6586427688598633,15513,0.6490702629089355,0.0,0.6391029357910156,0.028523093361148,0.0283477306365966,7.375079760058549,0.002979040145874,0.06162006371853347,4.082015752792358,0.505,0.0010211467742919,0,0,0,"['lip_cluster','three_order']","['intersecting','separated']"
figure_descending_markersize10_bbdm13_umap.png,bbdm13_umap,200,5,10,0.9056653058031512,0.3209588527679443,0.9270668521593388,1.3372161388397217,0.9758117846388564,1.2815256118774414,0.9266025340703808,0.8431978225708008,0.928064580184065,0.848609209060669,0.7873311036052929,0.8470821380615234,0.7841247235974049,0.8213741779327393,0.8049786594542588,1.259166240692139,0.7958297480130019,0.8191804885864258,0.7941411862788573,1.385002374649048,0.6963464915203033,0.8818120956420898,0.6793737737750051,0.8646426200866699,0.6850487500957878,1.3184971809387207,0.6974040789114881,0.8422830104827881,0.6939949647573016,0.8335013389587402,1.0,0.6808319091796875,140,0.1143803596496582,0.0,0.6642792224884033,0.028523093361148,0.0280766487121582,7.375079760058549,0.0027432441711425,0.02297037637816964,2.5888760089874268,0.505,0.001054048538208,0,0,24,"['lip_cluster','three_order']","['intersecting','separated']"
figure_descending_markersize60_bbdm13_umap.png,bbdm13_umap,200,5,60,0.6134911359688868,0.8826320171356201,0.6748356115375308,0.8827953338623047,0.8653027418939546,1.2998735904693604,0.6803668295284035,0.8632123470306396,0.6869467887504641,1.4160070419311523,0.3982042845935332,0.9092364311218262,0.412102924766329,0.8919825553894043,0.435330884668033,1.3680284023284912,0.4104650141541716,0.3400084972381592,0.4162592432097831,1.4321715831756592,0.2947650669219513,0.89082932472229,0.2966202352967236,0.8829834461212158,0.290820964442851,1.3108837604522705,0.2938819267692628,0.3324413299560547,0.2985982646730474,1.462148666381836,0.995,0.6962683200836182,3663,0.1170313358306884,0.0,0.7046642303466797,0.028523093361148,0.0292870998382568,7.375079760058549,0.0027542114257812,0.041416754715806504,2.9115419387817383,0.505,0.0009946823120117,0,0,766,"['lip_cluster','three_order']","['intersecting','separated']"
figure_descending_markersize110_bbdm13_umap.png,bbdm13_umap,200,5,110,0.4570349327186347,0.9167311191558838,0.525928607458237,0.8932514190673828,0.7883860715560647,1.344041347503662,0.5218320401658374,0.9131765365600586,0.5337382976818034,0.8894431591033936,0.2769796797723596,0.9319961071014404,0.2990519204953478,1.4767179489135742,0.3409773361852108,1.3289713859558103,0.2932210791039028,0.3357808589935303,0.2982761072177279,1.512423753738403,0.1986993241421123,0.3592443466186523,0.2089251513896095,1.5187432765960691,0.2175294644854463,0.8169748783111572,0.2038957704690118,1.516979455947876,0.2069699436739701,0.3418858051300049,0.98,0.7495121955871582,9634,0.7270467281341553,0.0,0.7110793590545654,0.028523093361148,0.0272092819213867,7.375079760058549,0.0025558471679687,0.0531660903756252,3.238881349563598,0.505,0.0010821819305419,0,0,2599,"['lip_cluster','three_order']","['intersecting','separated']"
figure_descending_markersize160_bbdm13_umap.png,bbdm13_umap,200,5,160,0.3919597462120292,0.9617519378662108,0.460781317977191,0.9675309658050536,0.7369769521367057,1.39296555519104,0.4541225121134904,0.999269962310791,0.4683631836012278,0.9461719989776612,0.2274137503435771,0.9572174549102784,0.250975511123388,0.9868383407592772,0.2971197103962265,1.3878328800201416,0.2445371418290576,0.9625098705291748,0.249764995560249,0.972797393798828,0.1601727154450504,1.584550857543945,0.1724530974622874,0.3527333736419678,0.1860673149427604,1.388176441192627,0.16731731549014,0.9491150379180908,0.1702871999820018,1.5997087955474854,0.93,0.1350259780883789,15513,0.774498462677002,0.0,0.7596118450164795,0.028523093361148,0.0309922695159912,7.375079760058549,0.002671480178833,0.061620063718533444,3.676091432571411,0.505,0.0010066032409667,0,0,5103,"['lip_cluster','three_order']","['intersecting','separated']"
figure_category_based_markersize10_interleaved_100_200_5d_0_notcramped_notrotated_umap.png,interleaved_100_200_5d_0_notcramped_notrotated_umap,741,5,10,0.8381286083898728,0.9682831764221193,0.873879068418656,0.9630899429321288,0.9820082021780152,1.437877893447876,0.8574110998560429,0.988417625427246,0.8751401517549002,0.9810504913330078,0.6078620433953632,0.9801208972930908,0.6376106871356768,0.9795353412628174,0.6525436126625228,1.4072396755218506,0.6146923681311685,0.9673125743865968,0.6282097977968008,0.9874668121337892,0.4768521809305162,1.003974437713623,0.5019104745389071,0.3456273078918457,0.4886134001194191,1.4640851020812988,0.4790744185848344,1.003549575805664,0.4899617403529059,0.9871668815612792,0.9689608636977058,0.8001182079315186,1055,0.8088300228118896,0.0,0.8023505210876465,0.0295155852500331,0.0894725322723388,5.65419651724909,0.0081250667572021,-,15.0,0.117408906882591,0.0043272972106933,0,0,38,['cluster'],['intersecting']
figure_category_based_markersize60_interleaved_100_200_5d_0_notcramped_notrotated_umap.png,interleaved_100_200_5d_0_notcramped_notrotated_umap,741,5,60,0.6093963494025187,1.06113600730896,0.6749591686963231,1.0802485942840576,0.9030347680639838,1.523942947387695,0.6430925300980153,1.04113507270813,0.6769184908708913,1.0224113464355469,0.317596109006422,1.0397241115570068,0.3383030288490253,1.039564847946167,0.3428633073469248,1.5287234783172607,0.3218165183963618,1.0449562072753906,0.333323685256478,1.02777099609375,0.2147610317258412,1.069270372390747,0.2257189360332225,1.0936720371246338,0.2116020839288077,1.5547103881835938,0.2146044692173714,1.102839469909668,0.221097526874398,0.3901822566986084,0.921727395411606,0.9359700679779052,16428,0.8465220928192139,0.0,0.129652738571167,0.0295155852500331,0.0846271514892578,5.65419651724909,0.0074098110198974,-,15.0,0.117408906882591,0.0041611194610595,0,0,571,['cluster'],['intersecting']
figure_category_based_markersize110_interleaved_100_200_5d_0_notcramped_notrotated_umap.png,interleaved_100_200_5d_0_notcramped_notrotated_umap,741,5,110,0.4862695694325198,0.4296722412109375,0.5567195861185739,1.1273350715637207,0.8309677748681942,1.58471941947937,0.5221110138824729,1.125697374343872,0.5598303893107879,1.1234970092773438,0.2403887964619598,0.4353232383728027,0.2562406267034146,1.108870506286621,0.2611696618083557,1.606156349182129,0.2455770670396886,1.130692720413208,0.254353884803138,1.1293253898620603,0.1596581327385366,1.1561458110809326,0.1664190593747053,0.4417815208435058,0.1549320800901158,1.5585787296295166,0.1605450453752892,1.1736712455749512,0.1645601524375756,1.1628422737121582,0.8529014844804319,0.9762985706329346,36727,0.1557459831237793,0.0,0.8516509532928467,0.0295155852500331,0.0843555927276611,5.65419651724909,0.0074970722198486,-,15.0,0.117408906882591,0.0043787956237792,0,0,1571,['cluster'],['intersecting']
figure_category_based_markersize160_interleaved_100_200_5d_0_notcramped_notrotated_umap.png,interleaved_100_200_5d_0_notcramped_notrotated_umap,741,5,160,0.4182394182175695,1.2125768661499023,0.4868048208400951,1.1813721656799316,0.7829086303208361,1.6152894496917725,0.4541553172262291,1.231498956680298,0.4916990521554435,1.2090160846710205,0.2043217172390901,0.4872832298278808,0.218493009237799,1.2224667072296145,0.2260540649541217,1.6666343212127686,0.2102752418973066,1.2162649631500244,0.217862349942008,1.2012968063354492,0.1351806276515037,1.2444560527801514,0.1408569824144937,1.2521214485168457,0.1320977311075224,0.9221193790435792,0.1368091363377996,1.2368874549865725,0.1399316888277232,1.1918323040008545,0.7786774628879892,0.9613614082336426,54476,0.1607136726379394,0.0,0.8876485824584961,0.0295155852500331,0.0790610313415527,5.65419651724909,0.007068395614624,-,15.0,0.117408906882591,0.0043690204620361,0,0,2749,['cluster'],['intersecting']
figure_ascending_markersize10_interleaved_100_200_5d_0_notcramped_notrotated_umap.png,interleaved_100_200_5d_0_notcramped_notrotated_umap,741,5,10,0.8944774989132624,0.3339922428131103,0.9018002120714508,1.1595239639282229,0.909288130328523,1.5356435775756836,0.8972593781934479,1.0925490856170654,0.8961070877632887,0.3220477104187011,0.6413013632743428,1.0763838291168213,0.6545879293497692,1.099618911743164,0.6117068958430444,1.5520155429840088,0.6379445423168284,0.3412134647369385,0.6406964394429651,1.0964653491973877,0.4998281904933203,1.1136102676391602,0.5137520576861196,1.1376228332519531,0.4608765752504693,1.5596277713775637,0.4949113653042443,0.3304052352905273,0.4985877355586423,1.0990240573883057,0.9689608636977058,0.9572868347167968,1055,0.9602982997894288,0.0,0.1235973834991455,0.0295155852500331,0.0794868469238281,5.65419651724909,0.0075719356536865,-,15.0,0.117408906882591,0.0042071342468261,0,0,0,['cluster'],['intersecting']
figure_ascending_markersize60_interleaved_100_200_5d_0_notcramped_notrotated_umap.png,interleaved_100_200_5d_0_notcramped_notrotated_umap,741,5,60,0.7219783330695995,0.3840534687042236,0.7327270709232572,1.1487724781036377,0.7302349067191201,1.608581304550171,0.7347533479729405,1.1931874752044678,0.7254064454127919,1.2049014568328855,0.3577759291403127,0.3844561576843261,0.3589181587381238,1.1889266967773438,0.3013400355209412,1.6437883377075195,0.3519880944757978,1.2342529296875,0.3504358776322261,0.3748290538787842,0.2378116828391281,1.194770336151123,0.2376687745974488,1.2072980403900146,0.1898398409923982,1.6659231185913086,0.2314274057921614,0.3854444026947021,0.2310194063401782,1.2286252975463867,0.921727395411606,1.0771832466125488,16428,0.1429498195648193,0.0,0.9634056091308594,0.0295155852500331,0.0754420757293701,5.65419651724909,0.0071969032287597,-,15.0,0.117408906882591,0.0040967464447021,0,0,0,['cluster'],['intersecting']
figure_ascending_markersize110_interleaved_100_200_5d_0_notcramped_notrotated_umap.png,interleaved_100_200_5d_0_notcramped_notrotated_umap,741,5,110,0.6103762589908772,1.2526195049285889,0.6235016140581751,0.4405357837677002,0.606788571608891,1.7097272872924805,0.6245219482257259,1.2777762413024902,0.614843992558274,1.252312421798706,0.2807152914540221,0.4260127544403076,0.2771031262810857,1.2498509883880615,0.2190305640409839,1.6969645023345947,0.276170392911805,0.4425957202911377,0.2717898273500767,1.2561333179473877,0.1822714511766091,1.2748167514801023,0.1781361257410921,1.3041000366210938,0.1336340055617332,0.8744325637817383,0.1772835535103254,1.259756088256836,0.1744531412131358,1.2560911178588867,0.8529014844804319,1.099616527557373,36727,0.158060073852539,0.0,1.028839349746704,0.0295155852500331,0.077540636062622,5.65419651724909,0.0074658393859863,-,15.0,0.117408906882591,0.0043344497680664,0,0,0,['cluster'],['intersecting']
figure_ascending_markersize160_interleaved_100_200_5d_0_notcramped_notrotated_umap.png,interleaved_100_200_5d_0_notcramped_notrotated_umap,741,5,160,0.5447706185086358,1.368232488632202,0.5572379165056409,1.317542552947998,0.5255436007274343,1.767045021057129,0.5581966490038828,0.4780061244964599,0.5479707642961202,1.325160026550293,0.2449271962870829,1.3611388206481934,0.2397826040769041,0.4766664505004883,0.1815895793764629,1.766650915145874,0.2410016217862531,1.3064336776733398,0.2354201687168009,1.3458373546600342,0.1579764647241089,0.474391222000122,0.1527575089073094,1.364651441574097,0.1097567595089786,1.7941808700561523,0.153675550430453,0.4696352481842041,0.1499130362099714,1.3284709453582764,0.7786774628879892,1.135704755783081,54476,0.1664564609527588,0.0,1.0377581119537354,0.0295155852500331,0.074899673461914,5.65419651724909,0.0072219371795654,-,15.0,0.117408906882591,0.0042231082916259,0,0,0,['cluster'],['intersecting']
figure_descending_markersize10_interleaved_100_200_5d_0_notcramped_notrotated_umap.png,interleaved_100_200_5d_0_notcramped_notrotated_umap,741,5,10,0.8098492111674344,0.3366255760192871,0.8474385557438967,0.3425352573394775,1.0421184810475856,1.669869899749756,0.8134266811925104,1.2119102478027344,0.846056728829571,1.1975951194763184,0.591038464132827,0.3310723304748535,0.6230517951297954,1.2216660976409912,0.6830108476398646,1.700380802154541,0.5905957752066333,0.3448855876922607,0.6123986070310237,1.2171576023101809,0.4653160941388262,1.272923231124878,0.492615825881538,0.3295402526855469,0.507968142856206,1.677405595779419,0.4635974368696698,0.3282361030578613,0.4798711084718691,1.2553391456604004,0.9689608636977058,1.0741081237792969,1055,0.1302497386932373,0.0,1.0788109302520752,0.0295155852500331,0.0779190063476562,5.65419651724909,0.0074799060821533,-,15.0,0.117408906882591,0.004343032836914,0,0,127,['cluster'],['intersecting']
figure_descending_markersize60_interleaved_100_200_5d_0_notcramped_notrotated_umap.png,interleaved_100_200_5d_0_notcramped_notrotated_umap,741,5,60,0.5417992847761657,0.3841755390167236,0.6263965618117981,1.2906842231750488,1.1506688331201274,1.7357561588287354,0.5551382242113174,0.3817169666290283,0.6137306072221904,1.3067657947540283,0.291664994615,0.3804965019226074,0.3220972863440307,1.308499097824097,0.3892781465868939,1.7304978370666504,0.293749252819835,1.2990036010742188,0.314172559036396,0.3763308525085449,0.1995418435051894,1.3135840892791748,0.216784715965372,0.3873965740203857,0.2342658406227408,1.7404592037200928,0.1997134197758255,1.3140482902526855,0.2111241766644077,0.3661422729492187,0.921727395411606,1.173696517944336,16428,1.0895769596099854,0.0,0.122971773147583,0.0295155852500331,0.0756998062133789,5.65419651724909,0.0072555541992187,-,15.0,0.117408906882591,0.0041747093200683,0,0,2163,['cluster'],['intersecting']
figure_descending_markersize110_interleaved_100_200_5d_0_notcramped_notrotated_umap.png,interleaved_100_200_5d_0_notcramped_notrotated_umap,741,5,110,0.408885369408253,0.4260053634643554,0.4996258372114835,1.434480905532837,1.265983563728695,1.7511777877807615,0.421910749313678,0.415377140045166,0.4850096373035761,1.333038330078125,0.2112421741000975,1.3918185234069824,0.2384504574878931,0.4293766021728515,0.3130211589691555,1.8169960975646973,0.213970036546924,1.3837628364562988,0.2328171790649051,0.4227087497711181,0.1424068698757923,1.3808701038360596,0.1565928218882107,0.4514520168304443,0.1785891355544085,1.846435308456421,0.1433294417575884,1.387840986251831,0.1531718049353286,0.4237265586853027,0.8529014844804319,1.2218780517578125,36727,1.1671323776245115,0.0,0.123359203338623,0.0295155852500331,0.0798535346984863,5.65419651724909,0.0071842670440673,-,15.0,0.117408906882591,0.0042245388031005,0,0,6203,['cluster'],['intersecting']
figure_descending_markersize160_interleaved_100_200_5d_0_notcramped_notrotated_umap.png,interleaved_100_200_5d_0_notcramped_notrotated_umap,741,5,160,0.3385063081854716,1.4186339378356934,0.4276435112547363,1.4221668243408203,1.373039855580747,0.9328100681304932,0.3508931913418263,1.4271001815795898,0.413325461913007,1.44287371635437,0.1740720569520403,0.479351282119751,0.2003587893175941,1.5068690776824951,0.2813630915816882,0.9268004894256592,0.1772917874165065,1.4233250617980957,0.1955134406455964,1.4658913612365725,0.1171599471420004,0.4904735088348388,0.1308267560201962,1.4756171703338623,0.1567412397685421,1.9305191040039065,0.1186103377358617,0.4782564640045166,0.1280397462020833,1.495903491973877,0.7786774628879892,0.23628830909729,54476,1.216737985610962,0.0,0.123342752456665,0.0295155852500331,0.0743134021759033,5.65419651724909,0.0071074962615966,-,15.0,0.117408906882591,0.0042212009429931,0,0,11021,['cluster'],['intersecting']
figure_category_based_markersize10_world_9d_tsne.png,world_9d_tsne,151,5,10,1.0,0.6054244041442871,1.0,0.5655341148376465,1.0,1.020552635192871,1.0,0.524890661239624,1.0,0.6045541763305664,0.9288635054947324,0.6431360244750977,0.9437365299789736,0.5298998355865479,0.9433313709791348,1.040524959564209,0.9163113626104322,0.5691020488739014,0.9244497044212066,0.643059492111206,0.8671756683295083,0.6640884876251221,0.8934669774769236,0.5803189277648926,0.8927409644528278,1.0854313373565674,0.8455485561034204,0.628368616104126,0.8595132261329779,0.6339201927185059,1.0,0.3272292613983154,29,0.2302126884460449,0.0,0.3293156623840332,0.0298600061952385,0.0173373222351074,15.20214003282543,0.0022463798522949,0.010906879463085271,1.689925193786621,0.5827814569536424,0.0010516643524169,0,0,0,['three_order'],['intersecting']
figure_category_based_markersize60_world_9d_tsne.png,world_9d_tsne,151,5,60,0.8939115261155485,0.7001235485076904,0.9036792476049932,0.5511906147003174,0.9994006569601688,1.1792316436767578,0.8856780543650948,0.6559090614318848,0.8952030028807129,0.7826476097106934,0.760363391993955,0.5630991458892822,0.7676960724329618,0.7684094905853271,0.8152203148227312,1.0125620365142822,0.7328988256812883,0.8163971900939941,0.7514279835953881,0.7085142135620117,0.6615321520095827,0.7156851291656494,0.6672848743272461,0.7293329238891602,0.6883616067022758,1.0108699798583984,0.6250737671847957,0.7293579578399658,0.6474444819927967,0.7494404315948486,1.0,0.4123425483703613,653,0.4189910888671875,0.0,0.4143836498260498,0.0298600061952385,0.0172712802886962,15.20214003282543,0.0023384094238281,0.02086550128749404,1.9711205959320068,0.5827814569536424,0.0009493827819824,0,0,101,['three_order'],['intersecting']
figure_category_based_markersize110_world_9d_tsne.png,world_9d_tsne,151,5,110,0.781345161929687,0.5049741268157959,0.8169093638116045,0.7851109504699707,1.009371335563145,1.184011936187744,0.7669757590367943,0.7613229751586914,0.7859002309749201,0.7955505847930908,0.6111440507382753,0.6345236301422119,0.626692071562569,0.6565799713134766,0.6919648341266813,1.2316291332244873,0.5827194605863364,0.7879817485809326,0.603205883140024,0.9588229656219482,0.5018299800809485,0.6879031658172607,0.5083279430696864,0.6823217868804932,0.5264253361095139,1.27457857131958,0.4698450783600758,0.6929576396942139,0.4894304110887043,0.8444955348968506,1.0,0.4986238479614258,2467,0.4953372478485107,0.0,0.308718204498291,0.0298600061952385,0.0171287059783935,15.20214003282543,0.0022549629211425,0.028534016916880168,2.187976598739624,0.5827814569536424,0.0010151863098144,0,0,396,['three_order'],['intersecting']
figure_category_based_markersize160_world_9d_tsne.png,world_9d_tsne,151,5,160,0.7068424237449276,0.7060365676879883,0.7457713543248764,0.7345273494720459,0.9612079273327822,1.124535083770752,0.6953123255364292,0.9119694232940674,0.7112998295601047,0.7747633457183838,0.5130458880634312,0.7756040096282959,0.525998367691362,0.9872198104858398,0.5744061565129358,1.1609842777252195,0.4913336784094974,0.7431442737579346,0.5065927063405136,0.720970630645752,0.402650357521815,0.9328901767730712,0.4062729161215879,0.759108304977417,0.4095844057395521,1.3761746883392334,0.379888571034455,0.7539176940917969,0.3933805355766288,0.7564742565155029,1.0,0.5986785888671875,5375,0.5795102119445801,0.0,0.3546488285064697,0.0298600061952385,0.0172595977783203,15.20214003282543,0.0022873878479003,0.034093022860617356,2.2561511993408203,0.5827814569536424,0.0009586811065673,0,0,767,['three_order'],['intersecting']
figure_ascending_markersize10_world_9d_tsne.png,world_9d_tsne,151,5,10,1.0,0.9560668468475342,1.0,0.7675216197967529,1.0,1.1766729354858398,1.0,0.7381973266601562,1.0,0.99247145652771,0.9292916522281586,0.5609085559844971,0.9437465639782816,0.9997360706329346,0.941794418564854,1.192922592163086,0.9166489415257538,0.7950248718261719,0.9245965326999558,0.583305835723877,0.8679223003743521,1.0185894966125488,0.8934849646812194,0.8097877502441406,0.8899919213122897,0.9789509773254396,0.846123640490766,1.0395677089691162,0.8597671114277592,0.5680220127105713,1.0,0.6336507797241211,29,0.3755929470062256,0.0,0.6439480781555176,0.0298600061952385,0.0167977809906005,15.20214003282543,0.0022227764129638,0.010906879463085271,1.4639594554901123,0.5827814569536424,0.0008649826049804,0,0,0,['three_order'],['intersecting']
figure_ascending_markersize60_world_9d_tsne.png,world_9d_tsne,151,5,60,0.9203934167402752,0.5858006477355957,0.9308151698502616,0.8238615989685059,0.9537878004703204,1.2568471431732178,0.8973488606299934,1.1019279956817627,0.9030456535559056,0.6004726886749268,0.7809628618033928,0.8562483787536621,0.7876824786570249,0.8621537685394287,0.7807551112335762,1.253514528274536,0.7418025570802547,1.1365790367126465,0.7573342576655763,0.6091210842132568,0.678219304272772,0.8953297138214111,0.682702416713987,0.8560900688171387,0.6608636486926351,1.3007826805114746,0.6322145851310534,0.8600521087646484,0.6521123362508067,0.8876380920410156,1.0,0.4115355014801025,653,0.4107496738433838,0.0,0.7003054618835449,0.0298600061952385,0.01708984375,15.20214003282543,0.0021872520446777,0.02086550128749404,1.6913812160491943,0.5827814569536424,0.0009419918060302,0,0,0,['three_order'],['intersecting']
figure_ascending_markersize110_world_9d_tsne.png,world_9d_tsne,151,5,110,0.8326139463535135,0.6229052543640137,0.8549837516023503,0.9143011569976808,0.8963525824887382,1.3322336673736572,0.7878051776271351,0.9114398956298828,0.801466024360361,0.9385817050933838,0.645931684746803,0.6449174880981445,0.6502807943935334,0.9462051391601562,0.6286019827895244,1.0693788528442385,0.5966187286902735,0.907334327697754,0.613334932016216,0.935955286026001,0.5276304619910797,0.9523210525512696,0.5246640432145078,0.9914329051971436,0.4840198182191355,1.0825965404510498,0.4801055604338099,0.98575758934021,0.4967345814439664,0.651618480682373,1.0,0.7941749095916748,2467,0.4625086784362793,0.0,0.4583086967468261,0.0298600061952385,0.0170953273773193,15.20214003282543,0.002284288406372,0.028534016916880168,1.8765289783477783,0.5827814569536424,0.0009164810180664,0,0,0,['three_order'],['intersecting']
figure_ascending_markersize160_world_9d_tsne.png,world_9d_tsne,151,5,160,0.770506825724772,0.6567666530609131,0.7867748231882423,0.9556159973144532,0.8087421614404282,1.4054391384124756,0.7199878388549705,0.6675636768341064,0.7299534793211909,0.997809886932373,0.5521763351749488,0.9908499717712402,0.5486991315158156,1.035426378250122,0.5052892341459139,1.1299993991851809,0.5071581495489101,1.0785136222839355,0.5181117950660248,0.7096478939056396,0.4302584745273143,0.687626838684082,0.421234761481862,1.0291330814361572,0.3674253838331207,1.4767155647277832,0.3914460106375337,0.7239794731140137,0.4015708745515701,1.1052708625793457,1.0,0.5465853214263916,5375,0.5115091800689697,0.0,0.8613719940185547,0.0298600061952385,0.0171082019805908,15.20214003282543,0.0022857189178466,0.034093022860617356,2.1389522552490234,0.5827814569536424,0.0008895397186279,0,0,0,['three_order'],['intersecting']
figure_descending_markersize10_world_9d_tsne.png,world_9d_tsne,151,5,10,1.0,0.685624361038208,1.0,0.6897444725036621,1.0,1.455944299697876,1.0,1.0355021953582764,1.0,0.6898186206817627,0.9288635054947324,1.0521628856658936,0.9437342885615492,0.7011101245880127,0.9434918671682698,1.1208860874176023,0.9163002059308478,1.0635929107666016,0.9244456703222084,0.6989939212799072,0.8671756683295082,0.699068546295166,0.8934629595013044,1.0743093490600586,0.89302849438504,1.1306054592132568,0.8455295561977172,1.0652658939361572,0.8595062516266829,0.705834150314331,1.0,0.9122803211212158,29,0.5113208293914795,0.0,0.5093812942504883,0.0298600061952385,0.017120361328125,15.20214003282543,0.0022749900817871,0.010906879463085271,1.2067058086395264,0.5827814569536424,0.0009047985076904,0,0,0,['three_order'],['intersecting']
figure_descending_markersize60_world_9d_tsne.png,world_9d_tsne,151,5,60,0.8869892541018154,1.106147289276123,0.8976250320374843,1.1383016109466553,1.0151344914713756,1.1511833667755127,0.8815195823363604,0.7414376735687256,0.8924285910582955,0.7243187427520752,0.7535779702579126,1.113964557647705,0.762927990827713,0.7506835460662842,0.8285382693363269,1.5481112003326416,0.7287706311067231,0.7465734481811523,0.7489577692446976,0.7375245094299316,0.655052145594012,1.152036428451538,0.6633814000071223,0.740656852722168,0.6998887231426496,1.599232196807861,0.6211400245710066,0.7709372043609619,0.645228019693711,0.757441520690918,1.0,0.5544703006744385,653,0.5500245094299316,0.0,0.9961960315704346,0.0298600061952385,0.0170643329620361,15.20214003282543,0.00242280960083,0.02086550128749404,1.8460569381713867,0.5827814569536424,0.0009279251098632,0,0,128,['three_order'],['intersecting']
figure_descending_markersize110_world_9d_tsne.png,world_9d_tsne,151,5,110,0.7637914966381556,0.3498387336730957,0.7942867778089064,1.1797080039978027,1.0508872680506007,1.2133257389068604,0.7572697229926989,0.7716708183288574,0.7785446031972992,1.1918950080871582,0.5962509225144738,0.8066415786743164,0.6120777328174785,0.789682149887085,0.7201980742266789,1.6164977550506592,0.57410164462145,0.7959742546081543,0.5975289371684178,0.7746224403381348,0.488989264706283,1.20090913772583,0.4978672092769246,0.8122355937957764,0.5478140425557676,1.1990852355957031,0.4622844729992875,0.787116289138794,0.4848084525861521,0.7994785308837891,1.0,1.0493783950805664,2467,0.1213119029998779,0.0,0.5728437900543213,0.0298600061952385,0.0171642303466796,15.20214003282543,0.0023276805877685,0.028534016916880168,2.462797164916992,0.5827814569536424,0.0009384155273437,0,0,563,['three_order'],['intersecting']
figure_descending_markersize160_world_9d_tsne.png,world_9d_tsne,151,5,160,0.6772102481262703,0.3545496463775635,0.7162564028949733,1.265845537185669,1.0298781947247415,1.2329554557800293,0.6745885805072416,0.8206830024719238,0.6955211900760326,1.245283603668213,0.4907731880125036,0.8297629356384277,0.5093688547766283,0.8284213542938232,0.6129630085588309,1.2753031253814695,0.47676875499848,0.8239636421203613,0.4965332187458781,0.8368568420410156,0.3848291186189797,0.8338785171508789,0.3952132311202081,1.3387799263000488,0.4363285352459971,1.271963357925415,0.3686607733794909,0.8253195285797119,0.3860769571901434,0.8363838195800781,1.0,0.647721529006958,5375,0.6164937019348145,0.0,0.1126925945281982,0.0298600061952385,0.0169477462768554,15.20214003282543,0.0022628307342529,0.03409302286061736,2.7687292098999023,0.5827814569536424,0.0008909702301025,0,0,1267,['three_order'],['intersecting']
figure_category_based_markersize10_cereal_tsne.png,cereal_tsne,77,7,10,0.9979578576658076,0.3389339447021484,0.9666821856368746,1.3440027236938477,0.9628987137063388,1.4504358768463137,0.9971922562699502,0.881019115447998,0.9689539171644356,0.8625402450561523,0.8853905341354061,0.8253791332244873,0.842117147991918,0.8372011184692383,0.764471656488306,1.4158704280853271,0.8888518848114391,0.842216968536377,0.8556460025598803,0.8345668315887451,0.7956437689162517,0.8350105285644531,0.745990118293181,0.8397586345672607,0.6338520965668651,1.4086015224456787,0.8017458682572882,1.3578567504882812,0.7660637394292349,0.8459715843200684,0.948051948051948,0.6507413387298584,40,0.1110217571258544,0.0,0.6278879642486572,0.0295359014899984,0.0092024803161621,26.535031722111405,0.0016083717346191,0.02221842452549754,1.025458812713623,0.7792207792207793,0.0007307529449462,0,0,4,['cluster'],['intersecting']
figure_category_based_markersize60_cereal_tsne.png,cereal_tsne,77,7,60,0.980322718896533,1.3791730403900146,0.9044132763909648,0.8554370403289795,0.8993985608603943,1.4521684646606443,0.9730269656221332,0.8420944213867188,0.9063250785243172,0.8464152812957764,0.8458117423579334,0.8706099987030029,0.7770408740962506,0.3334641456604004,0.710327912114226,1.946698904037476,0.837791987769499,0.9024066925048828,0.7825300240362334,0.8911223411560059,0.743759782591886,0.8915112018585205,0.6811163377711299,0.8868439197540283,0.5869416390064247,1.494297981262207,0.7355609388931895,0.3412120342254638,0.6884891992240452,1.4306480884552002,0.948051948051948,0.6904358863830566,340,0.1149361133575439,0.0,0.6739406585693359,0.0295359014899984,0.0092823505401611,26.535031722111405,0.0016207695007324,0.024840953795980503,1.1135566234588623,0.7792207792207793,0.0006952285766601,0,0,76,['cluster'],['intersecting']
figure_category_based_markersize110_cereal_tsne.png,cereal_tsne,77,7,110,0.9332153742587724,0.8864150047302246,0.8587155985454377,0.8995115756988525,0.8670081320151182,1.4643466472625732,0.9213412810009854,1.447685718536377,0.8554157397824423,0.3268852233886719,0.804417541358785,1.475003719329834,0.738824738407422,0.9239463806152344,0.686558438748861,0.9186208248138428,0.7918157230736023,1.4727342128753662,0.7386580826862312,0.919365644454956,0.7068601518881475,0.3453273773193359,0.64830997366933,1.474487543106079,0.5682823070599217,1.5058891773223877,0.694219748486212,0.3270623683929443,0.6499455264626919,1.4923529624938965,0.948051948051948,0.1162030696868896,777,0.7005770206451416,0.0,0.7012560367584229,0.0295359014899984,0.0091824531555175,26.535031722111405,0.0015957355499267,0.027537025345282164,1.1730539798736572,0.7792207792207793,0.0006639957427978,0,0,204,['cluster'],['intersecting']
figure_category_based_markersize160_cereal_tsne.png,cereal_tsne,77,7,160,0.8684653790707655,0.9429810047149658,0.8102847382331688,0.9271478652954102,0.8364904725437076,1.5309882164001465,0.8592104159917006,0.9603536128997804,0.802886581880834,0.9846854209899902,0.7497874265793014,0.9528043270111084,0.695958186774774,0.959299087524414,0.6570940118317421,1.5191595554351809,0.7394844773287306,0.350459337234497,0.6932763530618992,0.9346623420715332,0.6596452620676407,1.5698745250701904,0.6099041872830047,0.3573939800262451,0.5410571417640608,1.505947828292847,0.6490439979718177,1.5725593566894531,0.6099991527442425,0.3500277996063232,0.948051948051948,0.7517025470733643,1377,0.7529821395874023,0.0,0.7438960075378418,0.0295359014899984,0.0092148780822753,26.535031722111405,0.0017445087432861,0.030280221707336213,1.2970707416534424,0.7792207792207793,0.0007205009460449,0,0,342,['cluster'],['intersecting']
figure_ascending_markersize10_cereal_tsne.png,cereal_tsne,77,7,10,0.9979578804503674,0.3347322940826416,0.9666822080357008,0.946725368499756,0.9231236609673829,1.5297458171844482,0.9971922945043976,0.955375909805298,0.9738996701142858,0.9380230903625488,0.8854354918893873,0.9627597332000732,0.8421197063897486,0.932377815246582,0.7383080686494241,2.165273666381836,0.888907181877427,0.3376967906951904,0.8595700398167427,1.0045952796936035,0.7957163683314683,0.9790692329406738,0.7459941202745471,0.9806196689605712,0.6151507361368721,1.639009714126587,0.8018358281947717,0.9726629257202148,0.7692634060678613,0.9607422351837158,0.948051948051948,0.7549862861633301,40,0.7919268608093262,0.0,0.1154770851135253,0.0295359014899984,0.0092999935150146,26.535031722111405,0.0016491413116455,0.022218424525497542,1.0869393348693848,0.7792207792207793,0.0006077289581298,0,0,0,['cluster'],['intersecting']
figure_ascending_markersize60_cereal_tsne.png,cereal_tsne,77,7,60,0.9803229364035316,0.982295036315918,0.9046690802140116,0.9703071117401124,0.8133498147651442,1.5775539875030518,0.9730273279516972,0.9889073371887208,0.9179817287887128,1.0326178073883057,0.845853547538008,1.0135951042175293,0.7772368535224252,0.3459615707397461,0.6536219329617224,1.566249132156372,0.8378423166262956,0.9853625297546388,0.7913707217334969,0.9854278564453124,0.7438243112139065,0.991163969039917,0.6812724145197491,0.9991354942321776,0.5463317882791431,1.562485694885254,0.7356383264271701,1.037747859954834,0.6954517663410468,1.0284085273742676,0.948051948051948,0.7997102737426758,340,0.8245184421539307,0.0,0.1139371395111084,0.0295359014899984,0.0091538429260253,26.535031722111405,0.0016243457794189,0.024840953795980506,1.1690301895141602,0.7792207792207793,0.0006325244903564,0,0,0,['cluster'],['intersecting']
figure_ascending_markersize110_cereal_tsne.png,cereal_tsne,77,7,110,0.93677240364279,1.0308020114898682,0.8543097838240031,1.0249638557434082,0.7581096769200228,1.6255428791046145,0.922846319492217,0.3460545539855957,0.8678646575648108,1.0118558406829834,0.8071424588844497,1.024921178817749,0.7355043030743454,1.046330213546753,0.6140995363084838,1.619837522506714,0.7929919521206472,1.041470289230347,0.7481058450386259,1.037259578704834,0.7090276783664068,1.0723350048065186,0.6457082167304804,0.3487606048583984,0.5160675910450953,1.641087293624878,0.6951735792836798,1.092149257659912,0.6573908404251048,1.051048994064331,0.948051948051948,0.8612120151519775,777,0.8421685695648193,0.0,0.1155235767364502,0.0295359014899984,0.0092921257019042,26.535031722111405,0.0015833377838134,0.027537025345282164,1.2421741485595703,0.7792207792207793,0.0006024837493896,0,0,0,['cluster'],['intersecting']
figure_ascending_markersize160_cereal_tsne.png,cereal_tsne,77,7,160,0.8721157683753662,1.092193841934204,0.7940312174242306,1.0710535049438477,0.6997164918163752,0.9210658073425292,0.8631712935817952,1.082977056503296,0.8148536676121039,1.0786418914794922,0.7525893625554378,1.067553997039795,0.6837052465380113,1.0807178020477295,0.5666600432293905,0.9217500686645508,0.7425112419068113,1.055715560913086,0.7023660118370287,1.0718882083892822,0.6618769020476378,1.0791680812835691,0.600297444732145,1.081106424331665,0.4761218313709108,1.66214919090271,0.6514474175535098,0.3536412715911865,0.6171681411338761,1.0966439247131348,0.948051948051948,0.8783049583435059,1377,0.8854732513427734,0.0,0.1187407970428466,0.0295359014899984,0.0092291831970214,26.535031722111405,0.001626968383789,0.03028022170733621,1.3576374053955078,0.7792207792207793,0.0006649494171142,0,0,0,['cluster'],['intersecting']
figure_descending_markersize10_cereal_tsne.png,cereal_tsne,77,7,10,0.979051723355004,1.1176085472106934,0.9660959113436608,0.3181495666503906,0.9629023710773272,1.6707680225372314,0.985627042192624,1.0941524505615234,0.9689532758498676,1.0961997509002686,0.8699850884410666,0.3452670574188232,0.8416641682457005,1.1399908065795898,0.7647893728248739,1.6558144092559814,0.8793621862448759,1.0977394580841064,0.855565336521217,1.0828099250793457,0.7827828596573123,0.3408670425415039,0.745628328043618,1.0846905708312988,0.6342874693320597,1.7127861976623535,0.7937810987705961,1.140366792678833,0.7659348308094267,0.333904504776001,0.948051948051948,0.9505658149719238,40,0.965731143951416,0.0,0.1193852424621582,0.0295359014899984,0.0092043876647949,26.53503172211141,0.001636266708374,0.02221842452549754,1.3210601806640625,0.7792207792207793,0.0005989074707031,0,0,4,['cluster'],['intersecting']
figure_descending_markersize60_cereal_tsne.png,cereal_tsne,77,7,60,0.932806062001162,1.1206676959991455,0.9030749144899712,0.3456270694732666,0.9058781397716322,1.6941328048706057,0.942274975820062,1.138685941696167,0.9063222940246078,1.1399660110473633,0.8092881973276875,1.1411449909210205,0.7760339571256711,0.3453917503356933,0.714762053201639,1.7216167449951172,0.814322740751844,1.1393802165985107,0.7824240386366905,0.3282568454742431,0.7146566666815477,1.1291370391845703,0.6803281248458646,1.133427619934082,0.5902376727113363,1.741502046585083,0.7169654565359109,1.161466121673584,0.6883267374171272,0.3368184566497803,0.948051948051948,0.9584956169128418,340,0.9503026008605956,0.0,0.1174719333648681,0.0295359014899984,0.0091331005096435,26.53503172211141,0.0015597343444824,0.0248409537959805,1.3107147216796875,0.7792207792207793,0.0005934238433837,0,0,76,['cluster'],['intersecting']
figure_descending_markersize110_cereal_tsne.png,cereal_tsne,77,7,110,0.8795882406832365,0.3435060977935791,0.8517979606108628,1.142955303192139,0.8904885331112803,1.7423532009124756,0.883866119965321,1.137420892715454,0.8509607759895776,1.2012550830841064,0.7632568190857411,0.3513743877410888,0.7336025137523006,1.165393590927124,0.7019171993903881,1.776400804519653,0.7633151544461664,0.3427448272705078,0.7351734222488786,1.233165264129639,0.6741022876801799,1.170116901397705,0.6442117238130932,1.2101728916168213,0.5792535117497243,0.908912181854248,0.6717014411853,1.2091972827911377,0.647121754513619,1.1846003532409668,0.948051948051948,0.1249260902404785,777,0.9946403503417968,0.0,1.003783941268921,0.0295359014899984,0.0091910362243652,26.53503172211141,0.0015597343444824,0.027537025345282164,0.5120809078216553,0.7792207792207793,0.0006053447723388,0,0,241,['cluster'],['intersecting']
figure_descending_markersize160_cereal_tsne.png,cereal_tsne,77,7,160,0.8058647309519809,1.225794553756714,0.7905537492726861,0.3502802848815918,0.8893175589342872,1.765774488449097,0.8091595587950382,1.184119701385498,0.7838022625376677,1.2031350135803225,0.7012612668621394,0.3465611934661865,0.6810676180388452,1.2140908241271973,0.6907544964542716,1.7758660316467283,0.7010341762364856,1.1925013065338137,0.6786054780647055,0.3469221591949463,0.6206935346280215,1.2012803554534912,0.5982185574330405,1.2195172309875488,0.5646760228258985,0.929696559906006,0.6183994516542493,1.2441143989562988,0.5983049260470301,1.2392606735229492,0.948051948051948,0.1227202415466308,1377,1.0442285537719729,0.0,1.0291595458984375,0.0295359014899984,0.0090997219085693,26.53503172211141,0.001655101776123,0.03028022170733621,0.576688289642334,0.7792207792207793,0.0006330013275146,0,0,537,['cluster'],['intersecting']
figure_category_based_markersize10_n500-d5-c3-spr0.2-out0_tsne.png,n500-d5-c3-spr0.2-out0_tsne,500,3,10,0.9877371361648616,1.225865364074707,0.9898382257901602,0.3250176906585693,0.9988830920798938,1.4912495613098145,0.9873856430466452,1.2222692966461182,0.989296409798162,0.3365292549133301,0.976112768457154,1.2421150207519531,0.977166168752864,1.2544963359832764,0.9841321452446208,1.5290305614471436,0.9754622591578388,0.3432753086090088,0.976888508430622,1.254769802093506,0.9647588252636592,1.2504804134368896,0.9648144695858206,0.3469283580780029,0.9698105258079618,1.5431575775146484,0.9638234060388502,1.291844129562378,0.964787995210723,0.3366143703460693,1.0,1.0557594299316406,28,0.117913007736206,0.0,1.0430607795715332,0.0305435046815817,0.0573015213012695,11.179792222944853,0.005364179611206,-,15.0,0.59,0.00217866897583,0,0,7,['cluster'],['intersecting']
figure_category_based_markersize60_n500-d5-c3-spr0.2-out0_tsne.png,n500-d5-c3-spr0.2-out0_tsne,500,3,60,0.8021233122983267,0.3634710311889648,0.8085734465052737,1.3452894687652588,0.8332639080396252,0.6256194114685059,0.8033117409474868,1.2866673469543457,0.8044270736975364,1.307133436203003,0.6895232848173752,0.3775684833526611,0.6939022781294197,1.283961057662964,0.7019951222445245,1.5685665607452393,0.6887130909153298,0.3799135684967041,0.6887987805754264,1.3003191947937012,0.6046447893829827,1.307145118713379,0.6077164681184748,0.3622241020202636,0.6064565801918378,1.584383487701416,0.6027291089776834,0.3778791427612304,0.6022337431061758,1.2768499851226809,1.0,1.1473968029022217,3046,0.1273229122161865,0.0,1.0552387237548828,0.0305435046815817,0.0577170848846435,11.179792222944853,0.0053508281707763,-,15.0,0.59,0.0018157958984375,0,0,695,['cluster'],['intersecting']
figure_category_based_markersize110_n500-d5-c3-spr0.2-out0_tsne.png,n500-d5-c3-spr0.2-out0_tsne,500,3,110,0.5821629250655584,0.3952572345733642,0.5968944385804872,1.353402614593506,0.6452993967598454,0.657881498336792,0.5826315272375895,1.342289686203003,0.5874522576764312,1.406111478805542,0.4425973481715473,0.4048635959625244,0.4526759814512457,1.3479063510894775,0.4677941358190287,1.642686128616333,0.4416271439737508,0.4189600944519043,0.4448659125761892,1.409484624862671,0.3570092716834916,1.3893301486968994,0.3645865257120515,0.4044792652130127,0.3668759903418312,1.6713299751281738,0.3555736989126132,1.396911859512329,0.3579776243505337,0.4023690223693847,1.0,1.214684009552002,14358,0.1379308700561523,0.0,1.1075482368469238,0.0305435046815817,0.0572998523712158,11.179792222944853,0.005326509475708,-,15.0,0.59,0.0020172595977783,0,0,3510,['cluster'],['intersecting']
figure_category_based_markersize160_n500-d5-c3-spr0.2-out0_tsne.png,n500-d5-c3-spr0.2-out0_tsne,500,3,160,0.4480177824642072,0.4194958209991455,0.4640636136181442,1.460641622543335,0.5146773310515773,0.7147808074951172,0.4478843837631567,1.4287207126617432,0.4535273132755584,1.424457550048828,0.3234547545047385,0.4529471397399902,0.3324124922050054,1.4248805046081543,0.3444989032972642,0.7106449604034424,0.3225201129198313,1.429643154144287,0.325480182753265,1.445807933807373,0.2530882614342348,0.4474880695343017,0.2589503553850554,1.4334113597869873,0.2588950648650379,0.7288932800292969,0.2519878954194742,1.4997036457061768,0.2538181558401391,1.5320415496826172,0.998,0.2708368301391601,30904,1.1644911766052246,0.0,0.1161606311798095,0.0305435046815817,0.0576293468475341,11.179792222944853,0.0055060386657714,-,15.0,0.59,0.0019056797027587,0,0,8376,['cluster'],['intersecting']
figure_ascending_markersize10_n500-d5-c3-spr0.2-out0_tsne.png,n500-d5-c3-spr0.2-out0_tsne,500,3,10,0.9915307295532014,0.3299579620361328,0.9913548620308076,1.3669369220733645,0.9930218605156368,0.6044251918792725,0.9909153557360524,1.3266263008117676,0.9911113491042686,0.343390941619873,0.9798660073330232,1.3351044654846191,0.9786632431904776,1.358673334121704,0.9773762248672871,0.6172852516174316,0.9789519617339504,1.348894119262695,0.9786652836741804,1.3367726802825928,0.9684725497886032,0.3449325561523437,0.9662924803898963,1.3299386501312256,0.9622159541499417,0.6156711578369141,0.9672739916598896,1.339907169342041,0.9665279291209125,1.3530752658843994,1.0,0.1218690872192382,28,1.1397526264190674,0.0,0.1106765270233154,0.0305435046815817,0.0571303367614746,11.179792222944853,0.0053005218505859,0.0050050075125219135,12.655744075775146,0.59,0.0018537044525146,0,0,0,['cluster'],['intersecting']
figure_ascending_markersize60_n500-d5-c3-spr0.2-out0_tsne.png,n500-d5-c3-spr0.2-out0_tsne,500,3,60,0.845274524604643,1.4272992610931396,0.8167966011963985,0.3770730495452881,0.7744635103894477,1.6852614879608154,0.843676718981857,0.3668913841247558,0.8259009931614403,1.3779776096343994,0.7235080739850177,1.432850360870361,0.7007362699481803,0.3599433898925781,0.6559227525248057,1.6786613464355469,0.7204434914527831,0.3684616088867187,0.7056904838712779,1.4111292362213137,0.6324064429053551,0.3782899379730224,0.6135549661712938,1.4655263423919678,0.5688530900953452,1.674384593963623,0.6286225550518199,0.3648176193237304,0.6160272546984271,1.4516403675079346,1.0,1.2718605995178225,3046,0.1262235641479492,0.0,0.1133618354797363,0.0305435046815817,0.0572445392608642,11.179792222944853,0.0053217411041259,0.01450205185153805,14.65827226638794,0.59,0.0018787384033203,0,0,0,['cluster'],['intersecting']
figure_ascending_markersize110_n500-d5-c3-spr0.2-out0_tsne.png,n500-d5-c3-spr0.2-out0_tsne,500,3,110,0.6489628763579911,0.7128286361694336,0.6091458138766402,0.6154344081878662,0.5487911060820301,0.9881389141082764,0.6452839882954298,0.6892619132995605,0.6217845379428163,0.6472518444061279,0.4836206030167306,0.6039583683013916,0.4616461560524275,0.6775460243225098,0.409684395326756,0.8798601627349854,0.4801971653504278,0.5915203094482422,0.4662413025759583,0.7165067195892334,0.3854228574087142,0.6358039379119873,0.3716533488523388,0.6994590759277344,0.3268380084263161,1.068760871887207,0.3823725357915822,0.6855964660644531,0.372946449163551,0.693662166595459,1.0,0.6288714408874512,14358,0.2527744770050049,0.0,0.3457236289978027,0.0305435046815817,0.0555126667022705,11.179792222944853,0.0052604675292968,-,15.0,0.59,0.0020461082458496,0,0,0,['cluster'],['intersecting']
figure_ascending_markersize160_n500-d5-c3-spr0.2-out0_tsne.png,n500-d5-c3-spr0.2-out0_tsne,500,3,160,0.5210099843223379,0.7272400856018066,0.4777495826153841,0.8308925628662109,0.4108289615966517,1.048316478729248,0.5159837560958118,0.7742547988891602,0.4909748677874532,0.7872347831726074,0.362776092648394,0.7613217830657959,0.3413995088809547,0.725339412689209,0.288825426825569,1.0293490886688232,0.3592033486372411,0.7560222148895264,0.3453469385644796,0.745690107345581,0.2782652490845694,0.7770991325378418,0.2655977269918039,0.7794151306152344,0.2226925928773687,1.0581791400909424,0.2754948956448756,0.8216331005096436,0.2663460925694266,0.6877014636993408,0.998,0.5620086193084717,30904,0.441002607345581,0.0,0.4165475368499756,0.0305435046815817,0.0557680130004882,11.179792222944853,0.0053236484527587,-,15.0,0.59,0.0018310546875,0,0,0,['cluster'],['intersecting']
figure_descending_markersize10_n500-d5-c3-spr0.2-out0_tsne.png,n500-d5-c3-spr0.2-out0_tsne,500,3,10,0.987736883726428,0.740772008895874,0.9898381414452068,0.7520434856414795,0.9993245695433662,0.9939115047454834,0.9873853726490812,0.7377383708953857,0.9892962972713486,0.7341680526733398,0.9760130057304826,0.6048195362091064,0.9771259490100456,0.7626709938049316,0.9838861287328624,1.0084903240203855,0.9753584644623954,0.7787115573883057,0.976837565068272,0.7416946887969971,0.9645641746809064,0.74709153175354,0.964736134077634,0.779757022857666,0.9689174438204898,1.042593240737915,0.9636210194398204,0.8018186092376709,0.9646887290045526,0.7268757820129395,1.0,0.4657068252563476,28,0.2752282619476318,0.0,0.4705047607421875,0.0305435046815817,0.0556035041809082,11.179792222944853,0.0052363872528076,0.005005007512521914,12.10761857032776,0.59,0.0017421245574951,0,0,7,['cluster'],['intersecting']
figure_descending_markersize60_n500-d5-c3-spr0.2-out0_tsne.png,n500-d5-c3-spr0.2-out0_tsne,500,3,60,0.7842345419914212,0.6933286190032959,0.797734659964183,0.8158509731292725,0.873276253033943,1.1169710159301758,0.7881812661118175,0.8495402336120605,0.7956275599248497,0.8657081127166748,0.6749504257882051,0.8254189491271973,0.6853823764670863,0.8817141056060791,0.7331397822509811,0.9489357471466064,0.6762703484737793,0.6829476356506348,0.6817436685019912,0.8584980964660645,0.5923988639525716,0.8747704029083252,0.6007703780003467,0.715721845626831,0.631759940395153,1.1604712009429932,0.5921878104455102,0.8858866691589355,0.5963795735179633,0.7398271560668945,1.0,0.6390912532806396,3046,0.3420746326446533,0.0,0.3248031139373779,0.0305435046815817,0.0555760860443115,11.179792222944853,0.0052802562713623,0.014502051851538057,14.152231693267822,0.59,0.0017256736755371,0,0,1097,['cluster'],['intersecting']
figure_descending_markersize110_n500-d5-c3-spr0.2-out0_tsne.png,n500-d5-c3-spr0.2-out0_tsne,500,3,110,0.548915115689167,0.957676649093628,0.577371485159929,0.7716841697692871,0.7149792975826187,1.1051945686340332,0.5559416231706804,0.7936747074127197,0.5728327471523282,0.9707810878753662,0.4201595303255696,0.9818627834320068,0.4391553144361595,0.7860400676727295,0.5084442545259422,1.052177906036377,0.4233032980571831,0.7896010875701904,0.4347876888098544,1.0079233646392822,0.340330365232358,0.8287529945373535,0.3543322107740368,0.8356080055236816,0.3944888320551615,1.0916917324066162,0.3417641236893664,0.616248607635498,0.3503564526615227,0.9879679679870604,1.0,0.7026722431182861,14358,0.3655209541320801,0.0,0.3442609310150146,0.0305435046815817,0.0557882785797119,11.179792222944853,0.0053634643554687,-,15.0,0.59,0.0018219947814941,0,0,5750,['cluster'],['intersecting']
figure_descending_markersize160_n500-d5-c3-spr0.2-out0_tsne.png,n500-d5-c3-spr0.2-out0_tsne,500,3,160,0.4110574896588485,0.8712410926818848,0.4427181161989972,0.8742728233337402,0.5952715609890267,1.1220552921295166,0.4187243108687406,0.8704104423522949,0.4375573098449374,0.8602950572967529,0.3004970485967712,0.8784701824188232,0.3177713745377876,1.1161978244781494,0.3839605016583725,1.1721820831298828,0.3039641833109551,0.8849048614501953,0.3153272814319761,0.6543455123901367,0.2368046709501851,1.1059188842773438,0.247827820181861,0.8727309703826904,0.2833693181855569,0.9257159233093262,0.2385771430579334,1.1424202919006348,0.2464753086653937,0.6710004806518555,0.998,0.8041336536407471,30904,0.403177261352539,0.0,0.6724739074707031,0.0305435046815817,0.0574982166290283,11.179792222944853,0.0055491924285888,-,15.0,0.59,0.0017404556274414,0,0,13790,['cluster'],['intersecting']
figure_category_based_markersize10_JavierGeneratedData_3dinterleaved_3classes_tsne.png,JavierGeneratedData_3dinterleaved_3classes_tsne,600,3,10,1.0,0.8045351505279541,1.0,0.5663955211639404,1.0,1.3500878810882568,1.0,0.5988891124725342,1.0,1.0599164962768557,0.7646724588500493,0.5674386024475098,0.7716960788878477,1.063460350036621,0.761523835948293,0.8391618728637695,0.7656683371607935,1.083305597305298,0.7658398137488118,0.5797810554504395,0.6190038134649094,0.8401963710784912,0.6282615121745483,1.1068296432495115,0.6148877613089847,0.8820741176605225,0.6203100513516808,0.8538007736206055,0.6205351803440374,0.8523209095001221,0.9933333333333332,0.716754674911499,549,0.4156820774078369,0.0,0.4084823131561279,0.0297247932387706,0.0570828914642334,4.732334246210577,0.0060839653015136,-,15.0,0.0016666666666666,0.0025014877319335,0,0,0,"['lip_cluster','linear']",['separated']
figure_category_based_markersize60_JavierGeneratedData_3dinterleaved_3classes_tsne.png,JavierGeneratedData_3dinterleaved_3classes_tsne,600,3,60,1.0,0.6570687294006348,1.0,0.9238927364349364,1.0,1.2068824768066406,1.0,0.9365108013153076,1.0,0.9087910652160645,0.2873394309586604,0.9234683513641356,0.2966698849288768,0.9350063800811768,0.2771889663347286,1.2454960346221924,0.2802277208775929,0.6646125316619873,0.2854776842859667,0.9372637271881104,0.1677737177773051,0.9275290966033936,0.1741705159228569,0.6533210277557373,0.1608934241296392,1.1877388954162598,0.1629446667326165,0.9528546333312988,0.1665056684707403,0.6705820560455322,0.9116666666666666,0.7960772514343262,17383,0.4504618644714355,0.0,0.4471793174743652,0.0297247932387706,0.0553565025329589,4.732334246210577,0.0060739517211914,-,15.0,0.0016666666666666,0.0024261474609375,0,0,0,"['lip_cluster','linear']",['separated']
figure_category_based_markersize110_JavierGeneratedData_3dinterleaved_3classes_tsne.png,JavierGeneratedData_3dinterleaved_3classes_tsne,600,3,110,0.9750265755916108,0.7272353172302246,0.9615835129433584,0.7047388553619385,1.012943381167648,1.2812614440917969,0.985995114913754,1.0321452617645264,0.9895068769062624,0.720212459564209,0.2204530995258525,1.0209529399871826,0.2248295887829163,1.0345830917358398,0.2084870404762828,1.3111586570739746,0.2147008638153471,0.7257964611053467,0.2166723141354758,1.026942253112793,0.1242759159860557,1.0573828220367432,0.1272965083806689,0.7520942687988281,0.1162020468967945,1.3354833126068115,0.1204662174506271,0.7375228404998779,0.1216556224834251,1.0709164142608645,0.645,0.5137898921966553,33437,0.4915938377380371,0.0,0.466900110244751,0.0297247932387706,0.0569157600402832,4.732334246210577,0.0060360431671142,-,15.0,0.0016666666666666,0.0023412704467773,0,0,13,"['lip_cluster','linear']",['separated']
figure_category_based_markersize160_JavierGeneratedData_3dinterleaved_3classes_tsne.png,JavierGeneratedData_3dinterleaved_3classes_tsne,600,3,160,0.8716704281756431,1.0944864749908447,0.8120896388862022,0.7476956844329834,1.0809775405889028,1.3915605545043943,0.9239865678348836,0.7815971374511719,0.9421266149782396,1.1138081550598145,0.1981933879980308,1.1166377067565918,0.19746345160014,0.7757952213287354,0.1927211701617655,1.4024076461791992,0.1962776246404501,0.7963407039642334,0.1968577590657652,0.7636034488677979,0.1118076552019617,1.1306231021881104,0.1123966105663839,1.1462273597717283,0.1057910161791766,1.038543701171875,0.10980104233697,1.1683061122894287,0.1099119544767599,0.8332288265228271,0.4933333333333333,0.5540423393249512,42369,0.5434937477111816,0.0,0.4961225986480713,0.0297247932387706,0.0591123104095459,4.732334246210577,0.0062792301177978,-,15.0,0.0016666666666666,0.0023143291473388,0,0,85,"['lip_cluster','linear']",['separated']
figure_ascending_markersize10_JavierGeneratedData_3dinterleaved_3classes_tsne.png,JavierGeneratedData_3dinterleaved_3classes_tsne,600,3,10,1.0,1.0413539409637451,1.0,1.046699047088623,1.0,0.9818062782287598,1.0,0.7200250625610352,1.0,1.0702486038208008,0.7695969771473979,0.714489221572876,0.7727217723432577,0.6892986297607422,0.7491072376156118,1.3448219299316406,0.7673376139679687,1.0695509910583496,0.766574712224442,0.6951289176940918,0.6254836527978791,0.7048242092132568,0.6296223259974432,1.0723891258239746,0.5988580797187615,1.0012309551239014,0.6225042823266849,0.7078104019165039,0.6215007263284948,1.0999250411987305,0.9933333333333332,0.5507290363311768,549,0.5414078235626221,0.0,0.5473237037658691,0.0297247932387706,0.0565295219421386,4.732334246210578,0.0060555934906005,-,15.0,0.0016666666666666,0.0023493766784667,0,0,0,"['lip_cluster','linear']",['separated']
figure_ascending_markersize60_JavierGeneratedData_3dinterleaved_3classes_tsne.png,JavierGeneratedData_3dinterleaved_3classes_tsne,600,3,60,1.0,0.7725462913513184,1.0,0.7957830429077148,1.0,1.434150457382202,1.0,0.7694792747497559,1.0,1.1516549587249756,0.3051343685011249,0.7767252922058105,0.2993632079011709,0.7597150802612305,0.2449212452216098,1.4279417991638184,0.2863925367005595,0.777611494064331,0.2881315276708562,1.1870157718658447,0.18003454836197,0.7992937564849854,0.1760300666738568,0.7774853706359863,0.1395500028444796,1.47835373878479,0.1671284368411475,0.7904260158538818,0.1683140570249702,0.7776122093200684,0.9116666666666666,0.6168138980865479,17383,0.5812830924987793,0.0,0.5804693698883057,0.0297247932387706,0.060021162033081,4.732334246210578,0.0062501430511474,-,15.0,0.0016666666666666,0.0023503303527832,0,0,0,"['lip_cluster','linear']",['separated']
figure_ascending_markersize110_JavierGeneratedData_3dinterleaved_3classes_tsne.png,JavierGeneratedData_3dinterleaved_3classes_tsne,600,3,110,0.9979952143362616,0.8511252403259277,0.9974604060295232,0.8582327365875244,0.996461176512472,1.1114740371704102,0.9991292883636076,0.8305661678314209,0.9977623155936386,1.2623274326324463,0.2452077082912656,0.8597660064697266,0.2306643523077953,0.8660008907318115,0.1678604997718837,1.1218562126159668,0.2238358122475094,1.2693142890930176,0.2205700348904562,0.8369286060333252,0.1397752653965848,0.8397774696350098,0.1304110619733314,0.8331632614135742,0.0916497546614766,1.563697338104248,0.1260358693981926,0.8514411449432373,0.123989914571352,0.84964919090271,0.645,0.6297626495361328,33437,0.6214344501495361,0.0,0.606060266494751,0.0297247932387706,0.0582940578460693,4.732334246210578,0.0062446594238281,-,15.0,0.0016666666666666,0.0024271011352539,0,0,0,"['lip_cluster','linear']",['separated']
figure_ascending_markersize160_JavierGeneratedData_3dinterleaved_3classes_tsne.png,JavierGeneratedData_3dinterleaved_3classes_tsne,600,3,160,0.9882000282267877,0.9124057292938232,0.9857136909302596,0.8963935375213623,0.979363960046217,1.1681947708129885,0.9956036793656936,0.8973679542541504,0.9873173359086608,0.8887972831726074,0.2332399625881138,0.8906989097595215,0.2138243078177801,1.358897686004639,0.1408956648557339,1.1667826175689695,0.2110093006109599,0.9359071254730223,0.2037326976249612,0.9092061519622804,0.1322240788005204,0.9018917083740234,0.1199187409162138,1.4125099182128906,0.0759080690140403,1.2155182361602783,0.118010260212542,0.920830249786377,0.1135855214957891,0.9184823036193848,0.4933333333333333,0.6726915836334229,42369,0.6690175533294678,0.0,0.1240220069885253,0.0297247932387706,0.0592858791351318,4.732334246210578,0.0064547061920166,-,15.0,0.0016666666666666,0.0023636817932128,0,0,0,"['lip_cluster','linear']",['separated']
figure_descending_markersize10_JavierGeneratedData_3dinterleaved_3classes_tsne.png,JavierGeneratedData_3dinterleaved_3classes_tsne,600,3,10,1.0,0.8063020706176758,1.0,1.308302640914917,1.0,1.0779926776885986,1.0,0.8157429695129395,1.0,0.7899188995361328,0.761001291788056,0.8293678760528564,0.771140170785837,0.8248906135559082,0.770418834811222,1.610429763793945,0.7642539686808175,0.8665189743041992,0.7652885751765991,0.8245971202850342,0.614206687016076,0.816932201385498,0.6275249238792102,0.8074538707733154,0.6265701334917075,1.594306468963623,0.6184555315665969,0.8345718383789062,0.6198116902385165,0.8445265293121338,0.9933333333333332,0.6662905216217041,549,0.1216704845428466,0.0,0.6618752479553223,0.0297247932387706,0.0580382347106933,4.732334246210577,0.0061538219451904,-,15.0,0.0016666666666666,0.0024547576904296,0,0,0,"['lip_cluster','linear']",['separated']
figure_descending_markersize60_JavierGeneratedData_3dinterleaved_3classes_tsne.png,JavierGeneratedData_3dinterleaved_3classes_tsne,600,3,60,1.0,0.8583776950836182,1.0,1.3956830501556396,1.0,1.1764440536499023,1.0,0.9018621444702148,1.0,0.9095187187194824,0.2741068978792558,0.9033191204071044,0.2945588674431589,0.9096882343292236,0.3016983590906414,1.1692728996276855,0.2740811123910806,0.8862285614013672,0.2829142585405623,0.8617792129516602,0.1588203218046578,0.905156135559082,0.1727171122004949,0.9064218997955322,0.1776470986208883,1.1756138801574707,0.158803008854484,1.4518029689788818,0.1647642000102448,0.3647446632385254,0.9116666666666666,0.7212698459625244,17383,0.6862759590148926,0.0,0.683931827545166,0.0297247932387706,0.0567867755889892,4.732334246210577,0.0061004161834716,-,15.0,0.0016666666666666,0.0023374557495117,0,0,0,"['lip_cluster','linear']",['separated']
figure_descending_markersize110_JavierGeneratedData_3dinterleaved_3classes_tsne.png,JavierGeneratedData_3dinterleaved_3classes_tsne,600,3,110,0.9734452924477334,1.5125598907470703,0.961258158778686,0.9905200004577636,1.0117497007016896,1.2487716674804688,0.9855629671009286,0.9635403156280518,0.9893837316737392,0.4075517654418945,0.202410392567227,1.4913244247436523,0.2221229418360288,0.970200777053833,0.2378214500664988,1.27243971824646,0.205980782184892,0.420741319656372,0.2132744332693031,1.5199134349822998,0.1129479398238939,0.9816665649414062,0.1255694671247632,0.4077990055084228,0.1347475790609839,1.7828583717346191,0.1150086895822385,0.9706294536590576,0.1195191660707045,0.3963625431060791,0.645,0.735515832901001,33437,0.7243099212646484,0.0,0.7323894500732422,0.0297247932387706,0.0587329864501953,4.732334246210577,0.0063464641571044,-,15.0,0.0016666666666666,0.0023164749145507,0,0,13,"['lip_cluster','linear']",['separated']
figure_descending_markersize160_JavierGeneratedData_3dinterleaved_3classes_tsne.png,JavierGeneratedData_3dinterleaved_3classes_tsne,600,3,160,0.8610326803689465,0.4365603923797607,0.810201671756658,0.9925141334533693,1.0706324350002066,1.8304681777954104,0.9207048679981356,0.4302470684051513,0.9411934029142596,1.5926802158355713,0.1775338940627671,0.4328024387359619,0.1945272175985205,1.5978379249572754,0.2252155262640064,0.6941986083984375,0.1858019692979379,1.6248934268951416,0.1929220304394998,0.4297471046447754,0.0989701329881374,1.0158941745758057,0.1105329376346613,1.0474259853363037,0.1258438610008252,1.408668041229248,0.103326875517988,0.4436838626861572,0.107476015464525,1.0088763236999512,0.4933333333333333,0.7807869911193848,42369,0.7726237773895264,0.0,0.7502808570861816,0.0297247932387706,0.0595285892486572,4.732334246210577,0.0064141750335693,-,15.0,0.0016666666666666,0.0023612976074218,0,0,85,"['lip_cluster','linear']",['separated']
figure_category_based_markersize10_n500-d10-c3-spr0.1-out0_umap.png,n500-d10-c3-spr0.1-out0_umap,500,3,10,1.0,0.9399759769439696,1.0,0.951789379119873,1.0,0.6006903648376465,1.0,0.9462490081787108,1.0,1.5483427047729492,0.54328328588208,0.325789213180542,0.5575664756954974,1.554041862487793,0.5510463740079176,0.5798959732055664,0.5455763733600518,0.9223041534423828,0.5552241728959262,0.9130938053131104,0.3729505404975409,1.520869493484497,0.386545699542264,0.3330385684967041,0.3803064253561754,1.2161784172058103,0.3751151750886076,0.9160633087158204,0.3842978007244377,0.9281392097473145,0.972,0.7378628253936768,1083,0.7557721138000488,0.0,0.7404017448425293,0.0280039023200205,0.0499260425567626,3.5902102849001927,0.0050873756408691,-,15.0,0.0,0.0021576881408691,0,0,0,['cluster'],['separated']
figure_category_based_markersize60_n500-d10-c3-spr0.1-out0_umap.png,n500-d10-c3-spr0.1-out0_umap,500,3,60,1.0,0.3651542663574219,1.0,1.0325706005096436,1.0,1.9205398559570312,1.0,0.3666565418243408,1.0,0.9793670177459716,0.246118025161254,0.9980604648590088,0.2442389220778557,0.9691145420074464,0.2284311864236415,1.27842116355896,0.2443599670549707,1.0107507705688477,0.2448104390199742,1.66408371925354,0.1403275868570817,0.3606147766113281,0.1391071513937992,1.0193769931793213,0.1289428808370675,1.2335374355316162,0.1391856886773451,0.9766981601715088,0.1394780623485946,1.0092713832855225,0.806,0.8043394088745117,14737,0.7905550003051758,0.0,0.7956633567810059,0.0280039023200205,0.0526938438415527,3.5902102849001927,0.0053839683532714,-,15.0,0.0,0.0020046234130859,0,0,0,['cluster'],['separated']
figure_category_based_markersize110_n500-d10-c3-spr0.1-out0_umap.png,n500-d10-c3-spr0.1-out0_umap,500,3,110,1.0,0.3765356540679931,1.0,1.040888786315918,1.0,1.3057212829589844,1.0,1.0284218788146973,1.0,1.0298025608062744,0.2016478587346123,1.05525541305542,0.1982546080207528,1.0384364128112793,0.1856737665176576,1.3323957920074463,0.1999355354521662,1.0819048881530762,0.1989901116745832,0.369356632232666,0.1121292399344687,1.0428144931793213,0.1100347523591924,1.0365700721740725,0.1023375857611247,1.314051628112793,0.1110713196054281,1.045285701751709,0.1104880728109741,1.0554530620574951,0.524,0.8486659526824951,24677,0.8270912170410156,0.0,0.1143081188201904,0.0280039023200205,0.0535428524017334,3.5902102849001927,0.0054032802581787,-,15.0,0.0,0.0019092559814453,0,0,0,['cluster'],['separated']
figure_category_based_markersize160_n500-d10-c3-spr0.1-out0_umap.png,n500-d10-c3-spr0.1-out0_umap,500,3,160,1.0,0.3986885547637939,1.0,1.140225172042847,1.0,1.3576087951660156,1.0,1.1300106048583984,1.0,1.0923597812652588,0.1907221012573039,0.4086627960205078,0.1866214637335878,1.0794618129730225,0.1755053425028783,1.3215906620025637,0.1890894213759192,1.092360496520996,0.1874629790138416,1.10313081741333,0.1054133814323607,1.1135010719299316,0.1029136829411387,0.4106624126434326,0.0961939470645752,1.3621041774749756,0.104416763371932,1.053354024887085,0.1034257379812565,1.0867607593536377,0.344,0.8594105243682861,29635,0.8655340671539307,0.0,0.1119067668914794,0.0280039023200205,0.0533971786499023,3.5902102849001927,0.0053877830505371,-,15.0,0.0,0.0020480155944824,0,0,0,['cluster'],['separated']
figure_ascending_markersize10_n500-d10-c3-spr0.1-out0_umap.png,n500-d10-c3-spr0.1-out0_umap,500,3,10,1.0,1.0131008625030518,1.0,1.0275840759277344,1.0,1.3324463367462158,1.0,1.0275704860687256,1.0,1.0343093872070312,0.5499356094300414,0.3211028575897217,0.5591365641633823,1.026623010635376,0.5273108988159447,1.310293197631836,0.5496356315044988,1.0492937564849854,0.5571261134843813,1.0049827098846436,0.3792490961135077,0.309312105178833,0.3880565987426333,1.0347096920013428,0.3580598908432079,1.2655904293060305,0.3789638269138183,1.020246982574463,0.3861225285806368,1.0069050788879397,0.972,0.8728451728820801,1083,0.8526673316955566,0.0,0.1109945774078369,0.0280039023200205,0.0531005859375,3.590210284900192,0.0053117275238037,0.02611145458540323,12.209445714950562,0.0,0.0019888877868652,0,0,0,['cluster'],['separated']
figure_ascending_markersize60_n500-d10-c3-spr0.1-out0_umap.png,n500-d10-c3-spr0.1-out0_umap,500,3,60,1.0,1.0787324905395508,1.0,0.3490605354309082,1.0,1.325777530670166,1.0,1.104841709136963,1.0,1.1079442501068115,0.2612579743102606,1.108750581741333,0.2469137594098049,0.354947566986084,0.1899610835176031,1.355129957199097,0.2545541090596449,1.0612449645996094,0.2491206030135242,1.069186449050903,0.1502568928858912,1.1208548545837402,0.1408451870152598,0.3585271835327148,0.1049486183903553,1.3562123775482178,0.1458390147645909,1.067068576812744,0.1422831312323954,1.0839309692382812,0.806,0.8855912685394287,14737,0.1165626049041748,0.0,0.8685295581817627,0.0280039023200205,0.051030158996582,3.590210284900192,0.0052614212036132,0.04926310696063366,14.255279302597046,0.0,0.0021095275878906,0,0,0,['cluster'],['separated']
figure_ascending_markersize110_n500-d10-c3-spr0.1-out0_umap.png,n500-d10-c3-spr0.1-out0_umap,500,3,110,1.0,1.2002570629119873,1.0,1.1572661399841309,1.0,0.6526618003845215,1.0,1.1173691749572754,1.0,1.122120380401611,0.2220819942422445,1.1233811378479004,0.2017728267265943,0.3782360553741455,0.1317343480051995,1.383561372756958,0.2138558251712966,1.15667462348938,0.2048985921004533,1.1290087699890137,0.1249112689803669,1.167391300201416,0.1122065274763348,1.1529860496520996,0.0705115719836432,0.6411714553833008,0.1197304384411218,1.1324470043182373,0.1141431850026822,1.1410903930664062,0.524,0.9521682262420654,24677,0.1318931579589843,0.0,0.9210078716278076,0.0280039023200205,0.0529744625091552,3.590210284900192,0.0053708553314208,-,15.0,0.0,0.0018908977508544,0,0,0,['cluster'],['separated']
figure_ascending_markersize160_n500-d10-c3-spr0.1-out0_umap.png,n500-d10-c3-spr0.1-out0_umap,500,3,160,1.0,0.3920967578887939,1.0,1.1622755527496338,1.0,1.451573610305786,1.0,1.1668155193328855,1.0,1.2016196250915527,0.2142491796074147,0.4104504585266113,0.1908067582305811,1.175424575805664,0.1072176161590365,1.4104390144348145,0.2055515484637767,1.2018511295318604,0.194479627920166,0.3999176025390625,0.1199770859185793,1.170353651046753,0.1054651066704013,1.185856819152832,0.0566455061471267,1.446969509124756,0.1145485947438637,1.183166265487671,0.107713892862997,0.3847560882568359,0.344,0.9266695976257324,29635,0.9517385959625244,0.0,0.1062242984771728,0.0280039023200205,0.0510087013244628,3.590210284900192,0.0051436424255371,-,15.0,0.0,0.0019984245300292,0,0,0,['cluster'],['separated']
figure_descending_markersize10_n500-d10-c3-spr0.1-out0_umap.png,n500-d10-c3-spr0.1-out0_umap,500,3,10,1.0,0.3216817378997803,1.0,1.0931062698364258,1.0,1.3879640102386477,1.0,1.1037683486938477,1.0,1.1345741748809814,0.5382640282926925,0.3075284957885742,0.5567007057686533,1.0905730724334717,0.5691633107389793,1.4046144485473633,0.5425377004945781,1.1341257095336914,0.5538386604170753,0.3153564929962158,0.3682361512004116,1.128671646118164,0.385713973528362,1.12835693359375,0.3977835590957156,0.5667665004730225,0.3722481882918577,1.0860202312469482,0.3829715573621982,1.102424383163452,0.972,0.9454071521759032,1083,0.1126117706298828,0.0,0.9333806037902832,0.0280039023200205,0.051769733428955,3.5902102849001927,0.0052475929260253,0.026111454585403225,12.279240608215332,0.0,0.0019307136535644,0,0,0,['cluster'],['separated']
figure_descending_markersize60_n500-d10-c3-spr0.1-out0_umap.png,n500-d10-c3-spr0.1-out0_umap,500,3,60,1.0,0.3498344421386719,1.0,1.2177293300628662,1.0,0.6399781703948975,1.0,1.170267105102539,1.0,1.1741173267364502,0.23196464117467,1.1884534358978271,0.2421013560879092,0.3575382232666015,0.2614075961325324,1.4426064491271973,0.2350017392754639,1.1847240924835205,0.2408862220969599,1.1970860958099363,0.1311990962266647,0.3514332771301269,0.1377220222146189,1.1535053253173828,0.150355883041382,1.435433864593506,0.1331455925508929,1.1796414852142334,0.1369361238157713,0.3610372543334961,0.806,0.9727468490600586,14737,0.9762368202209472,0.0,0.1100654602050781,0.0280039023200205,0.0519416332244873,3.5902102849001927,0.005145788192749,0.049263106960633685,14.051871299743652,0.0,0.0019705295562744,0,0,0,['cluster'],['separated']
figure_descending_markersize110_n500-d10-c3-spr0.1-out0_umap.png,n500-d10-c3-spr0.1-out0_umap,500,3,110,1.0,1.2138545513153076,1.0,1.204014778137207,1.0,0.6375324726104736,1.0,1.2239446640014648,1.0,1.1992180347442627,0.1826233906295657,1.2168779373168943,0.1955610266285937,0.3832178115844726,0.2256309022073919,1.4977033138275146,0.1870035605169886,1.2286407947540283,0.1937309908093355,0.3605489730834961,0.1004873671686735,1.1784112453460691,0.1083777448362292,1.2323405742645264,0.1271611991485235,1.5192358493804932,0.1031461267349834,0.3882310390472412,0.1072547831046165,1.2335870265960691,0.524,1.0596377849578855,24677,0.1316344738006591,0.0,0.9974651336669922,0.0280039023200205,0.0507173538208007,3.5902102849001927,0.0051205158233642,-,15.0,0.0,0.0020990371704101,0,0,0,['cluster'],['separated']
figure_descending_markersize160_n500-d10-c3-spr0.1-out0_umap.png,n500-d10-c3-spr0.1-out0_umap,500,3,160,1.0,0.4065048694610595,1.0,1.2605907917022705,1.0,1.5327770709991455,1.0,1.2765040397644043,1.0,0.4016823768615722,0.1675274132243196,1.3112976551055908,0.1833993288087528,1.2524676322937012,0.2223160087257293,0.6571881771087646,0.1728582421343136,1.2701330184936523,0.180828773265565,1.2864973545074463,0.0914215112593261,0.4070398807525635,0.1009574265369436,1.2891530990600586,0.1250593524028811,1.5499718189239502,0.0946058188370848,0.4004213809967041,0.0994017333872236,1.2392892837524414,0.344,1.0536749362945557,29635,0.1394248008728027,0.0,1.0270318984985352,0.0280039023200205,0.0527856349945068,3.5902102849001927,0.0054116249084472,-,15.0,0.0,0.0019731521606445,0,0,0,['cluster'],['separated']
figure_category_based_markersize10_ms_interleaved_120_240_3d_50_centeredClusters_tsne.png,ms_interleaved_120_240_3d_50_centeredClusters_tsne,571,3,10,1.0,0.6277961730957031,1.0,0.5335588455200195,1.0,0.894118070602417,1.0,0.617835283279419,1.0,0.5606403350830078,0.9995726084842332,0.6556477546691895,0.9994188479351916,0.5505948066711426,0.9992949149510912,0.8195559978485107,0.9995513163999415,0.6564171314239502,0.9994638881921372,0.6391229629516602,0.9991455821394112,0.5623929500579834,0.998838370953502,0.5706079006195068,0.9985908234914695,0.9328975677490234,0.9991030352532552,0.6251544952392578,0.9989283509080064,0.6565828323364258,1.0,0.3542184829711914,1,0.3502655029296875,0.0,0.3468914031982422,0.0305859859062351,0.0633137226104736,10.222756043085742,0.0058119297027587,-,15.0,0.3064798598949212,0.0026075839996337,0,0,0,['cluster'],['intersecting']
figure_category_based_markersize60_ms_interleaved_120_240_3d_50_centeredClusters_tsne.png,ms_interleaved_120_240_3d_50_centeredClusters_tsne,571,3,60,0.7621754505260891,0.5778062343597412,0.8006684932434827,0.643817663192749,0.8778382018451922,1.034337282180786,0.777325938428054,0.6780598163604736,0.7980549669170606,0.6784870624542236,0.6579098192169386,0.7166891098022461,0.6853180667895072,0.7233290672302246,0.7315311153410691,1.0848264694213867,0.6629341271865645,0.5993828773498535,0.679406555460766,0.8414244651794434,0.5787383855404036,0.5893304347991943,0.5990188326133248,0.8291783332824707,0.6270262297645589,0.882559061050415,0.5778912584416418,0.8403246402740479,0.5914713406026598,0.6033735275268555,1.0,0.5095031261444092,3535,0.4194884300231933,0.0,0.4127302169799804,0.0305859859062351,0.0633878707885742,10.222756043085742,0.0059170722961425,-,15.0,0.3064798598949212,0.0022919178009033,0,0,662,['cluster'],['intersecting']
figure_category_based_markersize110_ms_interleaved_120_240_3d_50_centeredClusters_tsne.png,ms_interleaved_120_240_3d_50_centeredClusters_tsne,571,3,110,0.4857365967013428,0.8062636852264404,0.5348062215755598,0.9384894371032716,0.64759691410474,0.9526634216308594,0.5071993287568524,0.837327241897583,0.5349109104132473,0.8593785762786865,0.3663418689921831,0.871990442276001,0.3908176243479543,0.8366842269897461,0.4288828775775224,1.098205327987671,0.3737402455555307,0.8461551666259766,0.3886895191629089,0.8450436592102051,0.2940612153020275,0.8422501087188721,0.3079158697339291,0.8403701782226562,0.3206045448565034,1.1393284797668457,0.2958843560577,0.8674752712249756,0.3052479878809427,0.8692793846130371,1.0,0.6570501327514648,19745,0.506537675857544,0.0,0.2971405982971191,0.0305859859062351,0.0648062229156494,10.222756043085742,0.0058798789978027,-,15.0,0.3064798598949212,0.0023953914642333,0,0,3647,['cluster'],['intersecting']
figure_category_based_markersize160_ms_interleaved_120_240_3d_50_centeredClusters_tsne.png,ms_interleaved_120_240_3d_50_centeredClusters_tsne,571,3,160,0.3579798013310951,0.805161714553833,0.4003287118615176,0.9262399673461914,0.5014202088243619,1.061356544494629,0.3789307305484801,0.7929816246032715,0.4030588213668378,0.9548532962799072,0.2554727036066787,0.805884599685669,0.27391150081298,0.7965610027313232,0.3007721407640792,1.2096972465515137,0.2634100949055977,0.9747586250305176,0.2744217633954721,0.7983565330505371,0.1986029740915686,0.9852440357208252,0.2081736820642646,1.0139493942260742,0.2148127676408999,1.112781047821045,0.2018685487013082,0.8474998474121094,0.2080289067676398,0.8265407085418701,0.9877408056042032,0.7139177322387695,41577,0.3697435855865478,0.0,0.5565662384033203,0.0305859859062351,0.0637464523315429,10.222756043085742,0.0058746337890625,-,15.0,0.3064798598949212,0.002124547958374,0,0,8320,['cluster'],['intersecting']
figure_ascending_markersize10_ms_interleaved_120_240_3d_50_centeredClusters_tsne.png,ms_interleaved_120_240_3d_50_centeredClusters_tsne,571,3,10,1.0,0.9100701808929444,1.0,0.7187418937683105,1.0,0.9966073036193848,1.0,0.7186281681060791,1.0,0.7257375717163086,0.9995852308344396,0.7232704162597656,0.999421212939436,0.7154824733734131,0.9992949149510912,1.190673589706421,0.9995648615938912,0.7342538833618164,0.9994697696661686,0.7272069454193115,0.9991708055931514,0.9585156440734864,0.998843095480238,0.7450532913208008,0.9985908234914695,1.2573621273040771,0.9991301017139358,0.775012731552124,0.9989401013227668,0.5637133121490479,1.0,0.6192784309387207,1,0.3698503971099853,0.0,0.6094644069671631,0.0305859859062351,0.0632712841033935,10.222756043085742,0.0058372020721435,-,15.0,0.3064798598949212,0.002061128616333,0,0,0,['cluster'],['intersecting']
figure_ascending_markersize60_ms_interleaved_120_240_3d_50_centeredClusters_tsne.png,ms_interleaved_120_240_3d_50_centeredClusters_tsne,571,3,60,0.8330462629054366,1.0383970737457275,0.8177563570705235,0.8313064575195312,0.7956298005878103,1.0935204029083252,0.8351071310193392,0.5951781272888184,0.8214392107704946,1.0726299285888672,0.7129607653069042,0.8962564468383789,0.6987252107064714,0.6518034934997559,0.6677695132962347,1.3496973514556885,0.7071283782760227,0.8427259922027588,0.6972821700703773,0.8562319278717041,0.6231345190124333,0.6123318672180176,0.6099430028749954,1.10479474067688,0.5753145937088789,0.8766272068023682,0.6131622954926197,1.099555730819702,0.6057288346650613,0.6081881523132324,1.0,0.7867741584777832,3535,0.4063549041748047,0.0,0.6662673950195312,0.0305859859062351,0.0640194416046142,10.222756043085742,0.0058329105377197,-,15.0,0.3064798598949212,0.0020081996917724,0,0,0,['cluster'],['intersecting']
figure_ascending_markersize110_ms_interleaved_120_240_3d_50_centeredClusters_tsne.png,ms_interleaved_120_240_3d_50_centeredClusters_tsne,571,3,110,0.597130713862559,0.8976435661315918,0.5610084326253381,0.9159071445465088,0.5101044362803342,1.19911789894104,0.5988894650448444,0.9197847843170166,0.5696006742619468,0.8993110656738281,0.4342423702515013,0.9264826774597168,0.4078878512283926,1.1891837120056152,0.3573146472056785,0.9456949234008788,0.4276184895671959,0.9349849224090576,0.4096082176405152,0.9290368556976318,0.3411749402700316,1.2149131298065186,0.3204302298483829,0.6766228675842285,0.2749575719866203,1.251575231552124,0.3325231925525079,0.9606883525848388,0.3197852434120067,0.9666621685028076,1.0,0.5991675853729248,19745,0.7728612422943115,0.0,0.4410102367401123,0.0305859859062351,0.0634999275207519,10.222756043085742,0.0058429241180419,-,15.0,0.3064798598949212,0.0021207332611083,0,0,0,['cluster'],['intersecting']
figure_ascending_markersize160_ms_interleaved_120_240_3d_50_centeredClusters_tsne.png,ms_interleaved_120_240_3d_50_centeredClusters_tsne,571,3,160,0.4718951759741244,0.7554326057434082,0.426015262653765,1.012453317642212,0.3633379072611347,1.2989788055419922,0.4745484501213476,0.7324402332305908,0.437816457691102,1.0056772232055664,0.3185135196731361,1.0328922271728516,0.2895185855829135,1.0398063659667969,0.2385007078578179,1.32275390625,0.3140431004674763,0.7445712089538574,0.2940226135679045,1.029242992401123,0.2403815168865051,1.0416409969329834,0.2192652770013001,1.0520029067993164,0.1775107884247732,1.3256311416625977,0.2346709312673808,1.0682663917541504,0.2213302253275453,0.7990303039550781,0.9877408056042032,0.6255338191986084,41577,0.8333296775817871,0.0,0.4617986679077148,0.0305859859062351,0.0640549659729003,10.222756043085742,0.0059545040130615,-,15.0,0.3064798598949212,0.0022304058074951,0,0,0,['cluster'],['intersecting']
figure_descending_markersize10_ms_interleaved_120_240_3d_50_centeredClusters_tsne.png,ms_interleaved_120_240_3d_50_centeredClusters_tsne,571,3,10,1.0,0.3296923637390136,1.0,0.9793720245361328,1.0,1.2997229099273682,1.0,0.6801161766052246,1.0,0.9944417476654052,0.9995726084842332,0.6526875495910645,0.9994188479351916,0.962125301361084,0.999308424934278,1.250758409500122,0.9995513163999415,0.6694638729095459,0.9994638881921372,0.979182243347168,0.9991455821394112,0.677858829498291,0.998838370953502,0.9865529537200928,0.9986178057596284,0.9235267639160156,0.9991030352532552,1.0326838493347168,0.9989283509080064,0.6707146167755127,1.0,0.4955523014068603,1,0.8722889423370361,0.0,0.4896023273468017,0.0305859859062351,0.063934326171875,10.222756043085742,0.0058603286743164,-,15.0,0.3064798598949212,0.002077579498291,0,0,0,['cluster'],['intersecting']
figure_descending_markersize60_ms_interleaved_120_240_3d_50_centeredClusters_tsne.png,ms_interleaved_120_240_3d_50_centeredClusters_tsne,571,3,60,0.7260102963394657,0.7344362735748291,0.7864612401288988,0.7187983989715576,0.9464683328923936,1.3596746921539309,0.7287543491989743,0.7093777656555176,0.7642773163044996,1.0764203071594238,0.6286797561603223,0.718498945236206,0.6739132404337564,1.0990045070648191,0.7855476359989431,1.0034747123718262,0.6252543031007737,1.09757661819458,0.6535658761700915,0.7222292423248291,0.554360910850151,0.736046552658081,0.5895452675375756,1.0586278438568115,0.6713954549425682,1.3984570503234863,0.5474970097062217,0.7343595027923584,0.5708708485585633,0.725522518157959,1.0,0.6351637840270996,3535,0.9300637245178224,0.0,0.5183145999908447,0.0305859859062351,0.0635392665863037,10.222756043085742,0.0058753490447998,-,15.0,0.3064798598949212,0.0020205974578857,0,0,1257,['cluster'],['intersecting']
figure_descending_markersize110_ms_interleaved_120_240_3d_50_centeredClusters_tsne.png,ms_interleaved_120_240_3d_50_centeredClusters_tsne,571,3,110,0.4329688154398646,0.7756068706512451,0.5136950623981291,1.1395437717437744,0.7997769078899677,1.0426928997039795,0.435325844955308,1.1428954601287842,0.4820523815313333,0.7667508125305176,0.3318969398791422,1.1567842960357666,0.3774364102846056,0.7819075584411621,0.5021596677192679,1.4172065258026123,0.3296628049805191,1.1892240047454834,0.3577410322735456,0.7938897609710693,0.2690825387075931,0.7850637435913086,0.2983092734198045,0.8013908863067627,0.3659721596158573,1.4403269290924072,0.265274838589382,0.7841222286224365,0.2844001179861544,1.1972804069519043,1.0,0.696082592010498,19745,0.5626649856567383,0.0,0.5449986457824707,0.0305859859062351,0.0636837482452392,10.222756043085742,0.0059599876403808,-,15.0,0.3064798598949212,0.0021004676818847,0,0,7841,['cluster'],['intersecting']
figure_descending_markersize160_ms_interleaved_120_240_3d_50_centeredClusters_tsne.png,ms_interleaved_120_240_3d_50_centeredClusters_tsne,571,3,160,0.305859065906102,0.8895289897918701,0.3785799737990485,0.8803355693817139,0.679342013646401,1.5086731910705566,0.3081511599336525,0.8697636127471924,0.350370520651861,1.396247625350952,0.2231563637219312,0.874845027923584,0.2606036430049969,1.2935609817504885,0.3676272994595199,1.1525230407714844,0.2229649104672851,0.8768582344055176,0.2456512354300287,0.8601951599121094,0.1756590652097682,1.2753756046295166,0.1986870762251615,0.8774824142456055,0.2519983598034896,1.1443393230438232,0.1746767384515949,1.3151309490203855,0.1891252015437743,0.8822853565216064,0.9877408056042032,0.7562096118927002,41577,0.6094250679016113,0.0,0.5659067630767822,0.0305859859062351,0.0621426105499267,10.222756043085742,0.0057616233825683,-,15.0,0.3064798598949212,0.0020723342895507,0,0,18277,['cluster'],['intersecting']
figure_category_based_markersize10_boston_pca.png,boston_pca,155,3,10,0.5858839028199643,0.71986985206604,0.5423620573544969,1.2060189247131348,0.4849560650167034,0.9933137893676758,0.5210344590192477,0.7545320987701416,0.5146350728547023,1.1837739944458008,0.3940004770982553,0.7653851509094238,0.3638371172686564,0.754730224609375,0.2747971522717847,1.0061378479003906,0.3765781560077019,0.7409002780914307,0.3485754559120468,1.2022500038146973,0.2967963923967845,0.8084509372711182,0.2737342304195042,0.7662155628204346,0.1917158310595655,1.0063190460205078,0.2948353410574608,0.7630720138549805,0.2635383496264106,1.2523512840270996,0.864516129032258,0.5913450717926025,516,0.588432788848877,0.0193548387096774,0.5942983627319336,0.0299067799928373,0.0334391593933105,6.742328144415063,0.0022885799407958,0.07294166138529652,2.0659146308898926,0.2516129032258064,0.0007674694061279,0,0,196,['linear'],['intersecting']
figure_category_based_markersize60_boston_pca.png,boston_pca,155,3,60,0.4008023346729017,0.3190510272979736,0.36315058923367,1.290539264678955,0.2564889430940462,1.049795389175415,0.3454958081595853,0.7876875400543213,0.3254962890406682,0.7960183620452881,0.2379601587344015,1.2567403316497805,0.2267078415050344,0.8048727512359619,0.1338837666722256,1.0511319637298584,0.2280665129237103,0.7863943576812744,0.2036202397091842,1.2786858081817627,0.1692112411002213,0.7921180725097656,0.1647922022480026,0.8074443340301514,0.0905835887274203,1.0485944747924805,0.1702133317436512,0.8113889694213867,0.1481487045892779,0.801607608795166,0.6967741935483871,0.6253340244293213,3519,0.6436641216278076,0.0193548387096774,0.6187314987182617,0.0299067799928373,0.0333011150360107,6.742328144415063,0.0022568702697753,0.11265237525340986,2.2809805870056152,0.2516129032258064,0.0008130073547363,1,0,2659,['linear'],['intersecting']
figure_category_based_markersize110_boston_pca.png,boston_pca,155,3,110,0.3569332731385193,0.3222200870513916,0.329570653315834,1.3171353340148926,0.1979745887778203,1.0882205963134766,0.3080333343351787,0.8311705589294434,0.28445385762007,0.8296546936035156,0.2115324107641495,0.8395242691040039,0.2085564616853069,0.8172950744628906,0.1062321730663319,1.5807955265045166,0.2027710600821787,0.8533892631530762,0.1797740243761186,0.8409039974212646,0.1503042505201071,0.8420844078063965,0.1525441658807851,0.8461952209472656,0.0725924624785268,1.0883772373199463,0.1511272910862953,0.863605260848999,0.1314134857357836,0.8332343101501465,0.5483870967741935,0.6565914154052734,5996,0.679020881652832,0.0193548387096774,0.6643023490905762,0.0299067799928373,0.0332617759704589,6.742328144415063,0.0023353099822998,0.1326744450853971,2.4352011680603027,0.2516129032258064,0.0008103847503662,3,0,6285,['linear'],['intersecting']
figure_category_based_markersize160_boston_pca.png,boston_pca,155,3,160,0.345723582209216,0.904832124710083,0.3257680232194377,0.9307668209075928,0.1746890342624502,0.5925126075744629,0.300866617784571,1.3910882472991943,0.2746509767021039,0.8839740753173828,0.2031681282232967,0.8757703304290771,0.2067714272551593,0.9367637634277344,0.0950576071072626,1.120577096939087,0.1966990734444361,0.8851625919342041,0.1735889413649372,0.8723433017730713,0.1438521989955523,0.8744125366210938,0.1514498145981232,0.8742311000823975,0.0652936908509241,1.1093080043792725,0.1461115888056016,0.8810932636260986,0.1268957176430667,1.4262454509735107,0.5096774193548387,0.1198203563690185,7756,0.6942713260650635,0.0193548387096774,0.6784844398498535,0.0299067799928373,0.0331649780273437,6.742328144415063,0.002270221710205,0.14577031942151975,2.7025601863861084,0.2516129032258064,0.0007603168487548,3,0,10038,['linear'],['intersecting']
figure_ascending_markersize10_boston_pca.png,boston_pca,155,3,10,0.6392112061522197,1.4282302856445312,0.5853579556017865,0.9028818607330322,0.4594044629380411,1.1313769817352295,0.688663119279532,0.3114995956420898,0.6356134451762747,1.431443452835083,0.4396447679735186,0.8722693920135498,0.3950116146172047,0.882462739944458,0.2603427278966894,0.5559945106506348,0.4696429575730287,1.4206137657165527,0.4124226535828869,0.8744397163391113,0.3350421465262526,0.9039578437805176,0.2980816171688476,0.3126733303070068,0.1816381941187304,1.7301933765411377,0.3563200853039432,0.9017939567565918,0.3052399749430537,0.3090009689331054,0.864516129032258,0.7065677642822266,516,0.7048981189727783,0.0193548387096774,0.703636884689331,0.0299067799928374,0.0335092544555664,6.742328144415063,0.0022368431091308,0.0729416613852965,1.8593945503234863,0.2516129032258064,0.0007417201995849,0,0,0,['linear'],['intersecting']
figure_ascending_markersize60_boston_pca.png,boston_pca,155,3,60,0.4538127046585064,0.9183404445648192,0.4075563594875352,0.917609453201294,0.2230229955634468,1.1883292198181152,0.5103105964389685,0.9429161548614502,0.4426569739797032,0.9221103191375732,0.2785885659113976,0.3193652629852295,0.2519374832129047,1.4944696426391602,0.1163107401279844,0.5709090232849121,0.3006619498352532,1.5101864337921145,0.2520183773202994,0.3154726028442383,0.2009850963557373,1.515188455581665,0.1823210911213886,0.3282961845397949,0.078669082547169,1.7678837776184082,0.2131106454005688,0.3201584815979004,0.1761542279212485,1.5124561786651611,0.6967741935483871,0.1097633838653564,3519,0.7355136871337891,0.0193548387096774,0.7417447566986084,0.0299067799928374,0.0330758094787597,6.742328144415063,0.0022444725036621,0.11265237525340986,2.063175678253174,0.2516129032258064,0.0006954669952392,0,0,0,['linear'],['intersecting']
figure_ascending_markersize110_boston_pca.png,boston_pca,155,3,110,0.4087434791102731,0.999642848968506,0.3714784419907939,0.954580783843994,0.1606853069562608,1.2201693058013916,0.4592647865275054,0.9582576751708984,0.3919611575343451,0.961991548538208,0.2481384909779345,0.962332248687744,0.229462269862545,0.3356127738952636,0.0865241474459388,1.194401502609253,0.2638503663238127,1.5834574699401855,0.2213814084635034,0.3409609794616699,0.1781422027790865,0.9377312660217284,0.1660003516306567,1.5844776630401611,0.0592010576129222,0.5851187705993652,0.1850939833112252,0.9448800086975098,0.1542517390274689,0.9581682682037354,0.5483870967741935,0.7814993858337402,5996,0.7861683368682861,0.0193548387096774,0.7910008430480957,0.0299067799928374,0.0338482856750488,6.742328144415063,0.0022196769714355,0.1326744450853971,2.28408145904541,0.2516129032258064,0.0007157325744628,1,0,0,['linear'],['intersecting']
figure_ascending_markersize160_boston_pca.png,boston_pca,155,3,160,0.3977621354431297,0.334338903427124,0.3666372754729889,0.9664480686187744,0.1333236569227393,1.884185552597046,0.4441204349096295,0.3435285091400146,0.3770745468570885,0.9566440582275392,0.2399004544538,0.9668452739715576,0.2263499158434845,0.9838206768035888,0.0726453279921202,1.2849278450012207,0.2528807082759955,0.9689042568206788,0.2124599579407902,0.9638471603393556,0.1717408689750078,0.9699091911315918,0.1637093774928083,1.003291130065918,0.0499239260034276,1.2318415641784668,0.1767650805599687,0.9916119575500488,0.1478952356159386,0.9853925704956056,0.5096774193548387,0.7797079086303711,7756,0.8038671016693115,0.0193548387096774,0.8104543685913086,0.0299067799928374,0.0335614681243896,6.742328144415063,0.0022327899932861,0.1457703194215198,2.5297038555145264,0.2516129032258064,0.0007462501525878,6,0,0,['linear'],['intersecting']
figure_descending_markersize10_boston_pca.png,boston_pca,155,3,10,0.4365110162861607,0.3094902038574219,0.5341640916874948,0.966782569885254,0.6875719719614715,1.2278916835784912,0.4659009298956373,0.9894492626190186,0.502437001083838,1.0025174617767334,0.3076745552020172,1.0020182132720947,0.3557247571831501,1.002368450164795,0.3424096112530578,1.2694523334503174,0.3458835354693678,0.9926691055297852,0.3394753597927364,1.0450224876403809,0.2375589140351922,1.024181842803955,0.2666495624739505,0.3130617141723633,0.2279688436610556,1.252272605895996,0.2750340006813542,0.9874911308288574,0.2563350311436454,0.977238655090332,0.864516129032258,0.8362381458282471,516,0.8383004665374756,0.0193548387096774,0.8346209526062012,0.0299067799928374,0.0333921909332275,6.7423281444150645,0.0022304058074951,0.07294166138529654,1.274782419204712,0.2516129032258064,0.0007004737854003,0,0,219,['linear'],['intersecting']
figure_descending_markersize60_boston_pca.png,boston_pca,155,3,60,0.2457927387671619,1.0152742862701416,0.3427383399458202,1.0192365646362305,0.4834083916835819,1.2869102954864502,0.2752503656944798,1.0227203369140625,0.3006070955155113,1.029170036315918,0.1601341313457479,1.0583360195159912,0.2100621515407752,0.3251810073852539,0.1945802759982722,1.2818961143493652,0.1869026368965514,1.0452425479888916,0.187235695660594,1.0270400047302246,0.1187498773686633,1.062500238418579,0.1514391101051893,1.0437979698181152,0.1218043143209491,1.3117289543151855,0.1414886929670442,0.3189067840576172,0.1359596676609834,1.053917407989502,0.6967741935483871,0.8557736873626709,3519,0.8803160190582275,0.0193548387096774,0.1066999435424804,0.0299067799928374,0.0326857566833496,6.7423281444150645,0.0022320747375488,0.11265237525340988,2.1535587310791016,0.2516129032258064,0.0007252693176269,1,0,2818,['linear'],['intersecting']
figure_descending_markersize110_boston_pca.png,boston_pca,155,3,110,0.2031527604385171,1.0547945499420166,0.3034831887369896,1.0792360305786133,0.4424206044245211,1.3344004154205322,0.2301995833953789,0.3259925842285156,0.2535145758556865,1.0553231239318848,0.1320299190705063,1.070066213607788,0.1868238580048941,1.055678129196167,0.1714434148951097,1.3235242366790771,0.1554471198959073,1.0998079776763916,0.1588649893946421,1.0897011756896973,0.097793031326816,0.3403501510620117,0.1349492077857719,1.0558984279632568,0.1063223069728118,1.3231136798858645,0.1173425874802819,1.1195883750915527,0.115677013213273,1.1010160446166992,0.5483870967741935,0.9086804389953612,5996,0.116952896118164,0.0193548387096774,0.8886749744415283,0.0299067799928374,0.0338518619537353,6.7423281444150645,0.0022609233856201,0.1326744450853971,2.3953797817230225,0.2516129032258064,0.0007040500640869,5,0,6661,['linear'],['intersecting']
figure_descending_markersize160_boston_pca.png,boston_pca,155,3,160,0.1883868520830309,1.1368954181671145,0.2940762308595031,0.3415627479553222,0.4342348403331348,1.3296129703521729,0.2150361513672487,1.0960800647735596,0.2378744991436439,1.1072533130645752,0.1223826737783267,1.129499912261963,0.1820865205261852,1.1485426425933838,0.1637831621294186,0.5927584171295166,0.1447694066218064,1.1197082996368408,0.1496091229355093,1.1178061962127686,0.0906293222188814,1.180206060409546,0.1318685272873891,0.3504297733306885,0.1009248132122517,1.3974156379699707,0.1091144059868829,1.133082151412964,0.1091194235210161,1.1404120922088623,0.5096774193548387,0.9376366138458252,7756,0.1183254718780517,0.0193548387096774,0.9237167835235596,0.0299067799928374,0.0329728126525878,6.7423281444150645,0.0023190975189208,0.14577031942151972,2.6661243438720703,0.2516129032258064,0.0007081031799316,4,0,10722,['linear'],['intersecting']
figure_category_based_markersize10_ms_interleaved_40_80_3d_50_umap.png,ms_interleaved_40_80_3d_50_umap,205,3,10,0.920543681685062,0.3048923015594482,0.9191815906006066,1.0980567932128906,0.8902557591631981,1.3746039867401123,0.915924108390507,1.1435589790344238,0.9179817127085786,0.3218863010406494,0.8518779603484595,1.112499713897705,0.8433987769340955,1.165898323059082,0.7867245028807464,0.5849478244781494,0.8437456867118891,0.3172013759613037,0.8446323381828453,1.1056876182556152,0.7927450664845306,1.1324996948242188,0.7791601648944625,1.1429202556610107,0.704764711833461,0.5839545726776123,0.7821121718571652,1.1089870929718018,0.7821373206173604,1.1108486652374268,1.0,0.9480869770050048,94,0.1147742271423339,0.0,0.961867332458496,0.0297147658117196,0.021763801574707,13.659605245252717,0.0027415752410888,0.01726950565289898,3.475844383239746,0.4341463414634146,0.0008862018585205,0,0,8,['cluster'],['intersecting']
figure_category_based_markersize60_ms_interleaved_40_80_3d_50_umap.png,ms_interleaved_40_80_3d_50_umap,205,3,60,0.7307204152803051,0.3262836933135986,0.7440199297049016,1.1464600563049316,0.7293373479170964,1.4173128604888916,0.7338318792233325,1.2156982421875,0.7416184875669846,1.1948459148406982,0.5980604425461074,0.3246958255767822,0.608243325056546,1.1620924472808838,0.5610454330524433,1.4290833473205566,0.5968356682829374,1.184587001800537,0.6063983974240872,0.3231959342956543,0.5061673637792585,1.1984224319458008,0.5143747881261193,1.2263455390930176,0.4558578972073428,0.5870282649993896,0.502943169829573,1.195021152496338,0.5128837551094733,1.1728847026824951,1.0,1.0242388248443604,1752,0.117241621017456,0.0,0.9878747463226318,0.0297147658117196,0.0212888717651367,13.659605245252717,0.0026566982269287,0.027299403886798076,2.882754325866699,0.4341463414634146,0.0009360313415527,0,0,233,['cluster'],['intersecting']
figure_category_based_markersize110_ms_interleaved_40_80_3d_50_umap.png,ms_interleaved_40_80_3d_50_umap,205,3,110,0.6082237070569729,1.2103359699249268,0.6282160731558601,1.2185087203979492,0.6291175469152008,1.4740848541259766,0.6138681990902096,0.3550465106964111,0.6240198695462265,1.2131648063659668,0.4669508507701884,1.2405171394348145,0.4812628769793865,1.2487173080444336,0.445513168158602,0.6050782203674316,0.4678160109735103,1.234811305999756,0.4784178645722384,1.2208456993103027,0.3789351297380001,0.34566330909729,0.3900271678624254,1.2349507808685305,0.3448659899739642,1.478890895843506,0.3779045502613714,0.3475897312164306,0.3879077028899013,1.1978614330291748,0.9951219512195122,1.043701410293579,5224,1.0341684818267822,0.0,0.1137146949768066,0.0297147658117196,0.021902322769165,13.659605245252717,0.0027136802673339,0.03457475059586317,4.087217807769775,0.4341463414634146,0.000887393951416,0,0,808,['cluster'],['intersecting']
figure_category_based_markersize160_ms_interleaved_40_80_3d_50_umap.png,ms_interleaved_40_80_3d_50_umap,205,3,160,0.5144598304894463,0.3524172306060791,0.5391719639093318,1.2271175384521484,0.5589427784038639,1.5042078495025637,0.5208022593155448,1.2666308879852295,0.5331779078106762,0.3555710315704345,0.3840362748069066,1.2628023624420166,0.4008942962842456,1.2492291927337646,0.3781833061395625,0.6186347007751465,0.3855676711244562,0.3669490814208984,0.3968851469812419,1.286278486251831,0.3063673852907537,1.322510004043579,0.3190657356445135,0.3743162155151367,0.285767452632014,1.5721237659454346,0.3060872495254377,1.3146965503692627,0.316086129267516,0.3450474739074707,0.9951219512195122,1.0751476287841797,9628,1.0588767528533936,0.0,0.1134736537933349,0.0297147658117196,0.0216205120086669,13.659605245252717,0.0026824474334716,0.03965470670758639,4.563408374786377,0.4341463414634146,0.0008847713470458,0,0,1815,['cluster'],['intersecting']
figure_ascending_markersize10_ms_interleaved_40_80_3d_50_umap.png,ms_interleaved_40_80_3d_50_umap,205,3,10,0.9409708232167996,1.232424259185791,0.919992608202609,0.3171422481536865,0.882803357975069,1.5144906044006348,0.9388569942398288,1.2461166381835938,0.9241530903657568,1.243984937667847,0.8697148103852621,0.3256857395172119,0.8441218133482703,1.2489619255065918,0.7777520701233183,0.5694701671600342,0.8635765409484314,1.2333133220672607,0.8499772422120851,1.24788236618042,0.8084909745002877,0.3154745101928711,0.7798115949628711,1.2211847305297852,0.695043690969587,1.519390106201172,0.7994723767518783,1.263400316238403,0.7868239262860708,0.3162567615509033,1.0,1.09668231010437,94,0.1127204895019531,0.0,1.0782732963562012,0.0297147658117196,0.0218129158020019,13.65960524525272,0.0027379989624023,0.01726950565289898,3.090226888656616,0.4341463414634146,0.0008356571197509,0,0,0,['cluster'],['intersecting']
figure_ascending_markersize60_ms_interleaved_40_80_3d_50_umap.png,ms_interleaved_40_80_3d_50_umap,205,3,60,0.7855598714079017,0.3285810947418213,0.7529690111481436,1.2835395336151123,0.6895143563965824,0.5951831340789795,0.7850108810286813,1.2682249546051023,0.7617580719462134,1.3038804531097412,0.636576067348585,0.3515214920043945,0.6154730262848964,1.2935752868652344,0.5311261783032146,1.5389518737792969,0.6323736643777627,0.3291611671447754,0.6213228354445945,1.2869136333465576,0.5350938931320628,1.3520019054412842,0.5204383306092006,0.333906888961792,0.4319118178110104,1.5424578189849854,0.5294312531972407,1.2955703735351562,0.524607842634867,0.3301963806152344,1.0,1.1547870635986328,1752,1.1420626640319824,0.0,0.1122951507568359,0.0297147658117196,0.0215415954589843,13.65960524525272,0.0027778148651123,0.027299403886798072,3.4677233695983887,0.4341463414634146,0.0010371208190917,0,0,0,['cluster'],['intersecting']
figure_ascending_markersize110_ms_interleaved_40_80_3d_50_umap.png,ms_interleaved_40_80_3d_50_umap,205,3,110,0.6764239192693313,0.6511127948760986,0.6387785797292804,0.5611245632171631,0.5691946615819701,0.935218334197998,0.677591481699645,0.6597504615783691,0.6506395387042468,0.5994758605957031,0.5103298873779931,0.586000919342041,0.4900481471777376,0.6577169895172119,0.4062818674359972,0.9036650657653807,0.5078395966326663,0.6242408752441406,0.4968346885274959,0.6625616550445557,0.409723427334634,0.6085960865020752,0.397496732826633,0.6245987415313721,0.3158736715940005,0.8587708473205566,0.4061019395964205,0.6465048789978027,0.4018429328663295,0.6289851665496826,0.9951219512195122,0.3745973110198974,5224,0.3647608757019043,0.0,0.3658232688903808,0.0297147658117196,0.0224280357360839,13.65960524525272,0.0027976036071777,0.03457475059586317,3.0567426681518555,0.4341463414634146,0.0008535385131835,0,0,0,['cluster'],['intersecting']
figure_ascending_markersize160_ms_interleaved_40_80_3d_50_umap.png,ms_interleaved_40_80_3d_50_umap,205,3,160,0.5901011541120491,0.6617112159729004,0.5512139615484271,0.6830933094024658,0.479534798018344,0.9212257862091064,0.5924636955771578,0.6632654666900635,0.5647394212957011,0.6731064319610596,0.4301204330685715,0.589411735534668,0.4109435313545828,0.8229224681854248,0.3308923920148149,0.977729320526123,0.4286489175732901,0.7016952037811279,0.4178997183054831,0.7119476795196533,0.3383824784571698,0.7305343151092529,0.3275819593265546,0.7134416103363037,0.2525949928694191,0.9912900924682616,0.3358008070864453,0.6217842102050781,0.3316629690511334,0.8847949504852295,0.9951219512195122,0.465285062789917,9628,0.2805829048156738,0.0,0.4236190319061279,0.0297147658117196,0.0211355686187744,13.65960524525272,0.0026886463165283,0.03965470670758638,3.4769327640533447,0.4341463414634146,0.0008459091186523,0,0,0,['cluster'],['intersecting']
figure_descending_markersize10_ms_interleaved_40_80_3d_50_umap.png,ms_interleaved_40_80_3d_50_umap,205,3,10,0.9012479488114268,0.7215874195098877,0.9116461104307616,0.5802023410797119,0.9797576378299564,1.0953223705291748,0.8947850660343021,0.5920069217681885,0.9018529403304072,0.715775728225708,0.8347887925287725,0.6029305458068848,0.8368934639634122,0.7726664543151855,0.8632152252414957,1.015615940093994,0.8252180476257618,0.7559914588928223,0.83064430250286,0.7820229530334473,0.7774580583286923,0.7606298923492432,0.773470836141757,0.6421620845794678,0.7714509451118545,1.023155689239502,0.765687965162769,0.7831659317016602,0.7698577596692471,0.7769625186920166,1.0,0.4816582202911377,94,0.3055367469787597,0.0,0.4924602508544922,0.0297147658117196,0.0218400955200195,13.659605245252717,0.0027570724487304,0.01726950565289898,2.4938595294952397,0.4341463414634146,0.0008163452148437,0,0,29,['cluster'],['intersecting']
figure_descending_markersize60_ms_interleaved_40_80_3d_50_umap.png,ms_interleaved_40_80_3d_50_umap,205,3,60,0.6870051834484892,0.4921422004699707,0.7277138092439666,0.8635704517364502,0.925430314783572,0.9393327236175536,0.6813402869752543,0.6963508129119873,0.7063639189976769,0.886500358581543,0.5631113980987539,0.6922812461853027,0.5935832995839376,0.8707973957061768,0.6826497313588369,0.9476315975189208,0.5561292493398071,0.6913108825683594,0.5782398398001999,0.8930850028991699,0.4770760159260115,0.7250275611877441,0.5012027747576826,0.7202517986297607,0.5407797143026468,1.165208339691162,0.4697943587451278,0.7202796936035156,0.4894591177407666,0.9202795028686525,1.0,0.3502418994903564,1752,0.5625228881835938,0.0,0.3387165069580078,0.0297147658117196,0.0227158069610595,13.659605245252717,0.0029022693634033,0.027299403886798076,2.9021730422973637,0.4341463414634146,0.0008134841918945,0,0,627,['cluster'],['intersecting']
figure_descending_markersize110_ms_interleaved_40_80_3d_50_umap.png,ms_interleaved_40_80_3d_50_umap,205,3,110,0.5588852669617578,0.5467240810394287,0.6105012704552232,0.9622440338134766,0.8638516848467919,1.0143327713012695,0.5533262996655854,0.7808792591094971,0.5842325180788629,0.9736759662628174,0.4290274645397892,0.7906382083892822,0.4643180529238435,0.9785468578338624,0.5628038868116307,0.8146426677703857,0.4232840204361419,0.9774110317230223,0.4476302599289806,0.7745137214660645,0.3481372658570498,0.8266217708587646,0.3746168524738176,0.8064568042755127,0.4173571136436069,0.8262555599212646,0.342734781739911,1.0300960540771484,0.3628017994564835,0.8097567558288574,0.9951219512195122,0.3927743434906006,5224,0.6299417018890381,0.0,0.3682749271392822,0.0297147658117196,0.0220849514007568,13.659605245252717,0.0027081966400146,0.03457475059586317,3.0872151851654053,0.4341463414634146,0.0008113384246826,0,0,2009,['cluster'],['intersecting']
figure_descending_markersize160_ms_interleaved_40_80_3d_50_umap.png,ms_interleaved_40_80_3d_50_umap,205,3,160,0.4653559209011806,0.8262448310852051,0.522378952334817,0.5979518890380859,0.8041794873765218,1.096409559249878,0.4605014109398989,1.096069574356079,0.4939671115581605,0.5942568778991699,0.3483426839817853,0.9112670421600342,0.38551974715751,1.1519110202789309,0.4887199169596202,0.8566882610321045,0.3436776235578213,1.1046335697174072,0.3686155050317747,0.6195275783538818,0.2783515031946001,0.8634548187255859,0.3054850501744877,0.8674161434173584,0.3510225278009097,1.1313235759735107,0.2741332459017028,1.134042739868164,0.2940068352192743,0.6176481246948242,0.9951219512195122,0.7160763740539551,9628,0.4180400371551513,0.0,0.3944747447967529,0.0297147658117196,0.0210869312286376,13.659605245252717,0.0027287006378173,0.03965470670758639,3.783647775650024,0.4341463414634146,0.0009162425994873,0,0,4208,['cluster'],['intersecting']
figure_category_based_markersize10_n100-d10-c3-spr0.1-out0_tsne.png,n100-d10-c3-spr0.1-out0_tsne,100,3,10,1.0,0.8470978736877441,1.0,0.657412052154541,1.0,1.0876173973083496,1.0,0.856194019317627,1.0,0.8632907867431641,0.9908347400545244,0.858736515045166,0.9794269169028345,0.8538029193878174,0.969106467922561,0.8377928733825684,0.9926629638436164,0.8791818618774414,0.9861896842414252,0.918348789215088,0.9818359582731356,0.6056413650512695,0.959683273176808,0.8804969787597656,0.9400645534846208,1.139847755432129,0.9854328077038068,0.8987717628479004,0.9727556219464164,0.5929172039031982,1.0,0.7439470291137695,7,0.4381275177001953,0.0,0.4190804958343506,0.0298482790005043,0.0130114555358886,15.813400832140829,0.0016736984252929,0.010460765241014131,1.0352060794830322,0.01,0.0005857944488525,0,0,0,['cluster'],['separated']
figure_category_based_markersize60_n100-d10-c3-spr0.1-out0_tsne.png,n100-d10-c3-spr0.1-out0_tsne,100,3,60,1.0,0.9046013355255128,1.0,0.9084234237670898,1.0,1.1651508808135986,1.0,0.6018319129943848,1.0,0.9001560211181641,0.8870094493868315,0.9132580757141112,0.8322788121123601,0.6366579532623291,0.7656828131741298,1.1648986339569092,0.8890004368620322,0.939528465270996,0.857280861508525,0.9635026454925536,0.7969604493929985,0.6926000118255615,0.7127376130066788,0.9402134418487548,0.6203290542709972,0.8875489234924316,0.8001807258601353,0.966900110244751,0.7502113447056094,0.6564114093780518,1.0,0.4669864177703857,404,0.81304931640625,0.0,0.4665842056274414,0.0298482790005043,0.0129637718200683,15.813400832140829,0.0017831325531005,0.025265148360163154,1.1841657161712646,0.01,0.0005772113800048,0,0,0,['cluster'],['separated']
figure_category_based_markersize110_n100-d10-c3-spr0.1-out0_tsne.png,n100-d10-c3-spr0.1-out0_tsne,100,3,110,1.0,0.6614949703216553,1.0,0.6720013618469238,1.0,1.2305896282196045,1.0,1.0039331912994385,1.0,0.6507079601287842,0.7648701162193074,0.6838552951812744,0.6969893671605015,1.0128557682037354,0.610851442398727,1.271357774734497,0.7623110128773603,0.6769490242004395,0.7271089934864418,1.037543773651123,0.6192629020342904,1.017491102218628,0.5349068914669055,0.6858975887298584,0.4397308258042043,0.893632173538208,0.6159148387104656,1.0156042575836182,0.5712264363293676,1.0138351917266846,1.0,0.4973969459533691,1615,0.4769189357757568,0.0,0.4912436008453369,0.0298482790005043,0.0132827758789062,15.813400832140829,0.0018284320831298,0.03574380994654808,1.2610580921173096,0.01,0.000605821609497,0,0,0,['cluster'],['separated']
figure_category_based_markersize160_n100-d10-c3-spr0.1-out0_tsne.png,n100-d10-c3-spr0.1-out0_tsne,100,3,160,1.0,0.6975972652435303,1.0,1.0683777332305908,1.0,0.93945574760437,1.0,0.6899545192718506,1.0,1.0661756992340088,0.6679985115199844,0.6939103603363037,0.5984035909569114,1.0627033710479736,0.5065925725072227,0.948486328125,0.6657266220762411,0.6747543811798096,0.6296464244134861,1.063734531402588,0.5014998236092485,0.6992805004119873,0.4269442951594455,1.0853142738342283,0.3392192667460619,1.3631689548492432,0.4989431949186961,0.721703290939331,0.4594773463075003,0.7243900299072266,1.0,0.5124740600585938,3490,0.5266516208648682,0.0,0.916724681854248,0.0298482790005043,0.0138318538665771,15.813400832140829,0.0016930103302001,0.04351378784689874,1.4305930137634275,0.01,0.0006008148193359,0,0,0,['cluster'],['separated']
figure_ascending_markersize10_n100-d10-c3-spr0.1-out0_tsne.png,n100-d10-c3-spr0.1-out0_tsne,100,3,10,1.0,0.70688796043396,1.0,0.7132425308227539,1.0,0.9421966075897216,1.0,1.1104402542114258,1.0,0.7035844326019287,0.9917211494468228,0.7263379096984863,0.9794483902114964,0.7052173614501953,0.9682055538537464,1.3561878204345703,0.9934078238168144,0.733628511428833,0.9862942461075268,0.6919348239898682,0.9835782520904108,1.1079840660095217,0.959724506646435,0.7159852981567383,0.9383705809524258,0.972313404083252,0.9869019920099482,1.1374189853668213,0.9729591080254892,0.7267231941223145,1.0,0.5355696678161621,7,0.5518193244934082,0.0,0.5324475765228271,0.0298482790005043,0.013148546218872,15.81340083214083,0.0016934871673583,0.010460765241014131,1.0503807067871094,0.01,0.0005559921264648,0,0,0,['cluster'],['separated']
figure_ascending_markersize60_n100-d10-c3-spr0.1-out0_tsne.png,n100-d10-c3-spr0.1-out0_tsne,100,3,60,1.0,1.156477451324463,1.0,0.7367258071899414,1.0,1.010416030883789,1.0,0.7411670684814453,1.0,0.7457935810089111,0.8943564872833589,1.1842105388641355,0.8327901974079152,0.7619185447692871,0.7612130691975689,0.990243911743164,0.8964463493884569,1.1628265380859375,0.8591096769516245,0.7845125198364258,0.8089013113149502,0.7644481658935547,0.7134880083756097,1.189037799835205,0.614482644488741,1.0180885791778564,0.8123269302690306,0.764934778213501,0.7530168847923491,0.7680985927581787,1.0,0.5805668830871582,404,0.5932114124298096,0.0,0.5674991607666016,0.0298482790005043,0.0126681327819824,15.81340083214083,0.0017321109771728,0.025265148360163154,1.1555705070495603,0.01,0.0005159378051757,0,0,0,['cluster'],['separated']
figure_ascending_markersize110_n100-d10-c3-spr0.1-out0_tsne.png,n100-d10-c3-spr0.1-out0_tsne,100,3,110,1.0,0.7615551948547363,1.0,0.7651715278625488,1.0,1.016098976135254,1.0,0.7688627243041992,1.0,1.2108004093170166,0.7797318718231301,0.7895457744598389,0.6983779761782423,0.7844209671020508,0.6014273461109128,1.026402711868286,0.7770341003398226,1.2388358116149902,0.7316629820586179,0.8119940757751465,0.638984050979092,0.7858381271362305,0.5365443757072423,0.8131563663482666,0.4300293906351528,1.0311472415924072,0.6353685745086883,0.7983927726745605,0.5768679552112803,1.2552964687347412,1.0,0.6193821430206299,1615,0.6062877178192139,0.0,0.6168591976165771,0.0298482790005043,0.012563943862915,15.81340083214083,0.0017557144165039,0.03574380994654808,0.7295587062835693,0.01,0.0005023479461669,0,0,0,['cluster'],['separated']
figure_ascending_markersize160_n100-d10-c3-spr0.1-out0_tsne.png,n100-d10-c3-spr0.1-out0_tsne,100,3,160,1.0,1.3053669929504397,1.0,0.8083000183105469,1.0,1.0711297988891602,1.0,0.8009357452392578,1.0,0.8181536197662354,0.6885017886144623,1.305534839630127,0.6002792297656273,0.8442301750183105,0.4930066827667601,1.0896410942077637,0.6852389002974308,0.8348312377929688,0.6360522643271407,0.8226346969604492,0.5249734865342224,0.8290400505065918,0.4288564137439463,0.827134370803833,0.3271458984780996,1.0855019092559814,0.521188906830639,0.8069713115692139,0.4663318451959342,1.3326923847198486,1.0,0.6396174430847168,3490,0.111828327178955,0.0,0.6160471439361572,0.0298482790005043,0.0130155086517333,15.81340083214083,0.0017540454864501,0.043513787846898744,1.3688716888427734,0.01,0.0005495548248291,0,0,0,['cluster'],['separated']
figure_descending_markersize10_n100-d10-c3-spr0.1-out0_tsne.png,n100-d10-c3-spr0.1-out0_tsne,100,3,10,1.0,1.3023889064788818,1.0,0.8427715301513672,1.0,1.091438055038452,1.0,0.8273239135742188,1.0,0.8109374046325684,0.9905887338186344,0.8388464450836182,0.9794269169028345,0.8254728317260742,0.969508934641224,1.0907166004180908,0.992444511636376,0.835172176361084,0.9861115771137018,0.8382749557495117,0.98135295989519,0.8326139450073242,0.959683273176808,0.8362302780151367,0.9408222615726216,1.611033916473389,0.9850023379339732,0.839686393737793,0.97260364637213,0.8506526947021484,1.0,0.6701734066009521,7,0.1057939529418945,0.0,0.6573386192321777,0.0298482790005043,0.011345624923706,15.81340083214083,0.0018272399902343,0.010460765241014131,1.1912829875946045,0.01,0.0005593299865722,0,0,0,['cluster'],['separated']
figure_descending_markersize60_n100-d10-c3-spr0.1-out0_tsne.png,n100-d10-c3-spr0.1-out0_tsne,100,3,60,1.0,0.8734986782073975,1.0,0.8775520324707031,1.0,1.0911037921905518,1.0,0.8268957138061523,1.0,0.8444671630859375,0.8837344310709057,1.40757155418396,0.8318429819067038,0.8717827796936035,0.7717948705238423,1.1209702491760254,0.8858562616133607,0.875737190246582,0.8561064208316562,0.3194012641906738,0.7916883362430763,1.422677516937256,0.7120986040596364,0.8792381286621094,0.6283924826572096,0.559290885925293,0.7951005162907837,1.427612543106079,0.7484143948548778,0.8784050941467285,1.0,0.1122314929962158,404,0.6880302429199219,0.0,0.6986427307128906,0.0298482790005043,0.0115363597869873,15.81340083214083,0.0018835067749023,0.025265148360163154,1.2857716083526611,0.01,0.000525951385498,0,0,0,['cluster'],['separated']
figure_descending_markersize110_n100-d10-c3-spr0.1-out0_tsne.png,n100-d10-c3-spr0.1-out0_tsne,100,3,110,1.0,0.8640923500061035,1.0,0.8944768905639648,1.0,1.1060655117034912,1.0,1.4202680587768557,1.0,0.8948683738708496,0.7563310167962282,0.3242039680480957,0.6959501830425845,1.4918029308319092,0.6214075188980466,0.5772969722747803,0.754107954350264,0.8698098659515381,0.7241634521033864,1.488502025604248,0.6081449541725086,0.3147144317626953,0.533683739679794,1.4774937629699707,0.450755047206797,0.5684161186218262,0.6052755188407956,1.4945039749145508,0.5675989242487733,0.3217332363128662,1.0,0.717900276184082,1615,0.7197017669677734,0.0,0.7184793949127197,0.0298482790005043,0.0114033222198486,15.81340083214083,0.0017495155334472,0.03574380994654808,1.3449277877807615,0.01,0.000547170639038,0,0,0,['cluster'],['separated']
figure_descending_markersize160_n100-d10-c3-spr0.1-out0_tsne.png,n100-d10-c3-spr0.1-out0_tsne,100,3,160,1.0,0.910355806350708,1.0,0.9118618965148926,1.0,1.2003307342529297,1.0,0.3300964832305908,1.0,0.916240692138672,0.6519637463519536,1.5404539108276367,0.5968388704964271,0.3297717571258545,0.5234844258062974,1.1648566722869873,0.6515185685451044,1.5513737201690674,0.6244471216680405,0.3214802742004394,0.4836396236285293,0.9371497631072998,0.4253530531504844,1.564772129058838,0.3545404023876704,0.5830082893371582,0.4831498256836742,0.9343822002410888,0.4539608265916069,0.9342091083526612,1.0,0.7564170360565186,3490,0.7632031440734863,0.0,0.7433507442474365,0.0298482790005043,0.0111887454986572,15.81340083214083,0.0017075538635253,0.043513787846898744,1.4904379844665527,0.01,0.0005328655242919,0,0,0,['cluster'],['separated']
figure_category_based_markersize10_boston_umap.png,boston_umap,155,3,10,0.7502676289330151,0.3002610206604004,0.7887638924389492,1.5866026878356934,1.0193297354949509,0.5630295276641846,0.7270947634479155,0.9531545639038086,0.7419385044861752,0.9367015361785888,0.5544758777518104,0.9918379783630372,0.5750739433604091,0.9234051704406738,0.6503793662053465,1.166024923324585,0.5283002894373515,0.9410037994384766,0.5408851041660496,0.93587327003479,0.4397243036173671,0.9575774669647216,0.4524872300539317,0.9359846115112304,0.4775340545763646,1.2079122066497805,0.4148707625464138,0.9564146995544434,0.4255640830408184,0.939255952835083,0.9870967741935484,0.7926034927368164,275,0.1058621406555175,0.0,0.7864067554473877,0.025427920527121,0.0151667594909667,4.452789088397461,0.0022459030151367,0.040305586885911404,2.27048134803772,0.2193548387096774,0.000770092010498,0,0,34,['three_order'],"['intersecting','separated']"
figure_category_based_markersize60_boston_umap.png,boston_umap,155,3,60,0.3792440992169797,0.9997007846832277,0.4367829366344121,0.3250796794891357,0.9098219242585184,1.239370584487915,0.3588957086341074,0.9875655174255372,0.382454992646477,0.97566819190979,0.2389246137579327,0.9694375991821288,0.2595969705620954,0.9843122959136964,0.3257477927294566,1.254430055618286,0.2298484364530255,0.9887809753417968,0.238776074421951,0.9908246994018556,0.1743978073095544,1.0064301490783691,0.1846795931253698,1.0150954723358154,0.1983889591621127,0.562495231628418,0.169059953155663,0.9869685173034668,0.1735700738924477,0.982698917388916,0.9419354838709676,0.7967195510864258,4095,0.8049278259277344,0.0,0.8056790828704834,0.025427920527121,0.0154531002044677,4.452789088397461,0.0022439956665039,0.06720821102995418,1.7726008892059326,0.2193548387096774,0.0007796287536621,0,0,1184,['three_order'],"['intersecting','separated']"
figure_category_based_markersize110_boston_umap.png,boston_umap,155,3,110,0.306512905157833,0.9969525337219238,0.3588629413914846,1.006108283996582,0.7903899604249933,1.2507481575012207,0.2806561864031276,0.990243673324585,0.3025269764987044,1.017977237701416,0.1815931847657442,1.022966384887695,0.1967437601402455,1.0259113311767578,0.2368430305622411,1.291332483291626,0.1728119044571673,0.329709529876709,0.179483730002814,1.0032038688659668,0.1290135500264123,1.0124692916870115,0.1355210503312567,1.033170461654663,0.1392910298882713,1.291874885559082,0.124840853541591,1.035055160522461,0.1275903886939727,1.0435240268707275,0.896774193548387,0.8360695838928223,8678,0.1132328510284423,0.0,0.8695008754730225,0.025427920527121,0.0157585144042968,4.452789088397461,0.0022480487823486,0.0813714610488837,2.648801565170288,0.2193548387096774,0.0007438659667968,1,0,3269,['three_order'],"['intersecting','separated']"
figure_category_based_markersize160_boston_umap.png,boston_umap,155,3,160,0.2833653496264768,1.041203498840332,0.3309673346317666,1.05552077293396,0.683522897499028,0.6077175140380859,0.2524912937081168,1.076972246170044,0.2727413736660913,1.1084632873535156,0.1632785994538949,1.0421969890594482,0.1752921082316089,1.0706140995025637,0.1991264079453348,0.5974366664886475,0.1538926340049421,1.0422132015228271,0.1592135184003124,1.051621675491333,0.1146790348688693,1.0582597255706787,0.1192167855609988,1.0580668449401855,0.1165384022529492,1.300959587097168,0.1106740590965777,1.072535514831543,0.1124192932343891,0.3366768360137939,0.8709677419354839,0.8691010475158691,12415,0.8542492389678955,0.0,0.8600986003875732,0.025427920527121,0.0151352882385253,4.452789088397461,0.0022299289703369,0.09063200848433564,2.1092424392700195,0.2193548387096774,0.0007221698760986,1,0,5681,['three_order'],"['intersecting','separated']"
figure_ascending_markersize10_boston_umap.png,boston_umap,155,3,10,0.7792022548201308,1.038924217224121,0.7958241675036166,1.0567584037780762,0.7782074267130611,1.3155131340026855,0.843730351694072,1.0443954467773438,0.8284469131606179,0.3135309219360351,0.5736546155397546,1.0468804836273191,0.5791210212798523,1.033376932144165,0.5278369857414638,1.3071608543395996,0.5921678443241737,1.0572123527526855,0.5893723125514961,0.3028073310852051,0.4539152251697833,1.0342259407043457,0.4551763674870821,1.0761387348175049,0.3993539772759101,1.3325376510620115,0.4561610891725665,0.3029253482818603,0.4573806398630942,1.0481228828430176,0.9870967741935484,0.8674049377441406,275,0.886467456817627,0.0,0.105133056640625,0.025427920527121,0.0164248943328857,4.452789088397461,0.0022766590118408,0.04030558688591141,2.095949172973633,0.2193548387096774,0.0006966590881347,0,0,0,['three_order'],"['intersecting','separated']"
figure_ascending_markersize60_boston_umap.png,boston_umap,155,3,60,0.4735392974782071,1.082369327545166,0.4631616954304478,0.3194622993469238,0.3191393372203486,1.3296229839324951,0.5621637350654274,1.0629618167877195,0.5268829159664248,1.074481725692749,0.2798135715131377,1.0952847003936768,0.2669865274932741,0.3146729469299316,0.1780314873257792,1.341221570968628,0.3010130607685521,1.146470069885254,0.2892736442608973,1.0992155075073242,0.1985758543066546,1.1286604404449463,0.1875489444034381,0.3257732391357422,0.1234485564717079,1.3268327713012695,0.2055334203080407,1.130289077758789,0.199365465937004,1.096395492553711,0.9419354838709676,0.1143887042999267,4095,0.935032844543457,0.0,0.9064152240753174,0.025427920527121,0.0158095359802246,4.452789088397461,0.0022125244140625,0.06720821102995418,1.482569694519043,0.2193548387096774,0.0007123947143554,0,0,0,['three_order'],"['intersecting','separated']"
figure_ascending_markersize110_boston_umap.png,boston_umap,155,3,110,0.4001431051737342,1.131584644317627,0.3834592258201877,1.1136465072631836,0.2211764918996168,1.3892946243286133,0.4840710187371958,0.3172225952148437,0.4479398041669045,1.1264958381652832,0.2182145785242317,1.1712238788604736,0.2042605047045725,1.1635730266571045,0.1173704157431568,0.5848574638366699,0.2368475436624839,1.1360094547271729,0.2250899625276742,1.1315619945526123,0.1500108479283903,1.141021728515625,0.1392063782733592,0.3204469680786133,0.0798799054427802,1.3854765892028809,0.1567781963576318,1.1667687892913818,0.1503105397719915,0.3324100971221924,0.896774193548387,0.943800449371338,8678,0.9455738067626952,0.0,0.1071765422821044,0.025427920527121,0.016038179397583,4.452789088397461,0.0022308826446533,0.0813714610488837,2.463221311569214,0.2193548387096774,0.0007014274597167,0,0,0,['three_order'],"['intersecting','separated']"
figure_ascending_markersize160_boston_umap.png,boston_umap,155,3,160,0.3720394434144993,1.1518142223358154,0.3528718339835645,1.1700334548950195,0.1818080115674526,0.5771872997283936,0.4560042228950416,1.1861083507537842,0.418061453417899,1.1512963771820068,0.1972239861065572,1.1933128833770752,0.1820558933186682,0.3410682678222656,0.0944122830759031,1.4271128177642822,0.2136431810710101,1.1733274459838867,0.2015480252252907,1.175302028656006,0.1341765465064613,0.3293378353118896,0.1226730889526647,1.1971383094787598,0.0637617792747282,1.464195966720581,0.1395003412724129,0.341761827468872,0.1327809574582408,1.1881155967712402,0.8709677419354839,0.9948127269744872,12415,0.1164872646331787,0.0,0.9853761196136476,0.025427920527121,0.0160269737243652,4.452789088397461,0.0022528171539306,0.09063200848433559,2.7380311489105225,0.2193548387096774,0.000704288482666,0,0,0,['three_order'],"['intersecting','separated']"
figure_descending_markersize10_boston_umap.png,boston_umap,155,3,10,0.6977115825924955,0.2952880859375,0.7646797719565788,1.198051929473877,1.2071897836873595,1.4397363662719729,0.6637491533889811,0.3098249435424804,0.6932339398979193,1.1691615581512451,0.5226935809649441,1.188230037689209,0.5633412296383564,0.3101778030395508,0.7454447010521341,1.414289951324463,0.4919415383413682,1.169257879257202,0.5130659277349792,0.3118810653686523,0.4178721246305751,1.1744694709777832,0.4459290643335105,1.1957745552062988,0.5392021256029504,0.558009147644043,0.3907882646943517,1.1456212997436523,0.4072291270609813,1.189990758895874,0.9870967741935484,0.9975202083587646,275,0.1041007041931152,0.0,1.0123484134674072,0.025427920527121,0.015599250793457,4.452789088397461,0.0022015571594238,0.04030558688591142,1.2554030418395996,0.2193548387096774,0.0006728172302246,0,0,60,['three_order'],"['intersecting','separated']"
figure_descending_markersize60_boston_umap.png,boston_umap,155,3,60,0.3340074714054372,1.1836256980895996,0.4000360934806104,1.221623182296753,1.4155026821391687,1.4807069301605225,0.3031278570332721,0.3206405639648437,0.3403448551372539,1.2017488479614258,0.2116690178611016,1.2252895832061768,0.2422679528632169,0.3100848197937011,0.4196152138995729,1.4300761222839355,0.2001130564009871,1.2317745685577393,0.2154712832998322,0.3223576545715332,0.1549242133332088,1.2378158569335938,0.1737454101539138,0.3306972980499267,0.2463170303021892,1.4475724697113037,0.1493559979635533,1.2254703044891355,0.1576346474016846,1.1920254230499268,0.9419354838709676,0.1046419143676757,4095,1.0383570194244385,0.0,0.102823257446289,0.025427920527121,0.015373945236206,4.452789088397461,0.0022003650665283,0.06720821102995418,2.3732409477233887,0.2193548387096774,0.0006866455078125,0,0,1637,['three_order'],"['intersecting','separated']"
figure_descending_markersize110_boston_umap.png,boston_umap,155,3,110,0.2613328590854127,1.2274434566497805,0.3199647577893741,0.3293564319610595,1.4391795127837548,1.4926531314849854,0.2299528230372811,1.2286269664764404,0.2644454069729292,1.2849254608154297,0.1577224523993853,0.3252131938934326,0.1823852940890258,1.2401416301727295,0.3197984640209399,1.5072734355926514,0.148362799565822,0.3320167064666748,0.1608864836702521,1.2871465682983398,0.1129437457637814,1.2529189586639404,0.1275436639928182,0.3309977054595947,0.1798852857172285,1.5102918148040771,0.1095080338906688,0.3205182552337646,0.1156119321171041,1.246354341506958,0.896774193548387,1.0580601692199707,8678,0.1138019561767578,0.0,1.071037769317627,0.025427920527121,0.016183853149414,4.452789088397461,0.0026557445526123,0.0813714610488837,2.585205316543579,0.2193548387096774,0.0007135868072509,0,0,4401,['three_order'],"['intersecting','separated']"
figure_descending_markersize160_boston_umap.png,boston_umap,155,3,160,0.2354029207970889,0.3319318294525146,0.2890765632566526,1.2954778671264648,1.378870641878418,0.588961124420166,0.2025596519847557,1.279237985610962,0.235635043120708,1.288700819015503,0.1394516175958744,0.3400712013244629,0.1611959456799612,1.3033511638641355,0.2810163975961275,1.5860397815704346,0.1302328044828667,0.3416571617126465,0.1417883497288076,1.292724847793579,0.0990701663489748,1.289456844329834,0.1117572070468614,0.3397536277770996,0.1564506670469932,1.5549917221069336,0.0959665592974295,1.311213731765747,0.1014025974732081,0.344703197479248,0.8709677419354839,1.103463888168335,12415,0.1140599250793457,0.0,1.1050384044647217,0.025427920527121,0.016233205795288,4.452789088397461,0.0022830963134765,0.0906320084843356,2.873842477798462,0.2193548387096774,0.0006732940673828,0,0,7404,['three_order'],"['intersecting','separated']"
figure_category_based_markersize10_n500-d10-c5-spr0.1-out0_umap.png,n500-d10-c5-spr0.1-out0_umap,500,5,10,0.8926692798820263,0.6542325019836426,0.8646847305410328,0.5640108585357666,1.030882457423487,1.1030337810516355,0.8885711968901596,0.61765456199646,0.9143324496974352,0.6098136901855469,0.6158790127381042,0.6236236095428467,0.6084562736851651,0.6024746894836426,0.6198504221227433,1.0267219543457031,0.6195231848739524,0.6528971195220947,0.6288370795084828,0.5547254085540771,0.4701114084651423,0.6875908374786377,0.4693698450272263,0.6731946468353271,0.4431559080771987,1.0676023960113523,0.4755367340567146,0.6545009613037109,0.4792072144334978,0.6310522556304932,0.98,0.3549501895904541,784,0.3493440151214599,0.0,0.3780961036682129,0.0290414789449923,0.058528184890747,4.52577805416153,0.0054755210876464,0.021795899467061865,14.568533420562744,0.018,0.0034451484680175,0,0,18,['cluster'],"['separated','touching']"
figure_category_based_markersize60_n500-d10-c5-spr0.1-out0_umap.png,n500-d10-c5-spr0.1-out0_umap,500,5,60,0.7908445396111242,0.5739474296569824,0.7488990771243473,0.6507556438446045,1.0368758686693411,1.2151834964752195,0.7910144138691371,0.5948538780212402,0.8288567343947255,0.853539228439331,0.2902517358867732,0.7185442447662354,0.2866990688579404,0.7528343200683594,0.260006295854026,1.151172161102295,0.2967921706040966,0.7146587371826172,0.2933259916281547,0.7130575180053711,0.177743040824458,0.7404072284698486,0.177284146830026,0.7528128623962402,0.1486395211295262,1.183950662612915,0.1826643237789597,0.8052511215209961,0.1781936785581218,0.7497634887695312,0.868,0.306586742401123,14171,0.4250309467315674,0.0,0.4233810901641845,0.0290414789449923,0.0585184097290039,4.52577805416153,0.0054366588592529,-,15.0,0.018,0.0032353401184082,0,0,180,['cluster'],"['separated','touching']"
figure_category_based_markersize110_n500-d10-c5-spr0.1-out0_umap.png,n500-d10-c5-spr0.1-out0_umap,500,5,110,0.702246858327681,0.679887056350708,0.6526078044177517,0.8405449390411377,1.023162571197454,1.260739803314209,0.7021326392900923,0.6929314136505127,0.7452906180239023,0.8244137763977051,0.2234504906056025,0.8120849132537842,0.2229217827532977,0.8486576080322266,0.1973596901404049,1.4463849067687988,0.2259261029855869,0.7041106224060059,0.2226106385861429,0.9015815258026124,0.1328633885352385,0.7014765739440918,0.1344186686587181,0.8585259914398193,0.1092129913885459,1.3374552726745603,0.1346217576902243,0.7108111381530762,0.1308465833061852,0.8990030288696289,0.648,0.5041284561157227,27266,0.3299672603607178,0.0,0.5293118953704834,0.0290414789449923,0.0581691265106201,4.52577805416153,0.0051953792572021,-,15.0,0.018,0.0033483505249023,0,0,443,['cluster'],"['separated','touching']"
figure_category_based_markersize160_n500-d10-c5-spr0.1-out0_umap.png,n500-d10-c5-spr0.1-out0_umap,500,5,160,0.615905579957364,0.8105323314666748,0.5619886621272383,0.7536983489990234,1.0164638525505547,1.3790688514709473,0.6122542097384638,0.8096404075622559,0.6590056688444177,0.7718408107757568,0.201700059343597,0.9577975273132324,0.2012654191233224,0.767167329788208,0.1796207181436174,1.1938879489898682,0.2023704796301985,1.0141890048980713,0.1995269337737171,0.7906272411346436,0.120596887033423,0.9766764640808104,0.1225830977107831,0.821028470993042,0.0985146920866514,1.23533296585083,0.1212186469655531,0.7827684879302979,0.1175603164279827,0.979527711868286,0.45,0.5697488784790039,34685,0.3587396144866943,0.0,0.5607016086578369,0.0290414789449923,0.0585405826568603,4.52577805416153,0.0054507255554199,-,15.0,0.018,0.0031149387359619,1,0,764,['cluster'],"['separated','touching']"
figure_ascending_markersize10_n500-d10-c5-spr0.1-out0_umap.png,n500-d10-c5-spr0.1-out0_umap,500,5,10,0.9717433312375368,0.7469232082366943,0.9723681669455466,0.9290010929107666,0.9630305949667524,1.1398191452026367,0.9748605544629376,0.7436487674713135,0.9757628280146684,0.73162841796875,0.6595279509491051,0.7590658664703369,0.6635921881268694,0.7489945888519287,0.5845173185074843,1.1990535259246826,0.6664630331294723,0.7256872653961182,0.6605623622731096,0.7557480335235596,0.4991530353323106,0.9541506767272948,0.503655987268632,0.7498207092285156,0.4195972066215619,1.2194972038269043,0.5062960711175988,0.7727134227752686,0.4992800351559572,0.7638983726501465,0.98,0.6223735809326172,784,0.406257152557373,0.0,0.3877480030059814,0.0290414789449923,0.0571486949920654,4.52577805416153,0.0052034854888916,0.02179589946706187,12.150060892105104,0.018,0.0030281543731689,0,0,0,['cluster'],"['separated','touching']"
figure_ascending_markersize60_n500-d10-c5-spr0.1-out0_umap.png,n500-d10-c5-spr0.1-out0_umap,500,5,60,0.9340696407278352,0.5910866260528564,0.9289405759351834,0.7887263298034668,0.8755028905714399,1.507044792175293,0.9432115662014658,0.8260080814361572,0.937586798559864,0.5838510990142822,0.3283803553485594,1.0550453662872314,0.3179043920486488,0.8605437278747559,0.2279207234565273,1.0403428077697754,0.3338083225456101,0.8224806785583496,0.3141489135948015,1.0904195308685305,0.1992065870454129,0.6420676708221436,0.1917654192886553,1.086259841918945,0.1310138597974599,1.30315899848938,0.2027881408320855,0.6194334030151367,0.1886849562835285,0.8659746646881104,0.868,0.7590785026550293,14171,0.4211630821228027,0.0,0.3905806541442871,0.0290414789449923,0.0579171180725097,4.52577805416153,0.0053350925445556,0.04198575216126147,14.087772369384766,0.018,0.0030512809753417,0,0,0,['cluster'],"['separated','touching']"
figure_ascending_markersize110_n500-d10-c5-spr0.1-out0_umap.png,n500-d10-c5-spr0.1-out0_umap,500,5,110,0.8881051918205769,0.9190998077392578,0.8759555369637022,0.8851187229156494,0.7634545103889085,1.3510260581970217,0.9027535803699508,0.9512982368469238,0.8893443103766087,0.9599871635437012,0.2656374007701045,0.6601474285125732,0.2554693612595845,0.9315512180328368,0.1584442006374292,1.3425021171569824,0.2665258654157857,0.935899019241333,0.2453266704456509,0.9659759998321532,0.1561751450878389,0.6682603359222412,0.1495412748960083,0.9483637809753418,0.0883946286680573,1.404705047607422,0.1563418476860884,0.9427103996276855,0.1422885695714014,0.9537687301635742,0.648,0.4700860977172851,27266,0.4787101745605469,0.0,0.7350759506225586,0.0290414789449923,0.0584702491760253,4.52577805416153,0.0053751468658447,-,15.0,0.018,0.0030431747436523,0,0,0,['cluster'],"['separated','touching']"
figure_ascending_markersize160_n500-d10-c5-spr0.1-out0_umap.png,n500-d10-c5-spr0.1-out0_umap,500,5,160,0.8314894829355718,0.9971699714660645,0.8193825112610049,1.0405898094177246,0.6553790546645304,1.4500579833984375,0.8535525868121289,1.0068583488464355,0.8346206574854926,0.7237811088562012,0.250687072362927,1.0077548027038574,0.2414440289576367,1.0302515029907229,0.1318260889310055,1.1810438632965088,0.250291842273056,1.003643274307251,0.2271117767780722,1.0263514518737793,0.1475924808007619,1.0860419273376465,0.1415816520952945,1.0490577220916748,0.0732833242705177,1.1704084873199463,0.1466469621279422,1.0611493587493896,0.1314390804967027,0.7431633472442627,0.45,0.8348824977874756,34685,0.4932785034179687,0.0,0.4687657356262207,0.0290414789449923,0.0570757389068603,4.52577805416153,0.0053291320800781,-,15.0,0.018,0.0029551982879638,0,0,0,['cluster'],"['separated','touching']"
figure_descending_markersize10_n500-d10-c5-spr0.1-out0_umap.png,n500-d10-c5-spr0.1-out0_umap,500,5,10,0.8875503983620434,0.9836554527282716,0.8606551226804151,0.9805662631988524,1.0421996137763891,1.0999891757965088,0.8837053692792378,1.0212106704711914,0.911199689722531,0.6539516448974609,0.6090267186354228,1.0158205032348633,0.6056352226772794,0.998060703277588,0.6323225782215172,1.094301700592041,0.61369802415083,1.0384016036987305,0.6258815571284908,1.0043175220489502,0.4635570903214067,0.6983778476715088,0.4671997188026502,1.0730507373809814,0.4538371628715707,1.1118059158325195,0.4700721698612782,1.0458307266235352,0.4766356756428208,0.7078433036804199,0.98,0.5047826766967773,784,0.4869911670684814,0.0,0.910313367843628,0.0290414789449923,0.0574839115142822,4.52577805416153,0.0052452087402343,0.021795899467061865,12.153137445449827,0.018,0.0030117034912109,0,0,21,['cluster'],"['separated','touching']"
figure_descending_markersize60_n500-d10-c5-spr0.1-out0_umap.png,n500-d10-c5-spr0.1-out0_umap,500,5,60,0.7653886839325162,0.7162811756134033,0.7321629595459449,0.7127053737640381,1.1043734552605042,1.5154078006744385,0.7679426836929676,0.7116427421569824,0.8141603106154631,0.6982364654541016,0.2736089364805393,1.0952506065368652,0.2813571446202436,1.09222412109375,0.2841673236379911,1.1650781631469729,0.2831924443025039,0.742337703704834,0.2868620276612807,1.087147235870361,0.1665784620238908,0.7367472648620605,0.1741375462649583,1.0961756706237793,0.1630625468632777,1.1787669658660889,0.1736064454997719,1.1253252029418943,0.1741027853293659,0.7396159172058105,0.868,0.5524976253509521,14171,0.57619309425354,0.0,0.9886744022369384,0.0290414789449923,0.0586731433868408,4.52577805416153,0.0053684711456298,0.041985752161261505,14.133227109909058,0.018,0.0029993057250976,0,0,246,['cluster'],"['separated','touching']"
figure_descending_markersize110_n500-d10-c5-spr0.1-out0_umap.png,n500-d10-c5-spr0.1-out0_umap,500,5,110,0.6505925814384825,0.7668440341949463,0.6177363658178566,0.7866837978363037,1.1838910881324127,1.607544183731079,0.6545556930822611,0.7561769485473633,0.7137993582012645,1.1844463348388672,0.201062194889149,0.7976562976837158,0.2143636543563979,1.1793880462646484,0.2286812981939359,1.2230615615844729,0.2072504077613545,1.2188687324523926,0.2133013334428974,0.7937896251678467,0.1189045008685488,1.195077419281006,0.1296827417873705,0.8335015773773193,0.1265642746117269,1.230170726776123,0.1231161979167358,0.8000900745391846,0.1253847344576505,1.2185451984405518,0.648,0.583838939666748,27266,0.6084308624267578,0.0,0.5565004348754883,0.0290414789449923,0.0582678318023681,4.52577805416153,0.0053169727325439,-,15.0,0.018,0.0030055046081542,0,0,643,['cluster'],"['separated','touching']"
figure_descending_markersize160_n500-d10-c5-spr0.1-out0_umap.png,n500-d10-c5-spr0.1-out0_umap,500,5,160,0.5341176730433983,0.8422112464904785,0.4992682413183712,0.8324668407440186,1.324734938871029,1.7411446571350098,0.5331584022351441,0.8414201736450195,0.6022455886854311,0.859539270401001,0.1727983481080613,1.2662501335144043,0.18652668798906,0.8559432029724121,0.219535993512447,1.2807602882385254,0.1770729535214777,1.2910845279693604,0.1857606477974216,0.8579444885253906,0.1030721891161043,0.8795051574707031,0.1146868573323636,1.326144456863403,0.1196851498031228,1.2775154113769531,0.1061665288748825,0.8425333499908447,0.1098166074734093,0.8465218544006348,0.45,1.0927536487579346,34685,0.153740644454956,0.0,0.5832366943359375,0.0290414789449923,0.0584685802459716,4.52577805416153,0.0054008960723876,-,15.0,0.018,0.0030059814453125,1,0,1191,['cluster'],"['separated','touching']"
figure_category_based_markersize10_interleaved_100_200_10d_25_cramped_rotated_pca.png,interleaved_100_200_10d_25_cramped_rotated_pca,1479,10,10,0.6747259231073484,0.854358434677124,0.6953025767126964,0.8213920593261719,0.7203599282612605,1.699385404586792,0.6767764364384228,0.841526985168457,0.6886738599977172,0.8248860836029053,0.6107530566077644,1.279001235961914,0.6113908916620701,0.8575453758239746,0.6009710299424023,1.7227797508239746,0.6114476777809643,0.8339905738830566,0.609193069036218,1.2818129062652588,0.5578605592809842,0.8615844249725342,0.5455516963836446,0.837597131729126,0.5155296849647967,2.229008197784424,0.5576209183978071,0.8735542297363281,0.5461599976165497,0.8727056980133057,0.9891818796484112,0.7765047550201416,1838,0.6976182460784912,0.0,0.1387543678283691,0.0308251218703893,0.2052960395812988,5.383266703387731,0.0142943859100341,-,15.0,0.3157538877620013,0.0144529342651367,0,0,447,['cluster'],['intersecting']
figure_category_based_markersize60_interleaved_100_200_10d_25_cramped_rotated_pca.png,interleaved_100_200_10d_25_cramped_rotated_pca,1479,10,60,0.3128840597986392,0.9707531929016112,0.3282591204945778,0.9478809833526612,0.3477112825146673,1.8126299381256104,0.3159105098396458,0.9892666339874268,0.3236841279771962,0.9641997814178468,0.2465702097805473,0.9920721054077148,0.2418272226425067,0.9986743927001952,0.2264152482691788,2.35779356956482,0.2481895748734502,1.018070936203003,0.2422485007573089,1.0010945796966553,0.2034501938547793,1.0175046920776367,0.1914244290430199,0.9896156787872314,0.1678590792578456,1.847365379333496,0.2043776551602472,1.4945201873779297,0.1935526315749728,0.9941234588623048,0.90736984448952,1.030996322631836,37202,0.1851193904876709,0.0,0.6979341506958008,0.0308251218703893,0.2078053951263427,5.383266703387731,0.0141544342041015,-,15.0,0.3157538877620013,0.014315128326416,2,0,11250,['cluster'],['intersecting']
figure_category_based_markersize110_interleaved_100_200_10d_25_cramped_rotated_pca.png,interleaved_100_200_10d_25_cramped_rotated_pca,1479,10,110,0.2264962634119559,0.5750172138214111,0.2355056076551608,1.0812935829162598,0.2458364572524696,2.037804365158081,0.2287005032608238,1.1017305850982666,0.2323313721736636,1.6152992248535156,0.171376059273332,1.128434181213379,0.1667501605269197,1.1615979671478271,0.1518654883479919,1.9975714683532717,0.1725148564223143,1.1165096759796145,0.1672025820963294,1.1253232955932615,0.1378329804406879,1.125399827957153,0.1290687627091927,1.1459558010101318,0.1098683276484538,2.03261947631836,0.1384912340245169,1.1869664192199707,0.1305936399532026,1.114232301712036,0.7065584854631508,0.9847204685211182,78727,0.7859234809875488,0.0,0.7858061790466309,0.0308251218703893,0.2059755325317382,5.383266703387731,0.0141358375549316,-,15.0,0.3157538877620013,0.0142126083374023,37,0,30974,['cluster'],['intersecting']
figure_category_based_markersize160_interleaved_100_200_10d_25_cramped_rotated_pca.png,interleaved_100_200_10d_25_cramped_rotated_pca,1479,10,160,0.1960256585457154,0.6632051467895508,0.2014944653024697,1.2257277965545654,0.2038803154176599,2.6928274631500244,0.1976655909823287,1.2846171855926514,0.1989509414728629,0.6665370464324951,0.1452091187815275,1.8238775730133057,0.1405631765554255,1.312969207763672,0.1240318367266712,1.5844459533691406,0.1460159396395983,1.8788769245147705,0.1409248651561058,1.2694554328918457,0.1153154255264395,1.2464492321014404,0.1079265341309008,0.6782939434051514,0.0891261321329881,2.7805395126342773,0.1157663957186654,0.6852478981018066,0.1091036655375173,1.8734207153320312,0.5104800540906017,0.3521554470062256,105831,0.8635308742523193,0.0,0.7581992149353027,0.0308251218703893,0.2070710659027099,5.383266703387731,0.0142543315887451,-,15.0,0.3157538877620013,0.0143308639526367,115,0,51307,['cluster'],['intersecting']
figure_ascending_markersize10_interleaved_100_200_10d_25_cramped_rotated_pca.png,interleaved_100_200_10d_25_cramped_rotated_pca,1479,10,10,0.752810153625008,0.3696434497833252,0.717032280986156,1.0309336185455322,0.654588196204908,1.2673616409301758,0.7534619177620567,1.550661563873291,0.7250871636394858,0.3650002479553222,0.6749969538966767,0.9430372714996338,0.629113072828842,1.6446750164031982,0.5549434092160744,1.267463445663452,0.6744622371028621,1.6330478191375732,0.6388455471201623,0.380443811416626,0.6117629109606921,1.5880355834960938,0.5603994621945136,0.3802573680877685,0.4816275783861367,1.8856606483459477,0.6104565202639569,1.6653497219085691,0.5709383385541964,0.3659355640411377,0.9891818796484112,0.9199154376983644,1838,0.7996516227722168,0.0,0.789309024810791,0.0308251218703893,0.2032687664031982,5.383266703387731,0.0139122009277343,-,15.0,0.3157538877620013,0.0139141082763671,0,0,0,['cluster'],['intersecting']
figure_ascending_markersize60_interleaved_100_200_10d_25_cramped_rotated_pca.png,interleaved_100_200_10d_25_cramped_rotated_pca,1479,10,60,0.4080528308687768,1.1471822261810305,0.3555683037446203,1.151677131652832,0.2680544661670582,1.3711886405944824,0.409627372963628,1.0967369079589844,0.3677398109500759,1.7379801273345947,0.3114881781274674,0.479583740234375,0.2636112157573421,1.1111726760864258,0.1900429907165242,1.99440598487854,0.3115998163137957,1.123722791671753,0.2731966475415819,1.100809097290039,0.2518811515561424,1.1492226123809814,0.2094446361404337,1.0965852737426758,0.1472027908530816,2.026050806045532,0.2514302663617376,1.7674741744995115,0.2173242128558423,0.4727592468261719,0.90736984448952,1.1734740734100342,37202,0.8718352317810059,0.0,0.8422489166259766,0.0308251218703893,0.2067418098449707,5.383266703387731,0.0142657756805419,-,15.0,0.3157538877620013,0.0141005516052246,1,0,0,['cluster'],['intersecting']
figure_ascending_markersize110_interleaved_100_200_10d_25_cramped_rotated_pca.png,interleaved_100_200_10d_25_cramped_rotated_pca,1479,10,110,0.3117503279231629,1.2402260303497314,0.2611710945768876,1.302206039428711,0.1714154619914998,1.5099921226501465,0.3138424147991108,1.298330783843994,0.2732960644876802,1.2209100723266602,0.2281587228734281,1.2369067668914795,0.1881818684432742,1.2620608806610107,0.1197106540780673,2.145726203918457,0.228406267810277,1.2882509231567385,0.1965302426183468,1.2997379302978516,0.1799165500594486,1.3084979057312012,0.1470780984898422,1.2862508296966553,0.0919694883967324,2.1702311038970947,0.1795327410613828,0.5888373851776123,0.1534327041980061,1.2949013710021973,0.7065584854631508,1.1448378562927246,78727,0.964162826538086,0.0,0.9043748378753662,0.0308251218703893,0.2069487571716308,5.383266703387731,0.0142884254455566,-,15.0,0.3157538877620013,0.013620376586914,13,0,0,['cluster'],['intersecting']
figure_ascending_markersize160_interleaved_100_200_10d_25_cramped_rotated_pca.png,interleaved_100_200_10d_25_cramped_rotated_pca,1479,10,160,0.275674793824845,0.6746113300323486,0.2264192309054442,1.3971765041351318,0.1319282499906849,2.2849416732788086,0.2778753859062389,1.412998914718628,0.2382945416805694,0.6897997856140137,0.1977800102521043,1.384504318237305,0.1618149984710529,1.4014065265655518,0.092480121438631,2.3352928161621094,0.1979329515313588,1.488983392715454,0.1693726678008084,1.4149248600006104,0.154207168926221,0.688443660736084,0.1258937237648075,1.4007329940795898,0.0711926619296643,2.305925846099853,0.1537114480411472,1.4107365608215332,0.1313750835000104,1.4098095893859863,0.5104800540906017,1.1213934421539309,105831,1.0408575534820557,0.0,0.1503536701202392,0.0308251218703893,0.2053375244140625,5.383266703387731,0.0140559673309326,-,15.0,0.3157538877620013,0.0142309665679931,49,0,0,['cluster'],['intersecting']
figure_descending_markersize10_interleaved_100_200_10d_25_cramped_rotated_pca.png,interleaved_100_200_10d_25_cramped_rotated_pca,1479,10,10,0.6125070771531433,1.1209704875946045,0.6734229363579411,1.153867483139038,0.7834721827421101,1.2609522342681885,0.6086604212499651,1.1107125282287598,0.65302201915418,1.1683874130249023,0.5561842103838326,1.125265121459961,0.5919455199686805,1.136256217956543,0.6431943261757829,1.2676856517791748,0.5520817612642227,1.159001111984253,0.5781499933476011,1.1206018924713137,0.5093473582582714,1.1364498138427734,0.5280560391455116,1.1473865509033203,0.5455208023953574,1.2525999546051023,0.5051271442912126,1.134129762649536,0.518680814389928,1.1411702632904053,0.9891818796484112,1.1130986213684082,1838,0.1588697433471679,0.0,0.922910451889038,0.0308251218703893,0.2058837413787841,5.383266703387731,0.0142159461975097,-,15.0,0.3157538877620013,0.0142755508422851,0,0,969,['cluster'],['intersecting']
figure_descending_markersize60_interleaved_100_200_10d_25_cramped_rotated_pca.png,interleaved_100_200_10d_25_cramped_rotated_pca,1479,10,60,0.2472172773483177,1.3151679039001465,0.3009126968966318,0.4969666004180908,0.4476638150272886,2.173351526260376,0.2436035088350204,1.2825303077697754,0.2822333519952689,1.2515919208526611,0.1978407698988991,0.4779541492462158,0.2197461286666033,1.248204469680786,0.2634580512300972,2.127170324325561,0.1954167992750579,1.2592530250549316,0.2124300866180181,1.2646572589874268,0.1649045225821411,0.4852378368377685,0.1730646131444514,1.242058277130127,0.1866534491702198,2.1802518367767334,0.1631453523376004,1.2764291763305664,0.1703085771540701,1.3100998401641846,0.90736984448952,0.4753882884979248,37202,1.01804518699646,0.0,0.9993603229522704,0.0308251218703893,0.2069499492645263,5.383266703387731,0.0143642425537109,-,15.0,0.3157538877620013,0.0143060684204101,7,0,23840,['cluster'],['intersecting']
figure_descending_markersize110_interleaved_100_200_10d_25_cramped_rotated_pca.png,interleaved_100_200_10d_25_cramped_rotated_pca,1479,10,110,0.1665942082431895,1.4506895542144775,0.2099436631571806,0.6112344264984131,0.3488189858764748,2.278773784637451,0.1629153143998116,1.4075963497161863,0.1941093035475889,1.4769010543823242,0.1276154471285667,0.5891580581665039,0.1454302990369185,1.4000728130340576,0.1842636051434513,2.2707679271698,0.1254141210855992,1.4365816116333008,0.1394087214998925,1.383126974105835,0.1034182384989667,0.6022884845733643,0.1112457203837242,1.438404560089111,0.1252003373377961,2.359013795852661,0.1019470960744953,0.5876669883728027,0.1087598660883726,1.4401755332946775,0.7065584854631508,1.345318078994751,78727,0.2161848545074463,0.0,0.9878251552581788,0.0308251218703893,0.2060146331787109,5.383266703387731,0.0141158103942871,-,15.0,0.3157538877620013,0.0139508247375488,39,0,65343,['cluster'],['intersecting']
figure_descending_markersize160_interleaved_100_200_10d_25_cramped_rotated_pca.png,interleaved_100_200_10d_25_cramped_rotated_pca,1479,10,160,0.1371687370408593,1.5209903717041016,0.1760212847891461,1.526400804519653,0.3119772014269362,2.419746398925781,0.1334884011559853,0.7152113914489746,0.1615176085522891,1.5419976711273191,0.1026544398242372,1.594231367111206,0.1191387547426526,1.5728693008422852,0.1563606895852249,1.5712807178497314,0.1005655580049019,1.5471553802490234,0.1134890138729299,1.5961220264434814,0.0820173054561149,0.6796770095825195,0.0900412760210893,1.513261318206787,0.1043234093311119,2.4092700481414795,0.0806696422788727,1.536797285079956,0.0874770042836279,0.6549890041351318,0.5104800540906017,1.2807345390319824,105831,1.130485773086548,0.0,0.144585371017456,0.0308251218703893,0.2048883438110351,5.383266703387731,0.0142545700073242,-,15.0,0.3157538877620013,0.0139105319976806,96,0,110014,['cluster'],['intersecting']
figure_category_based_markersize10_ms_interleaved_60_120_3d_0_centeredClusters_umap.png,ms_interleaved_60_120_3d_0_centeredClusters_umap,309,3,10,1.0,0.3107421398162842,1.0,0.3193631172180176,1.0,1.4750585556030271,1.0,1.1824290752410889,1.0,1.2016770839691162,0.4913484573367849,0.3169972896575928,0.5161876058504511,1.189931869506836,0.5108124177308547,1.496230125427246,0.4816676227074341,0.3168590068817138,0.5028671794679883,1.1732406616210938,0.3256871739045917,1.266287088394165,0.3478792924804388,1.24845552444458,0.3430141533630745,0.5753006935119629,0.3172346384171337,1.2587363719940186,0.3358868181710776,0.3126204013824463,0.9449838187702264,1.066781759262085,753,1.0370888710021973,0.0,0.1112511157989502,0.0282316657105421,0.0306830406188964,3.42929718754926,0.0036289691925048,0.03748021577671997,6.658399343490601,0.0,0.0013806819915771,0,0,0,['lip_cluster'],['separated']
figure_category_based_markersize60_ms_interleaved_60_120_3d_0_centeredClusters_umap.png,ms_interleaved_60_120_3d_0_centeredClusters_umap,309,3,60,1.0,1.2737679481506348,1.0,0.3338561058044433,1.0,1.5163445472717283,1.0,0.3322432041168213,1.0,1.1942253112792969,0.2520451514897194,1.2625279426574707,0.2572492688583002,1.2361834049224854,0.2479501782623007,0.5943553447723389,0.2479923850519069,1.252708911895752,0.2534135312201319,1.3004577159881592,0.1441943146898379,0.3325502872467041,0.1476110520348328,1.2888729572296145,0.141520049935784,1.5625216960906982,0.1415475497572276,0.3304214477539062,0.1450907445751379,1.25439715385437,0.8220064724919094,0.1292479038238525,8444,1.0992193222045898,0.0,1.043415069580078,0.0282316657105421,0.0314035415649414,3.42929718754926,0.0036172866821289,0.0640787734686343,6.538851976394653,0.0,0.0013759136199951,0,0,0,['lip_cluster'],['separated']
figure_category_based_markersize110_ms_interleaved_60_120_3d_0_centeredClusters_umap.png,ms_interleaved_60_120_3d_0_centeredClusters_umap,309,3,110,1.0,1.308706760406494,1.0,1.3096840381622314,1.0,0.6228294372558594,1.0,1.320817232131958,1.0,0.3541460037231445,0.2057907301317674,1.29134202003479,0.2051154493321317,1.3295702934265137,0.1963408342890292,1.6074304580688477,0.202735536105526,0.3458747863769531,0.2039860432338283,1.3177917003631592,0.1146971725025591,0.3549962043762207,0.1142777953355325,1.2921743392944336,0.1088569492627146,1.5753381252288818,0.1128022837920138,0.3451259136199951,0.1135770924637562,1.2794899940490725,0.6472491909385113,1.1681597232818604,15175,0.1322982311248779,0.0,1.1359148025512695,0.0282316657105421,0.030278205871582,3.42929718754926,0.0037426948547363,0.07977321645153052,8.402924060821533,0.0,0.0014145374298095,0,0,0,['lip_cluster'],['separated']
figure_category_based_markersize160_ms_interleaved_60_120_3d_0_centeredClusters_umap.png,ms_interleaved_60_120_3d_0_centeredClusters_umap,309,3,160,1.0,0.366966962814331,1.0,1.3669817447662354,1.0,0.6340775489807129,1.0,1.3260350227355957,1.0,1.3323514461517334,0.1922242265271163,0.3785037994384765,0.1900986867893785,1.3401920795440674,0.1810550694822078,0.627185583114624,0.1901417784417503,1.330791473388672,0.1899665184953182,1.3501689434051514,0.10633189654812,0.365516185760498,0.1050326254817499,1.3440396785736084,0.0995385107292212,1.6301541328430176,0.10505893565411,0.3730440139770508,0.1049519362135771,1.3766803741455078,0.5339805825242718,0.1318979263305664,19148,1.16050124168396,0.0,1.1487116813659668,0.0282316657105421,0.0304782390594482,3.42929718754926,0.0035529136657714,0.09093727577088187,8.487771987915039,0.0,0.0013129711151123,0,0,0,['lip_cluster'],['separated']
figure_ascending_markersize10_ms_interleaved_60_120_3d_0_centeredClusters_umap.png,ms_interleaved_60_120_3d_0_centeredClusters_umap,309,3,10,1.0,1.3373384475708008,1.0,1.3113725185394287,1.0,0.5774178504943848,1.0,1.2953226566314695,1.0,0.3088991641998291,0.4971977111660695,1.2942159175872805,0.5174410396809916,1.292015552520752,0.4870056863921467,0.5675077438354492,0.4858708357230713,1.2880184650421145,0.504870316793594,1.3154585361480713,0.3308470547724944,0.328498363494873,0.3490188609899546,1.3265912532806396,0.3218820335357661,0.5817224979400635,0.3208912734701195,1.339430332183838,0.3376766058920492,1.377920627593994,0.9449838187702264,0.1272320747375488,753,1.1718380451202393,0.0,0.1139991283416748,0.0282316657105421,0.0306229591369628,3.42929718754926,0.0035972595214843,0.037480215776719956,5.66811466217041,0.0,0.0014624595642089,0,0,0,['lip_cluster'],['separated']
figure_ascending_markersize60_ms_interleaved_60_120_3d_0_centeredClusters_umap.png,ms_interleaved_60_120_3d_0_centeredClusters_umap,309,3,60,1.0,0.3286917209625244,1.0,1.422522783279419,1.0,0.6003694534301758,1.0,1.329632043838501,1.0,1.364365816116333,0.2664518300190167,0.3358635902404785,0.2594889329048934,1.3607239723205566,0.2048080364582715,1.6211283206939695,0.2590227395119613,0.3397784233093261,0.257960548810232,1.3657641410827637,0.153703159008232,0.3364551067352295,0.1490877810607532,1.346137523651123,0.1140869837976582,1.636516571044922,0.1487800819634777,0.326390266418457,0.1480796250819989,1.375251293182373,0.8220064724919094,0.1302509307861328,8444,1.1833269596099854,0.0,0.1165192127227783,0.0282316657105421,0.0305550098419189,3.42929718754926,0.0035860538482666,0.06407877346863428,6.510747671127319,0.0,0.0012457370758056,0,0,0,['lip_cluster'],['separated']
figure_ascending_markersize110_ms_interleaved_60_120_3d_0_centeredClusters_umap.png,ms_interleaved_60_120_3d_0_centeredClusters_umap,309,3,110,1.0,0.6791877746582031,1.0,0.585684061050415,1.0,0.9545612335205078,1.0,0.6851401329040527,1.0,0.6171784400939941,0.2251842658913798,0.6118073463439941,0.2080137770024427,0.6671626567840576,0.1423492456094711,0.9308538436889648,0.2186115807980455,0.6330215930938721,0.2102477197893058,0.5888586044311523,0.1268775465327255,0.6828854084014893,0.116080009060832,0.7076740264892578,0.0766286371499223,0.8631715774536133,0.1227197720842832,0.6594932079315186,0.1174730839088831,0.6014337539672852,0.6472491909385113,0.3703725337982178,15175,0.2522432804107666,0.0,0.3757956027984619,0.0282316657105421,0.0316987037658691,3.42929718754926,0.0037543773651123,0.07977321645153052,6.122262954711914,0.0,0.0014083385467529,0,0,0,['lip_cluster'],['separated']
figure_ascending_markersize160_ms_interleaved_60_120_3d_0_centeredClusters_umap.png,ms_interleaved_60_120_3d_0_centeredClusters_umap,309,3,160,1.0,0.7103896141052246,1.0,0.6889650821685791,1.0,1.0681095123291016,1.0,0.7189857959747314,1.0,0.7194933891296387,0.2148885256982523,0.5776374340057373,0.1934719230127918,0.7839021682739258,0.1174345612516102,0.982039213180542,0.2089268503270263,0.6995878219604492,0.1973349919503029,0.718794584274292,0.1203782109922892,0.7466030120849609,0.1070959956157723,0.6264941692352295,0.0623800686204488,1.1639351844787598,0.1166489768244103,0.6218864917755127,0.1094684764330116,0.8599300384521484,0.5339805825242718,0.4181580543518066,19148,0.2669961452484131,0.0,0.4135720729827881,0.0282316657105421,0.03019380569458,3.42929718754926,0.0036118030548095,0.0909372757708819,7.1421895027160645,0.0,0.0014121532440185,0,0,0,['lip_cluster'],['separated']
figure_descending_markersize10_ms_interleaved_60_120_3d_0_centeredClusters_umap.png,ms_interleaved_60_120_3d_0_centeredClusters_umap,309,3,10,1.0,0.7450656890869141,1.0,0.8233036994934082,1.0,0.849074125289917,1.0,0.7315938472747803,1.0,0.7016391754150391,0.4860211768702136,0.7515897750854492,0.5152859644629737,0.7418677806854248,0.539184680311942,1.1665363311767578,0.4776823498790916,0.6236076354980469,0.5009351848319299,0.756899356842041,0.3210224406345935,0.6289370059967041,0.3470607484872284,0.7635936737060547,0.3690984568994521,1.037214994430542,0.3137862520618822,0.6374261379241943,0.3341651273269105,0.7752540111541748,0.9449838187702264,0.472355842590332,753,0.3051342964172363,0.0,0.4900248050689697,0.0282316657105421,0.0305640697479248,3.42929718754926,0.0037107467651367,0.03748021577671995,4.963283061981201,0.0,0.0012705326080322,0,0,0,['lip_cluster'],['separated']
figure_descending_markersize60_ms_interleaved_60_120_3d_0_centeredClusters_umap.png,ms_interleaved_60_120_3d_0_centeredClusters_umap,309,3,60,1.0,0.677828311920166,1.0,0.7909512519836426,1.0,1.1010236740112305,1.0,0.6665079593658447,1.0,0.8495361804962158,0.2372062563191012,0.8462059497833252,0.2554639055546094,0.8888399600982666,0.2904310687812201,0.9563655853271484,0.2363782563826909,0.7080011367797852,0.2487776682148537,0.891890287399292,0.1345626833368433,0.7142388820648193,0.1464365835525028,0.7119779586791992,0.1698855562227414,0.9560258388519288,0.1340300193270825,0.9040677547454834,0.1420594425387762,0.943267583847046,0.8220064724919094,0.3395664691925049,8444,0.5451967716217041,0.0,0.3093931674957275,0.0282316657105421,0.0317835807800293,3.42929718754926,0.0036873817443847,0.06407877346863428,5.667432069778442,0.0,0.0012574195861816,0,0,0,['lip_cluster'],['separated']
figure_descending_markersize110_ms_interleaved_60_120_3d_0_centeredClusters_umap.png,ms_interleaved_60_120_3d_0_centeredClusters_umap,309,3,110,1.0,0.7611603736877441,1.0,0.9348115921020508,1.0,1.0178449153900146,1.0,0.7571010589599609,1.0,0.9724419116973876,0.1854396746530642,0.7566845417022705,0.2026049430791935,0.7754545211791992,0.2436903033117926,1.2077844142913818,0.1862907898759437,0.7468767166137695,0.1977984665492083,0.7508790493011475,0.1021953759611762,1.0046744346618652,0.1127214311061278,0.8066370487213135,0.1387513282943825,0.8522505760192871,0.1027126006947946,0.9964199066162108,0.1097537999373858,0.7939233779907227,0.6472491909385113,0.6257479190826416,15175,0.3848617076873779,0.0,0.3673763275146484,0.0282316657105421,0.0311782360076904,3.42929718754926,0.0036771297454833,0.07977321645153052,6.218556642532349,0.0,0.001272439956665,0,0,0,['lip_cluster'],['separated']
figure_descending_markersize160_ms_interleaved_60_120_3d_0_centeredClusters_umap.png,ms_interleaved_60_120_3d_0_centeredClusters_umap,309,3,160,1.0,0.8215253353118896,1.0,0.8297781944274902,1.0,1.0936226844787598,1.0,0.818763256072998,1.0,0.8293347358703613,0.1676598032503017,0.8259131908416748,0.1870022268280762,0.8621177673339844,0.23503482845478,1.349977731704712,0.1697582074035925,0.616199254989624,0.1823850055983484,1.0944631099700928,0.091500368516559,0.6386990547180176,0.1031453152316382,0.8552699089050293,0.1331668365155376,1.3546195030212402,0.0927517927359592,0.6138155460357666,0.1003430353293209,1.0973491668701172,0.5339805825242718,0.4066751003265381,19148,0.6713972091674805,0.0,0.3937938213348388,0.0282316657105421,0.0305287837982177,3.42929718754926,0.0035567283630371,0.09093727577088193,7.286889553070068,0.0,0.0012338161468505,0,0,0,['lip_cluster'],['separated']
figure_category_based_markersize10_fisheries_clusteredByHarvestRule_pca.png,fisheries_clusteredByHarvestRule_pca,121,11,10,0.8040768161861571,0.840815544128418,0.787860617754996,0.6343750953674316,0.8093140205329111,1.759826898574829,0.7700579275156044,0.8506927490234375,0.778763130510455,0.8239772319793701,0.75441150043952,1.1015739440917969,0.7175766093709288,0.5962610244750977,0.7113876968100857,1.7398812770843506,0.7657636989548864,0.8742835521697998,0.773684849497742,0.8664653301239014,0.710524612384225,0.8605794906616211,0.658805443190994,0.9438116550445556,0.6346014490077914,1.5195114612579346,0.7615170983339551,1.1674582958221436,0.7686723699026753,0.608942985534668,1.0,0.4122731685638428,94,0.7335419654846191,0.0,0.4383656978607178,0.0296383574927455,0.015404462814331,9.775154958901208,0.0019700527191162,0.031449280421930785,1.321680784225464,0.7107438016528925,0.0012407302856445,0,0,24,['three_order'],['intersecting']
figure_category_based_markersize60_fisheries_clusteredByHarvestRule_pca.png,fisheries_clusteredByHarvestRule_pca,121,11,60,0.4260924166042191,0.9259450435638428,0.4047721815223615,0.9406659603118896,0.3853706690534098,1.866459846496582,0.4395343974966024,0.634906530380249,0.4269217142711953,0.9230327606201172,0.4070078900307329,0.947556734085083,0.3818859922504275,0.9794473648071288,0.3617179969456633,1.5761938095092771,0.4376041541121946,0.9626879692077636,0.4250459892395553,0.9661221504211426,0.3895596528478632,0.654395580291748,0.3614493173346277,0.9543559551239014,0.3408008601560173,1.544189214706421,0.4356907901748729,0.974147081375122,0.4231866744943202,0.985008955001831,1.0,0.4652597904205322,1725,0.4729266166687011,0.0,0.4464390277862549,0.0296383574927455,0.0159063339233398,9.775154958901208,0.0019056797027587,0.05336295378107549,1.821617603302002,0.7107438016528925,0.0012135505676269,0,0,720,['three_order'],['intersecting']
figure_category_based_markersize110_fisheries_clusteredByHarvestRule_pca.png,fisheries_clusteredByHarvestRule_pca,121,11,110,0.2937889766349416,0.6994895935058594,0.2655373570415358,0.684809684753418,0.2249021948259276,1.8852324485778809,0.3074005016911957,0.6876709461212158,0.2915357807460117,1.0385456085205078,0.2830729856389016,0.6868312358856201,0.2544843362701718,1.0349876880645752,0.2166575994690885,1.592336893081665,0.3050515917923372,1.0303208827972412,0.2896818801092586,0.6901452541351318,0.2731112185487669,1.0481319427490234,0.244314710424822,0.7096500396728516,0.208996099016064,1.965394735336304,0.3027383066760059,0.7349843978881836,0.2878514087052896,1.0722978115081787,0.9917355371900828,0.5340018272399902,5042,0.5126144886016846,0.0,0.5032720565795898,0.0296383574927455,0.0153920650482177,9.775154958901208,0.0019986629486083,0.0693166293914587,1.559972047805786,0.7107438016528925,0.0012145042419433,0,0,2101,['three_order'],['intersecting']
figure_category_based_markersize160_fisheries_clusteredByHarvestRule_pca.png,fisheries_clusteredByHarvestRule_pca,121,11,160,0.244408174066697,0.7070436477661133,0.2144868692400864,1.0536136627197266,0.170138465693464,1.6449613571166992,0.2539272038353237,1.0624613761901855,0.2389158611237978,0.7262437343597412,0.235930158380348,1.1016159057617188,0.2063934850942839,0.7207386493682861,0.1650274405486884,1.9776270389556885,0.251331056878894,0.7322821617126465,0.2369605781857837,1.108400821685791,0.2280205940597917,0.7549586296081543,0.1988886784699423,1.1186294555664062,0.160214534136305,1.679563045501709,0.2487874585812789,1.089522361755371,0.2350370394517752,1.133673906326294,0.9173553719008264,0.5309085845947266,8458,0.5370087623596191,0.0,0.5466444492340088,0.0296383574927455,0.0154621601104736,9.775154958901208,0.0021002292633056,0.08075595005568034,1.798189401626587,0.7107438016528925,0.0013744831085205,0,0,3690,['three_order'],['intersecting']
figure_ascending_markersize10_fisheries_clusteredByHarvestRule_pca.png,fisheries_clusteredByHarvestRule_pca,121,11,10,0.8239461956121337,0.7482683658599854,0.7889776018928489,0.7393059730529785,0.694341656930712,1.6283800601959229,0.8232739666784469,1.126658916473389,0.7979565055974384,0.7280514240264893,0.7839748548610337,0.7374119758605957,0.7186020657635332,1.143406629562378,0.6082553629871199,1.6501288414001465,0.8188797713325843,1.1492037773132324,0.7928291097274062,0.7725789546966553,0.7477022654703153,0.7385127544403076,0.6597531439359645,0.738858699798584,0.5411608286201558,2.059281349182129,0.8145322346686029,0.7582137584686279,0.7877671869377333,0.7584595680236816,1.0,0.5471947193145752,94,0.5638999938964844,0.0,0.5651681423187256,0.0296383574927455,0.0154862403869628,9.775154958901208,0.0019559860229492,0.031449280421930785,1.2875745296478271,0.7107438016528925,0.001152753829956,0,0,0,['three_order'],['intersecting']
figure_ascending_markersize60_fisheries_clusteredByHarvestRule_pca.png,fisheries_clusteredByHarvestRule_pca,121,11,60,0.48383104050045,1.206319808959961,0.4070700775503094,0.7755563259124756,0.2692412348412883,1.691742181777954,0.5282862255401267,0.7618265151977539,0.4509554672820999,1.2228481769561768,0.4644479244505562,0.7856764793395996,0.3840549264901539,0.7877829074859619,0.2527559411118392,1.6928110122680664,0.5261166858696524,1.228018283843994,0.4490266763630478,0.7858626842498779,0.4465580302542731,0.8149144649505615,0.3635029950110732,0.8454437255859375,0.2381729202354263,1.702381610870361,0.5239648928340173,1.247089147567749,0.4471143145176147,0.7865190505981445,1.0,0.6157963275909424,1725,0.5973889827728271,0.0,0.5931308269500732,0.0296383574927455,0.0152108669281005,9.775154958901208,0.0019197463989257,0.05336295378107549,1.4348702430725098,0.7107438016528925,0.0011823177337646,0,0,0,['three_order'],['intersecting']
figure_ascending_markersize110_fisheries_clusteredByHarvestRule_pca.png,fisheries_clusteredByHarvestRule_pca,121,11,110,0.3468678271952133,0.8132753372192383,0.2679833923398733,0.8051581382751465,0.1429837577238216,2.201897382736206,0.3802508207804057,0.8367562294006348,0.3100762592105146,0.8139297962188721,0.335120909359212,0.8307356834411621,0.2568151670159383,0.8254213333129883,0.1375094023632339,1.742340087890625,0.3771583542417034,0.8207402229309082,0.3080992362475053,0.8319573402404785,0.3241435643339113,1.3372821807861328,0.2465405726007564,0.8445537090301514,0.1324387779405026,1.739336013793945,0.3741157821428378,0.8366396427154541,0.3061472642614885,0.8392796516418457,0.9917355371900828,0.6298179626464844,5042,0.6282131671905518,0.0,0.630145788192749,0.0296383574927455,0.0160682201385498,9.775154958901208,0.0020465850830078,0.0693166293914587,1.5622689723968506,0.7107438016528925,0.0011687278747558,0,0,0,['three_order'],['intersecting']
figure_ascending_markersize160_fisheries_clusteredByHarvestRule_pca.png,fisheries_clusteredByHarvestRule_pca,121,11,160,0.2945269678296425,0.8632802963256836,0.2169298227239394,1.359707593917847,0.098200755682779,1.7420785427093506,0.3167019893706753,0.865581750869751,0.2557799612222033,0.8803040981292725,0.2849405356197764,0.8854708671569824,0.2087302002414747,0.8928165435791016,0.0950299869088133,1.7633702754974363,0.3132065438880138,0.8435547351837158,0.2536667746703998,1.361353635787964,0.2759584811354724,0.8856735229492188,0.2011278679872454,0.8844759464263916,0.092057573139803,1.8102517127990725,0.3097874146889467,0.8800840377807617,0.2515882191853121,0.8804044723510742,0.9173553719008264,0.6783256530761719,8458,0.6914200782775879,0.0,0.1168193817138671,0.0296383574927455,0.0153934955596923,9.775154958901208,0.0019834041595458,0.08075595005568036,2.259547233581543,0.7107438016528925,0.0011563301086425,0,0,0,['three_order'],['intersecting']
figure_descending_markersize10_fisheries_clusteredByHarvestRule_pca.png,fisheries_clusteredByHarvestRule_pca,121,11,10,0.7841259935684971,0.3236944675445556,0.7861126705503405,1.4304072856903076,0.8148809743187791,1.258291482925415,0.732125364798357,1.4101576805114746,0.7570506480215524,0.8621819019317627,0.7332697476558311,0.8583238124847412,0.7159153640390247,0.8729267120361328,0.7170983692144748,1.190823316574097,0.7279011444957452,1.397770643234253,0.7521556410484,0.8852899074554443,0.6886085023696136,0.9008033275604248,0.6572271184365924,0.3400604724884033,0.6402685841340137,2.3658156394958496,0.7237253904040909,0.9283778667449952,0.7473235285693896,0.3226034641265869,1.0,0.668109655380249,94,0.6974058151245117,0.0,0.6778185367584229,0.0296383574927455,0.015639305114746,9.775154958901208,0.0019028186798095,0.031449280421930785,1.4173855781555176,0.7107438016528925,0.0011627674102783,0,0,51,['three_order'],['intersecting']
figure_descending_markersize60_fisheries_clusteredByHarvestRule_pca.png,fisheries_clusteredByHarvestRule_pca,121,11,60,0.3973356037539227,0.9204139709472656,0.4018836239387443,0.924736499786377,0.4036035805751244,1.8293354511260984,0.381942258541138,0.8852806091308594,0.3985120905399599,0.9010865688323976,0.3789589046252191,0.9362130165100098,0.379131276090686,0.9346003532409668,0.3837337690162048,1.2636990547180176,0.3802380512061376,1.4998211860656738,0.3967501410969299,0.3344659805297851,0.3622069015592695,1.5096993446350098,0.3588171076103379,0.3276660442352295,0.3657285818644881,1.8158833980560305,0.3785489844909473,1.5173585414886477,0.3950037033560326,0.3333170413970947,1.0,0.7291445732116699,1725,0.7295918464660645,0.0,0.7347524166107178,0.0296383574927455,0.0153923034667968,9.775154958901208,0.0019259452819824,0.053362953781075514,1.565465211868286,0.7107438016528925,0.0011970996856689,0,0,1643,['three_order'],['intersecting']
figure_descending_markersize110_fisheries_clusteredByHarvestRule_pca.png,fisheries_clusteredByHarvestRule_pca,121,11,110,0.2594770991141912,0.9650492668151855,0.2633574436001049,0.9633488655090332,0.248866769037208,1.2358713150024414,0.2478983064427827,1.5786595344543457,0.2624650323014103,0.3445169925689697,0.2499904249626285,0.9566750526428224,0.2523749608176772,1.5938708782196045,0.241907175809531,1.2358770370483398,0.2460844457986665,0.9240140914916992,0.2608001805940707,1.558934211730957,0.2411729635110894,0.3449101448059082,0.2422717880916208,0.9815826416015624,0.2353262451830486,1.8877615928649905,0.2442969362168526,0.9645590782165528,0.2591563165248233,1.591252088546753,0.9917355371900828,0.1188445091247558,5042,0.7771039009094238,0.0,0.7767491340637207,0.0296383574927455,0.0151681900024414,9.775154958901208,0.001976728439331,0.0693166293914587,1.6670935153961182,0.7107438016528925,0.001185655593872,0,0,5853,['three_order'],['intersecting']
figure_descending_markersize160_fisheries_clusteredByHarvestRule_pca.png,fisheries_clusteredByHarvestRule_pca,121,11,160,0.2097936274696692,1.0013766288757324,0.2126686692048565,0.36073899269104,0.1953782624394486,1.928419828414917,0.1969356328917529,0.996267557144165,0.2114456922357888,0.9882826805114746,0.2026234996680036,0.9844460487365724,0.2046246430192273,1.0181925296783447,0.1910152702501838,1.278303861618042,0.1950372466609483,0.9914262294769288,0.2097284797747313,0.982154130935669,0.1959272826596654,1.0042386054992676,0.1971669569819147,1.024127960205078,0.1868428816583477,1.9643051624298096,0.1931751104672102,0.9975054264068604,0.2080389345913399,1.0199763774871826,0.9173553719008264,0.8050858974456787,8458,0.7904412746429443,0.0,0.11883544921875,0.0296383574927455,0.0156571865081787,9.775154958901208,0.0018610954284667,0.08075595005568036,1.8728883266448972,0.7107438016528925,0.0011868476867675,0,0,11508,['three_order'],['intersecting']
figure_category_based_markersize10_grid10_4d_pca.png,grid10_4d_pca,10000,16,10,0.1491519865373033,1.3212778568267822,0.1384167320897977,1.282121658325195,-0.8839456231471772,2.7971911430358887,0.1403110587252191,1.3633441925048828,0.1348091474049912,1.389228343963623,0.0949659198721724,1.3509626388549805,0.0898023537347455,0.6276462078094482,-3.91171686682702,2.7910966873168945,0.0901667169111144,1.3780677318572998,0.0871690632753633,1.369495868682861,0.0696591482961416,1.366316556930542,0.0664603247468863,1.3272275924682615,1.6128853813042905,2.8412036895751958,0.0664270347585306,1.4125921726226809,0.0644079835327434,0.7027416229248047,0.004,1.0057799816131592,9280,1.0135903358459473,0.988,0.2437028884887695,0.0281591927860748,1.185539722442627,0.0519480519480578,0.0930972099304199,-,15.0,0.6248,0.1112008094787597,0,0,40144,['linear'],['intersecting']
figure_category_based_markersize60_grid10_4d_pca.png,grid10_4d_pca,10000,16,60,0.1505212615859512,1.1661860942840576,0.1391977329134712,1.9086763858795168,-1.2064420587849,3.4535374641418457,0.1410563823308958,1.9080426692962649,0.1351713974889942,1.9510626792907717,0.0953917939485492,1.2109854221343994,0.0900601545683608,1.8624207973480225,2.9460565520349653,3.4312679767608643,0.0903815620377205,1.9235308170318604,0.0872436362116008,1.9590802192687988,0.0698198018762547,1.9441022872924805,0.0665630319560214,1.1781141757965088,0.66323677589734,3.379878520965576,0.0664935910064226,1.9987640380859373,0.0644068728015877,1.950735330581665,0.004,1.191941261291504,50700,0.4348819255828857,0.988,1.0587666034698486,0.0281591927860748,1.162552833557129,0.0519480519480578,0.0885455608367919,-,15.0,0.6248,0.1124463081359863,0,0,244360,['linear'],['intersecting']
figure_category_based_markersize110_grid10_4d_pca.png,grid10_4d_pca,10000,16,110,0.1535125872641015,1.7712435722351074,0.1405974279888041,1.7519161701202393,-5.354957336629022,4.043802261352539,0.142383544109599,2.5746216773986816,0.1354475376079942,2.588816404342652,0.0964274235488474,2.498375654220581,0.0906161132996654,2.574524402618408,0.6556197613869099,3.321862936019897,0.0908265817434447,2.5377097129821777,0.0872792436452245,2.587258815765381,0.070289560089592,2.540625810623169,0.0668510678853828,1.83214807510376,0.308900199235335,4.028481721878052,0.0666813284289739,2.657813310623169,0.0643831119294173,2.5866148471832275,0.004,1.4078657627105713,72660,0.5729999542236328,0.988,1.1225054264068604,0.0281591927860748,1.148592472076416,0.0519480519480578,0.0933122634887695,-,15.0,0.6248,0.1114146709442138,0,0,456792,['linear'],['intersecting']
figure_category_based_markersize160_grid10_4d_pca.png,grid10_4d_pca,10000,16,160,0.1556048004049099,2.329282522201538,0.1415767587326344,3.1405601501464844,8.118536100229743,4.726078271865845,0.1433178046916523,3.171912908554077,0.135642666513302,2.3997573852539062,0.0971409546224767,3.195405960083008,0.0910025689577246,3.090278387069702,0.4767358424317984,4.732343435287476,0.091137490690725,2.2930421829223637,0.0873043349536454,3.1621663570404053,0.0706109891588074,3.1506824493408203,0.067050664331589,3.0829548835754395,0.2455783340616314,4.677488803863525,0.0668120244749874,2.33186936378479,0.0643663906344547,3.140503406524658,0.002,1.667569637298584,89760,0.7298705577850342,0.988,1.1929540634155271,0.0281591927860748,1.1864042282104492,0.0519480519480578,0.0920348167419433,-,15.0,0.6248,0.1139421463012695,0,0,659124,['linear'],['intersecting']
figure_ascending_markersize10_grid10_4d_pca.png,grid10_4d_pca,10000,16,10,0.2000425163573251,0.6668322086334229,0.1683045961890318,0.6323742866516113,-0.694375668185528,2.13944673538208,0.1685474527669807,0.661423921585083,0.1500802570508989,1.4722073078155518,0.123512910704303,1.499293565750122,0.1106440280310975,1.4747695922851562,2.0492426610997057,2.1829288005828857,0.1096664949769395,1.514911651611328,0.1008794718276812,1.5354371070861816,0.0893359507108313,1.5348560810089111,0.0823842528974005,0.6518869400024414,0.3779152755174783,3.0454063415527344,0.0812739636924636,1.5789270401000977,0.0759731928852095,0.6595728397369385,0.004,1.1884055137634275,9280,1.1994962692260742,0.988,0.2421965599060058,0.0281591927860748,1.1872718334197998,0.0519480519480578,0.0949034690856933,-,15.0,0.6244,0.1152997016906738,0,0,0,['linear'],['intersecting']
figure_ascending_markersize60_grid10_4d_pca.png,grid10_4d_pca,10000,16,60,0.2018632535432305,1.9878950119018557,0.17038452580908,2.036900043487549,-0.7925941882367751,2.7392382621765137,0.1696878165729752,2.0532021522521973,0.1507814087381654,2.1020915508270264,0.1250269675539383,1.1916921138763428,0.1122407841437566,2.042241096496582,1.5811174694333348,3.617900133132935,0.1107354987674679,1.1825692653656006,0.1016498782909455,2.0959386825561523,0.090557560638295,2.070629835128784,0.0836585309628411,1.157177448272705,0.3652951555898031,3.494190216064453,0.0821835809974783,2.131652593612671,0.0766679330974123,1.181701898574829,0.004,1.3676023483276367,50700,0.4221739768981933,0.988,1.2001323699951172,0.0281591927860748,1.1365067958831787,0.0519480519480578,0.0890464782714843,-,15.0,0.6244,0.1142630577087402,0,0,0,['linear'],['intersecting']
figure_ascending_markersize110_grid10_4d_pca.png,grid10_4d_pca,10000,16,110,0.2061997248239655,1.6731698513031006,0.1752279451828912,1.736344337463379,-1.1605761644882078,4.175871133804321,0.1721477790435774,2.6467018127441406,0.1520226439234335,1.7429885864257812,0.1292564163356825,2.654049873352051,0.1165749178522101,2.663712739944458,1.0614614944093057,3.1570136547088623,0.1136548058738375,2.660098075866699,0.1036851212245488,2.614091157913208,0.0941313553378386,1.6680240631103516,0.0873156021211507,2.5838873386383057,0.3432510695302362,3.232272148132324,0.0848307257978047,2.663301706314087,0.0786707584137333,2.626239538192749,0.004,1.5728695392608645,72660,0.5857658386230469,0.988,1.2612745761871338,0.0281591927860748,1.179903507232666,0.0519480519480578,0.0922067165374755,-,15.0,0.6244,0.114436388015747,0,0,0,['linear'],['intersecting']
figure_ascending_markersize160_grid10_4d_pca.png,grid10_4d_pca,10000,16,160,0.2091977404326476,3.1607744693756104,0.1786058356788522,2.252391815185547,-1.5577640783025322,4.633950233459473,0.1738690259638973,3.2943434715271,0.1528974122560142,2.343935012817383,0.1322407197166778,3.219529151916504,0.1196490158469758,2.28869366645813,0.8991299643974424,4.715949058532715,0.1157384019698848,3.237318754196167,0.1051483030461649,2.2726643085479736,0.0966765663687463,3.1958045959472656,0.0899314958942576,3.2230472564697266,0.3321925071980398,3.7883026599884033,0.0867385930141385,3.1672186851501465,0.0801255029063965,2.256709337234497,0.002,1.7606754302978516,89760,0.7240519523620605,0.988,1.3132293224334717,0.0281591927860748,1.1691100597381592,0.0519480519480578,0.0939922332763671,-,15.0,0.6244,0.1109054088592529,0,0,0,['linear'],['intersecting']
figure_descending_markersize10_grid10_4d_pca.png,grid10_4d_pca,10000,16,10,0.1021457476098814,0.6433744430541992,0.1164783050133883,0.6178300380706787,-0.1771096227564577,2.084352493286133,0.1130705561575228,0.6512930393218994,0.1206319478255348,1.6353273391723633,0.070551768981213,1.6267004013061523,0.0763175606976767,0.6041543483734131,0.4762394826972489,3.0896196365356445,0.0748469949502421,1.6485588550567627,0.0776383164687982,0.6301467418670654,0.0538849853403458,1.638160228729248,0.0567151564670446,0.614849328994751,0.1197157727322995,3.1257636547088623,0.0559373457021927,1.6478474140167236,0.0572383693816811,0.6314764022827148,0.004,1.298661708831787,9280,0.2866790294647217,0.988,1.2600853443145752,0.0281591927860748,1.1770730018615725,0.0519480519480578,0.0925500392913818,-,15.0,0.6253,0.1132569313049316,0,0,94048,['linear'],['intersecting']
figure_descending_markersize60_grid10_4d_pca.png,grid10_4d_pca,10000,16,60,0.1017815376639793,1.121988296508789,0.1160392491730695,1.1125590801239014,-0.1610958173016152,3.587754011154175,0.112758276231336,2.157315254211426,0.1204034530140933,1.1092383861541748,0.0701985530687189,2.1385464668273926,0.0759657031473179,1.113593816757202,0.6418353345861638,3.643741369247437,0.0745833084440249,1.1425299644470217,0.0774614448694809,2.131405830383301,0.0535743431017682,2.180399179458618,0.0564311542944042,1.105659008026123,0.1296575604198127,3.69611382484436,0.0557192376699975,1.1431715488433838,0.0570975487876256,2.2021729946136475,0.004,1.4885187149047852,50700,0.4149572849273681,0.988,1.3244471549987793,0.0281591927860748,1.1714892387390137,0.0519480519480578,0.0925400257110595,-,15.0,0.6253,0.107943058013916,0,0,591170,['linear'],['intersecting']
figure_descending_markersize110_grid10_4d_pca.png,grid10_4d_pca,10000,16,110,0.1000591658996279,1.629908561706543,0.1139705817826689,1.632652759552002,-0.1217042692059271,4.156338453292847,0.1111642272758791,1.7000300884246826,0.1190326908199906,2.7639567852020264,0.0690128029835198,1.6178719997406006,0.0747392175779074,2.7076432704925537,-3.833594002840836,3.1637067794799805,0.0736527507866051,2.6907169818878174,0.0767785501617731,2.7083113193511963,0.0526702692502929,1.6619515419006348,0.0555672815946587,2.6778981685638428,0.1777248367795395,3.032845258712769,0.0550698662968461,2.7358179092407227,0.0566640025056676,1.672424554824829,0.004,1.7062294483184814,72660,0.5520243644714355,0.988,1.3670876026153564,0.0281591927860748,1.132052659988403,0.0519480519480578,0.0883285999298095,-,15.0,0.6253,0.1131429672241211,0,0,1169798,['linear'],['intersecting']
figure_descending_markersize160_grid10_4d_pca.png,grid10_4d_pca,10000,16,160,0.0988646751584827,3.175107717514038,0.1125296889865702,2.1194026470184326,-0.1009826210738853,4.705440044403076,0.110048424687441,2.172268867492676,0.1180676616125221,3.2549424171447754,0.0681904237265199,2.1898696422576904,0.0738824041090857,3.223668336868286,-0.5726524330994833,3.631757974624634,0.072999512083844,3.290570020675659,0.0762956534252239,2.172577381134033,0.0520432295379222,3.2942934036254883,0.0549629662024726,3.280413150787353,0.2549637583994661,3.638140439987183,0.0546133700019638,3.2879457473754883,0.0563567817826154,2.1946585178375244,0.002,1.889279127120972,89760,0.7079265117645264,0.988,1.419302463531494,0.0281591927860748,1.1083314418792725,0.0519480519480578,0.0874242782592773,-,15.0,0.6253,0.1130225658416748,0,0,1732079,['linear'],['intersecting']
figure_category_based_markersize10_efashion_tsne.png,efashion_tsne,3272,8,10,0.2076863460296296,0.757204532623291,0.2154746531978963,0.7103335857391357,0.2430676842983525,1.5046136379241943,0.2102212188796234,0.8173947334289551,0.214718245203939,0.7472703456878662,0.1822302055182474,0.7277779579162598,0.1892321455290996,0.767094612121582,0.2097703448814587,1.533268928527832,0.1839987463873771,0.736962080001831,0.1879074360674252,0.7216269969940186,0.1623330268190105,0.8223729133605957,0.1686877786648505,0.7525651454925537,0.1844965447485085,1.5789563655853271,0.1635926106272904,0.7844321727752686,0.1670488672401952,0.6984155178070068,0.7784229828850856,0.5992448329925537,13788,0.2889101505279541,0.0207823960880195,0.5242619514465332,0.0304459766476946,0.3710925579071045,1.84907999795151,0.030609130859375,-,15.0,0.7710880195599022,0.0162463188171386,10,0,7804,['three_order'],"['intersecting','separated']"
figure_category_based_markersize60_efashion_tsne.png,efashion_tsne,3272,8,60,0.1089051134549964,1.143967628479004,0.1131280024324654,0.9849460124969482,0.1187318389907525,1.7033426761627195,0.1110262358585021,1.0094523429870603,0.1131901571172693,1.0281360149383545,0.0898327918027221,1.017822027206421,0.0925498023224553,0.9913167953491212,0.0950915781373213,1.7894957065582275,0.0911125051341054,1.0698294639587402,0.0924087396669821,0.8721389770507812,0.0764451199936456,1.0226235389709473,0.0783058232390749,1.003643035888672,0.0793020399160617,1.7920663356781006,0.0772558505143149,1.0313498973846436,0.0780744706157052,1.0162067413330078,0.3887530562347188,0.6056041717529297,62058,0.5753624439239502,0.0207823960880195,0.3336708545684814,0.0304459766476946,0.3674557209014892,1.84907999795151,0.0295686721801757,-,15.0,0.7710880195599022,0.0174121856689453,456,0,89976,['three_order'],"['intersecting','separated']"
figure_category_based_markersize110_efashion_tsne.png,efashion_tsne,3272,8,110,0.1002672238642669,1.039167881011963,0.1041045560263689,1.3602702617645264,0.1043813410721783,2.0803630352020264,0.1025381384914623,1.1685230731964111,0.1045046832212569,1.3378612995147705,0.0788925580859989,1.362846612930298,0.0811195439991583,1.3468973636627195,0.0799858304068542,1.951531171798706,0.0801471232327585,1.1811747550964355,0.0811783747291035,1.371854543685913,0.0650297180196667,1.3675885200500488,0.0664485232142252,1.2334234714508057,0.0648332998671061,2.126851797103882,0.0657823780521835,1.2501249313354492,0.0663651296275699,1.378164291381836,0.2726161369193154,0.7256627082824707,83778,0.5632450580596924,0.0207823960880195,0.6071224212646484,0.0304459766476946,0.3677084445953369,1.84907999795151,0.0295305252075195,-,15.0,0.7710880195599022,0.0158555507659912,789,0,178386,['three_order'],"['intersecting','separated']"
figure_category_based_markersize160_efashion_tsne.png,efashion_tsne,3272,8,160,0.0977517525746648,1.6283421516418457,0.1014136409128346,1.4571139812469482,0.0992997224766957,2.3209269046783447,0.1001739982337007,1.71454119682312,0.1020399193195568,1.486379861831665,0.0748828822513071,1.692113161087036,0.0769567812143976,1.6953516006469729,0.0745092162703554,2.297935962677002,0.076166482788383,1.564671277999878,0.0771106587307037,1.5406064987182615,0.060685584289316,1.551253080368042,0.0620039432431197,1.559943914413452,0.0596239089582256,2.243589401245117,0.0614415212559897,1.5014970302581787,0.0619706719475933,1.4796111583709717,0.2298288508557457,0.8471977710723877,96904,0.6400377750396729,0.0207823960880195,0.6718058586120605,0.0304459766476946,0.3696823120117187,1.84907999795151,0.0300137996673584,-,15.0,0.7710880195599022,0.0159926414489746,1013,0,258969,['three_order'],"['intersecting','separated']"
figure_ascending_markersize10_efashion_tsne.png,efashion_tsne,3272,8,10,0.2370279681277661,1.1054508686065674,0.225355401238806,0.9206945896148682,0.1792697483081654,1.4268720149993896,0.233640758406213,1.1575403213500977,0.2264223691978476,0.8995513916015625,0.2066787515124729,0.8937883377075195,0.2010119135709108,0.6603798866271973,0.1621230262568375,1.8688204288482664,0.2045736145218222,0.9161648750305176,0.1997159712492674,0.6980671882629395,0.1832192397913898,1.1384942531585691,0.1814149860053201,0.6715457439422607,0.1479700457849954,1.9012393951416016,0.1819387008537973,0.6897110939025879,0.1786449003275443,1.1838116645812988,0.7784229828850856,0.6463696956634521,13788,0.7483832836151123,0.0207823960880195,0.4463038444519043,0.0304459766476946,0.3659350872039795,1.84907999795151,0.0301971435546875,-,15.0,0.7710880195599022,0.015618085861206,6,0,0,['three_order'],"['intersecting','separated']"
figure_ascending_markersize60_efashion_tsne.png,efashion_tsne,3272,8,60,0.1344406117112436,0.8903369903564453,0.1219391666370061,1.1600933074951172,0.072050476781217,1.8930566310882568,0.1305378659572897,1.4168548583984375,0.1223349624760661,0.9045939445495604,0.1119376001646547,1.167114496231079,0.1055190583802589,1.177483081817627,0.0647399270362808,2.250577449798584,0.109423235246815,0.9412949085235596,0.1041129728011092,1.188697338104248,0.0958876769074057,1.1913011074066162,0.0929963390823721,1.236847162246704,0.0587762383366874,1.982742547988892,0.0941881995293117,1.2351353168487549,0.0906156289388677,0.9458291530609132,0.3887530562347188,0.9856228828430176,62058,0.5612821578979492,0.0207823960880195,0.4947471618652344,0.0304459766476946,0.3658421039581299,1.84907999795151,0.0295948982238769,-,15.0,0.7710880195599022,0.0162122249603271,390,0,0,['three_order'],"['intersecting','separated']"
figure_ascending_markersize110_efashion_tsne.png,efashion_tsne,3272,8,110,0.1267663792514084,0.8068394660949707,0.1139755034494246,1.734339714050293,0.0569949302434966,1.8979296684265137,0.1223634202442702,1.4814724922180176,0.1136155606536871,1.1615407466888428,0.1013862516437205,1.4614126682281494,0.0956487461522614,1.5216295719146729,0.0507681768592294,2.225433111190796,0.0986863230518202,1.4943876266479492,0.0932524028618752,1.5382969379425049,0.0844736319753259,1.2160465717315674,0.0823993024419385,1.5168724060058594,0.0457679791591402,2.247883081436157,0.08268661486484,1.546299934387207,0.0790791564241271,1.200307846069336,0.2726161369193154,1.0586259365081787,83778,0.7095432281494141,0.0207823960880195,0.5513763427734375,0.0304459766476946,0.3691859245300293,1.84907999795151,0.0297942161560058,-,15.0,0.7710880195599022,0.0159838199615478,703,0,0,['three_order'],"['intersecting','separated']"
figure_ascending_markersize160_efashion_tsne.png,efashion_tsne,3272,8,160,0.1251661602991413,1.7262654304504397,0.1121513552154223,1.4355192184448242,0.0499747176046094,2.52564001083374,0.1204596639030258,1.4380946159362793,0.1113038672805247,1.842670440673828,0.0975644617756529,1.4172143936157229,0.0920717763738547,1.8000011444091797,0.0443484603323122,2.4773521423339844,0.0947069494890062,1.4156601428985596,0.0891892995071612,1.76218581199646,0.0799367691360392,1.5095887184143066,0.078090460232009,1.4713163375854492,0.0398608439188913,2.509807586669922,0.0780260018750915,1.788764238357544,0.0744058641609645,1.45613694190979,0.2298288508557457,0.7705316543579102,96904,1.1737570762634275,0.0207823960880195,0.6316063404083252,0.0304459766476946,0.3651227951049804,1.84907999795151,0.0295326709747314,-,15.0,0.7710880195599022,0.0157978534698486,890,0,0,['three_order'],"['intersecting','separated']"
figure_descending_markersize10_efashion_tsne.png,efashion_tsne,3272,8,10,0.1931886656727645,1.162144422531128,0.2067863902166216,0.7994570732116699,0.290661196752749,1.928693771362305,0.1962823833570813,0.8239047527313232,0.2049353425274444,1.1512374877929688,0.1719136537139396,1.1938397884368896,0.1814837305468415,0.8472731113433838,0.2428277782095125,1.5807137489318848,0.1739416424102814,1.2097296714782717,0.1811403624660493,1.2406737804412842,0.1548596468115108,0.8720300197601318,0.161698130701108,0.840996503829956,0.2085132508163295,1.9771912097930908,0.156166829314356,0.8415014743804932,0.1622962002036563,1.281163215637207,0.7784229828850856,0.7670466899871826,13788,0.6168403625488281,0.0207823960880195,0.638519287109375,0.0304459766476946,0.3684785366058349,1.84907999795151,0.0295429229736328,-,15.0,0.7710880195599022,0.0164618492126464,12,0,16061,['three_order'],"['intersecting','separated']"
figure_descending_markersize60_efashion_tsne.png,efashion_tsne,3272,8,60,0.0951778144585338,1.467967510223389,0.1058715825516528,1.050391674041748,0.1621323752341954,1.799996852874756,0.0973828638532194,1.469742774963379,0.103701726080151,1.073655605316162,0.0812083300934589,1.4570305347442627,0.0874646295571192,1.06422758102417,0.1221759280864799,2.236311674118042,0.082082351250612,1.0911550521850586,0.0871431921844604,1.080045223236084,0.0708146830698356,1.098982810974121,0.0745102016837399,1.5017759799957275,0.0980196390063995,1.854665994644165,0.0709369446319692,1.0923819541931152,0.0751445194570378,1.4757649898529053,0.3887530562347188,0.7727692127227783,62058,0.6908071041107178,0.0207823960880195,0.6528415679931641,0.0304459766476946,0.3656859397888183,1.84907999795151,0.0293824672698974,-,15.0,0.7710880195599022,0.0157101154327392,409,0,204811,['three_order'],"['intersecting','separated']"
figure_descending_markersize110_efashion_tsne.png,efashion_tsne,3272,8,110,0.0851460057077055,0.807379961013794,0.0963684919320093,1.7521870136260986,0.153518282336225,2.0950396060943604,0.0872102045462892,1.3238575458526611,0.0939065311740491,1.338897943496704,0.0703580156872091,1.303483247756958,0.0762055685970275,1.7838280200958252,0.1092137717389061,2.0711402893066406,0.0707598854074174,1.3447222709655762,0.0758841026930743,1.8488976955413816,0.0599466073745195,1.373657464981079,0.0630200509080841,1.354353666305542,0.0847541903346229,2.0888824462890625,0.0595307052354394,1.3507072925567627,0.0636654970896288,1.800614595413208,0.2726161369193154,0.8343114852905273,83778,0.8530395030975342,0.0207823960880195,0.1702857017517089,0.0304459766476946,0.365339994430542,1.84907999795151,0.0296394824981689,-,15.0,0.7710880195599022,0.0161387920379638,673,0,443377,['three_order'],"['intersecting','separated']"
figure_descending_markersize160_efashion_tsne.png,efashion_tsne,3272,8,160,0.0817000641558326,1.98703932762146,0.0933272521693414,1.587432622909546,0.1522732563533078,2.376354932785034,0.083652087316865,1.5884981155395508,0.0906798502855893,1.5480287075042725,0.066181901463089,2.115867376327514,0.0720330548255856,1.625599384307861,0.1049178840957547,2.357473850250244,0.066451147182401,1.593580961227417,0.0715964337777692,2.091681718826294,0.0556178174686456,1.5678341388702393,0.0586508642212519,1.5647125244140625,0.0800295427170517,2.345590353012085,0.0551176033767633,1.5630221366882324,0.0591486941452826,1.6267316341400146,0.2298288508557457,0.9035909175872804,96904,0.9184250831604004,0.0207823960880195,0.7395336627960205,0.0304459766476946,0.365922212600708,1.84907999795151,0.0298562049865722,-,15.0,0.7710880195599022,0.0160462856292724,877,0,677278,['three_order'],"['intersecting','separated']"
figure_category_based_markersize10_grid6_5d_pca.png,grid6_5d_pca,7776,32,10,0.0909090909090957,1.6555945873260498,0.0909118691226483,1.1532678604125977,0.0900125617980467,3.9655351638793945,0.0909090909090948,1.1688225269317627,0.0909090909090996,1.1526851654052734,0.0625000000000001,1.187260389328003,0.0625010141827047,1.1741340160369873,0.0620839032840256,3.977055788040161,0.062500000000002,1.1828866004943848,0.0625000000000038,1.6749587059020996,0.0476190476190501,1.230964422225952,0.0476194628143985,1.1623420715332031,0.0473823415276752,4.012067794799805,0.0476190476190497,1.217534065246582,0.0476190476190524,1.1624064445495603,0.0,0.8940646648406982,20736,0.8717591762542725,1.0,0.2383153438568115,0.0308289855586281,1.069089651107788,2.0754445111952304e-14,0.0692665576934814,-,15.0,0.7973251028806584,0.1152992248535156,0,0,23824,['cluster'],['intersecting']
figure_category_based_markersize60_grid6_5d_pca.png,grid6_5d_pca,7776,32,60,0.0909822803287482,1.0607361793518066,0.090895732754164,1.6459012031555176,0.0894222858967904,4.484027147293091,0.0909806045387352,1.6573894023895264,0.090934499745531,2.1765215396881104,0.0625346046509611,1.0975420475006104,0.0624924314957309,2.249447822570801,0.0618064268170353,4.531164407730103,0.0625328751844862,1.7182903289794922,0.0625113159240317,1.0616331100463867,0.047639144489755,2.2819786071777344,0.0476139257908235,1.0877933502197266,0.0472228261153681,5.069283723831177,0.0476375965600179,1.1120634078979492,0.047625214163915,2.3060762882232666,0.0,0.3938815593719482,87345,1.080430269241333,1.0,0.875004768371582,0.0308289855586281,1.0722925662994385,2.0754445111952304e-14,0.0682573318481445,-,15.0,0.7973251028806584,0.1158506870269775,0,0,209696,['cluster'],['intersecting']
figure_category_based_markersize110_grid6_5d_pca.png,grid6_5d_pca,7776,32,110,0.0912711081164325,2.2091753482818604,0.0909205812914499,2.2408711910247803,0.0883065005021334,5.102701663970947,0.0912668280949758,2.229496717453003,0.0910562635635795,2.8288590908050537,0.0626759940980468,1.5980281829833984,0.0625034611395393,2.248582363128662,0.0612641382953114,5.05624270439148,0.0626722024513503,2.8954319953918457,0.0625700310001763,1.5554382801055908,0.0477240988474246,2.260946750640869,0.0476199134959052,2.9790635108947754,0.0469013870798936,4.472208499908447,0.0477208722992297,2.2956814765930176,0.0476599821696993,2.2716140747070312,0.0,1.2496657371520996,127411,1.2969846725463867,1.0,0.9681456089019777,0.0308289855586281,1.0652151107788086,2.0754445111952304e-14,0.069026231765747,-,15.0,0.7973251028806584,0.1146912574768066,0,0,462859,['cluster'],['intersecting']
figure_category_based_markersize160_grid6_5d_pca.png,grid6_5d_pca,7776,32,160,0.0920057756476688,2.791264772415161,0.0911960733924286,2.8096718788146973,0.0861073055976928,6.317320108413696,0.0919816259052205,2.1818935871124268,0.0914055411967195,2.714912414550781,0.063021294928273,2.864084005355835,0.0626356099596961,2.8096728324890137,0.0602042324382056,5.688336849212647,0.0630094669095052,2.954211473464966,0.0627348420464053,2.722179889678955,0.0479238849168744,2.7767252922058105,0.0476977861442424,2.90142035484314,0.0462816419188266,5.7043774127960205,0.0479167577807017,2.2676808834075928,0.0477555940506518,2.7720839977264404,0.0,1.4433465003967283,153114,1.4365320205688477,1.0,1.0448973178863523,0.0308289855586281,1.0741429328918457,2.0754445111952304e-14,0.0699784755706787,-,15.0,0.7973251028806584,0.116640567779541,1083,0,709540,['cluster'],['intersecting']
figure_ascending_markersize10_grid6_5d_pca.png,grid6_5d_pca,7776,32,10,0.0909090909090958,0.6236729621887207,0.0909492524233392,0.627744197845459,0.0899168190286715,3.435847759246826,0.0909090909090948,1.4098656177520752,0.0909090909090996,1.353236198425293,0.0625000000000001,0.6426689624786377,0.0625224312989949,1.3434410095214844,0.0620114798583156,4.159559488296509,0.062500000000002,1.380789279937744,0.0625000000000038,1.3201191425323486,0.0476190476190503,1.4312901496887207,0.0476337732664676,1.4004220962524414,0.0473245024310391,3.4628639221191406,0.0476190476190497,1.4015936851501465,0.0476190476190524,1.3090689182281494,0.0,1.0695946216583252,20736,1.0845587253570557,1.0,0.232114553451538,0.0308289855586281,1.064544916152954,2.0754445111952304e-14,0.0675311088562011,-,15.0,0.8202160493827161,0.1126213073730468,0,0,0,['cluster'],['intersecting']
figure_ascending_markersize60_grid6_5d_pca.png,grid6_5d_pca,7776,32,60,0.0981027535766314,1.8348395824432373,0.0927768365526402,1.8064217567443848,0.0740313806967667,4.649778127670288,0.0983108898339548,1.8748033046722408,0.0941751518220144,1.0152666568756104,0.0659214290653892,1.8558578491210935,0.0633890007566434,1.834436655044556,0.0537544523652255,4.680734634399414,0.0660258671285762,1.0733320713043213,0.0640715678403649,1.820974588394165,0.0496382505516793,1.8897309303283687,0.048139950167196,1.875428915023804,0.0421968792378865,4.663735389709473,0.0497034066629982,1.0701031684875488,0.0485517461199092,1.7900006771087646,0.0,1.2363014221191406,87345,0.3804926872253418,1.0,1.0952978134155271,0.0308289855586281,1.0553572177886963,2.0754445111952304e-14,0.0668849945068359,-,15.0,0.8202160493827161,0.1098256111145019,0,0,0,['cluster'],['intersecting']
figure_ascending_markersize110_grid6_5d_pca.png,grid6_5d_pca,7776,32,110,0.1033138669744486,2.310215473175049,0.0944179581607147,2.364144086837769,0.0598629646739929,5.139448642730713,0.1036806316787365,2.434282064437866,0.0966851033423441,1.4634883403778076,0.0683385124485019,2.3413405418396,0.0641593195566052,2.370929956436157,0.0455250961208814,4.303158283233643,0.0685196614614783,1.5393390655517578,0.0652737167370766,2.324460506439209,0.0510544667840112,2.39722204208374,0.0485878735866003,2.399401426315308,0.0367282563057419,4.333470821380615,0.0511671423605436,2.4045541286468506,0.0492674879660472,2.3227810859680176,0.0,0.4925105571746826,127411,1.4830033779144287,1.0,1.189361572265625,0.0308289855586281,1.0654585361480713,2.0754445111952304e-14,0.0673637390136718,-,15.0,0.8202160493827161,0.1116077899932861,0,0,0,['cluster'],['intersecting']
figure_ascending_markersize160_grid6_5d_pca.png,grid6_5d_pca,7776,32,160,0.1069290429200874,2.8561041355133057,0.0957544934032069,2.92291259765625,0.0487465949352203,5.762164354324341,0.107358007957798,2.0807149410247803,0.0984972306662012,2.809285879135132,0.0699666638933833,2.863921403884888,0.0647846889315999,2.9241671562194824,0.0385140615527414,4.781656742095947,0.0701771270670064,2.931074857711792,0.0661331704352011,2.838375806808472,0.051993745030646,2.0130109786987305,0.0489520328397926,2.8997628688812256,0.031832097410955,5.606989145278931,0.0521247645903585,2.896777391433716,0.0497773609948272,1.9570105075836184,0.0,1.6158678531646729,153114,1.5940487384796145,1.0,0.2515530586242676,0.0308289855586281,1.0622904300689695,2.0754445111952304e-14,0.0681958198547363,-,15.0,0.8202160493827161,0.1131949424743652,609,0,0,['cluster'],['intersecting']
figure_descending_markersize10_grid6_5d_pca.png,grid6_5d_pca,7776,32,10,0.0909090909090957,0.621269941329956,0.0908681618424773,0.6141982078552246,0.0919024648593246,4.334957599639893,0.0909090909090948,0.6434051990509033,0.0909090909090996,1.455592155456543,0.0625000000000001,1.54457688331604,0.0624768811726713,0.6013185977935791,0.0629770448602097,4.24622368812561,0.062500000000002,1.5380170345306396,0.0625000000000038,1.5079493522644043,0.0476190476190502,0.6294770240783691,0.047603911583644,1.5698325634002686,0.0479007445921136,4.42421817779541,0.0476190476190497,0.6460695266723633,0.0476190476190524,1.49729585647583,0.0,0.2648420333862304,20736,1.2122161388397217,1.0,1.235109567642212,0.0308289855586281,1.0611629486083984,2.0754445111952304e-14,0.0674309730529785,-,15.0,0.7995113168724279,0.1143457889556884,0,0,51376,['cluster'],['intersecting']
figure_descending_markersize60_grid6_5d_pca.png,grid6_5d_pca,7776,32,60,0.0841514479459925,1.9879930019378664,0.0893731624229692,2.0020666122436523,0.107099860884424,3.742934465408325,0.0840187080024642,2.052302598953247,0.0879101539995523,1.0175275802612305,0.0591010396040768,2.0278987884521484,0.0617544094103219,2.073184967041016,0.070171635866431,3.7967238426208496,0.0590304957734052,2.058146715164185,0.0610171169725465,1.9826757907867432,0.0455435303653029,1.0437893867492676,0.0471762963258246,2.035475254058838,0.0521799091631295,3.821685552597046,0.0454986341884703,2.0297164916992188,0.0467236502897057,1.9817845821380613,0.0,0.3696339130401611,87345,1.4037837982177734,1.0,0.2398650646209716,0.0308289855586281,1.060382843017578,2.0754445111952304e-14,0.0679214000701904,-,15.0,0.7995113168724279,0.1128814220428466,0,0,429509,['cluster'],['intersecting']
figure_descending_markersize110_grid6_5d_pca.png,grid6_5d_pca,7776,32,110,0.0796883245255665,2.485995054244995,0.0884730976155677,1.5213029384613037,0.1189311115466548,5.3176679611206055,0.0795241630461651,1.510805606842041,0.0859458449921586,2.452876329421997,0.0566964532742422,2.514320373535156,0.0613093440499735,1.5284018516540527,0.0756935738786044,5.293068647384644,0.0566072839509641,1.5282268524169922,0.0600001252702795,2.4522452354431152,0.0440011370623478,2.5217723846435547,0.0469079227162289,1.506432056427002,0.0555120914055521,5.250283241271973,0.0439437825349713,2.6329402923583984,0.0460871333703177,1.4702742099761963,0.0,1.6018822193145752,127411,0.5066187381744385,1.0,1.3875243663787842,0.0308289855586281,1.0562458038330078,2.0754445111952304e-14,0.0674223899841308,-,15.0,0.7995113168724279,0.1132919788360595,0,0,942850,['cluster'],['intersecting']
figure_descending_markersize160_grid6_5d_pca.png,grid6_5d_pca,7776,32,160,0.0768041282581608,1.9301862716674805,0.0879601345397589,1.988856315612793,0.1268685134673504,4.749554395675659,0.0766113060717822,3.1020596027374268,0.084705790259255,1.910468816757202,0.0551075343990223,3.086221218109131,0.0610534026747064,2.0156142711639404,0.0792311986799139,5.815966367721558,0.0549899725125574,1.9804637432098389,0.0593453569388039,3.000270128250122,0.0429690874238931,3.058998346328736,0.0467524739458883,1.977743864059448,0.057602341980705,5.828465700149536,0.0428864950678596,1.9851665496826167,0.0456715529453851,2.994502305984497,0.0,1.7552714347839355,153114,0.6313111782073975,1.0,1.4033033847808838,0.0308289855586281,1.06461763381958,2.0754445111952304e-14,0.0675296783447265,-,15.0,0.7995113168724279,0.1146247386932373,534,0,1479554,['cluster'],['intersecting']
figure_category_based_markersize10_parkinsons_abs_croped_tsne.png,parkinsons_abs_croped_tsne,195,2,10,0.9035809480427022,0.3010590076446533,0.8960369496880378,0.3082835674285888,0.981038799314465,0.4652817249298095,0.909747268969309,1.403080940246582,0.9138280289356324,0.3060946464538574,0.8016532691247377,1.4159598350524902,0.7955311162823184,0.3067469596862793,0.8864364353483078,1.5879371166229248,0.8067329200636038,0.3102407455444336,0.8146354382285648,1.3984029293060305,0.7203902597104193,1.4516446590423584,0.7152982159005448,0.3067288398742676,0.8084745785949644,1.5732181072235107,0.7246750448100743,0.3118138313293457,0.7348682567587745,1.3843965530395508,0.9897435897435898,0.1106517314910888,94,1.2426552772521973,0.0,0.1116657257080078,0.0286438567474489,0.0193865299224853,11.071304786810064,0.0025434494018554,0.018015308919893395,3.535682439804077,0.3743589743589743,0.0007851123809814,0,0,0,['cluster'],['intersecting']
figure_category_based_markersize60_parkinsons_abs_croped_tsne.png,parkinsons_abs_croped_tsne,195,2,60,0.8612144891141904,0.3233025074005127,0.8507580632395919,1.4477839469909668,0.9678466514336196,0.4920411109924316,0.8695919214700013,1.431788682937622,0.8750882164131891,1.4421422481536863,0.5943276981289755,0.3176653385162353,0.5883320760069544,1.4779138565063477,0.6165133110294269,0.4935193061828613,0.595537578771081,1.4897043704986572,0.602963202142359,0.3234257698059082,0.4537213403972534,1.4141724109649658,0.449636569364312,0.3189671039581299,0.4523191280462081,1.6510026454925537,0.4528276650363307,1.4437861442565918,0.4599371581610274,0.3187065124511719,0.9897435897435898,1.3055057525634766,1895,0.1189520359039306,0.0,1.2878808975219729,0.0286438567474489,0.019366979598999,11.071304786810064,0.0025568008422851,0.030702292668545163,2.6300079822540283,0.3743589743589743,0.0008156299591064,0,0,0,['cluster'],['intersecting']
figure_category_based_markersize110_parkinsons_abs_croped_tsne.png,parkinsons_abs_croped_tsne,195,2,110,0.7893225760620384,0.3394320011138916,0.7707649818406517,1.4455780982971191,0.8904737514731483,1.6492791175842283,0.7996110683250827,0.3380835056304931,0.8022510974640452,1.487293004989624,0.4399477228810952,0.3423457145690918,0.4366733200316965,1.5160911083221436,0.4301548337386847,0.5041759014129639,0.4400053828747471,1.513770341873169,0.4458674364562484,0.335331916809082,0.3049630753869307,1.4726481437683103,0.3046300219300358,0.3455343246459961,0.2835680095438266,1.6767237186431885,0.3035093938414802,0.3442068099975586,0.3087233812079739,1.497059345245361,0.9846153846153848,1.3608794212341309,6474,0.1174235343933105,0.0,0.1105790138244628,0.0286438567474489,0.0194051265716552,11.071304786810064,0.002532958984375,0.04061842272749093,4.046836853027344,0.3743589743589743,0.0007648468017578,0,0,0,['cluster'],['intersecting']
figure_category_based_markersize160_parkinsons_abs_croped_tsne.png,parkinsons_abs_croped_tsne,195,2,160,0.7004449007310116,1.5198132991790771,0.6864327155422925,0.3460848331451416,0.8229134748542213,1.7056071758270264,0.7120983155700542,0.3410954475402832,0.7158727068359225,1.5665969848632812,0.3502581239592168,0.3443722724914551,0.3509667390608537,1.5571696758270264,0.3414354772011347,0.5328569412231445,0.350637572700365,1.5750133991241455,0.356324084149918,0.3412008285522461,0.2335133445147823,1.5724103450775146,0.2357523829308898,0.3446393013000488,0.2154045475642414,0.5280745029449463,0.2325800550352466,1.5097167491912842,0.237193255916377,1.5367071628570557,0.9794871794871794,0.1428546905517578,12347,1.3599801063537598,0.0,0.1114938259124755,0.0286438567474489,0.0195569992065429,11.071304786810064,0.0025331974029541,0.048019160005808206,4.585182189941406,0.3743589743589743,0.0007569789886474,0,0,118,['cluster'],['intersecting']
figure_ascending_markersize10_parkinsons_abs_croped_tsne.png,parkinsons_abs_croped_tsne,195,2,10,0.9083158659999644,0.2971887588500976,0.9210435293908854,0.305070161819458,0.9417895676506354,1.6594772338867188,0.9109657126604642,0.3131246566772461,0.9138299227166627,1.5098843574523926,0.8136913542912563,1.535297155380249,0.8223367401395378,0.3113443851470947,0.8538434237645518,1.7118644714355469,0.8157052273232275,0.3050055503845215,0.8147088034298748,1.536359786987305,0.7369219382893686,0.3062694072723388,0.7427386092846544,0.3035266399383545,0.7809196281136074,1.7042388916015625,0.7384815613109965,1.5537853240966797,0.7349864425850219,0.3109903335571289,0.9897435897435898,0.1083436012268066,94,1.3760552406311035,0.0,0.109900951385498,0.0286438567474489,0.019176959991455,11.071304786810064,0.0025477409362792,0.018015308919893395,3.1238110065460205,0.3743589743589743,0.0007054805755615,0,0,0,['cluster'],['intersecting']
figure_ascending_markersize60_parkinsons_abs_croped_tsne.png,parkinsons_abs_croped_tsne,195,2,60,0.8675301470950909,0.3235499858856201,0.8846457733917914,1.5256922245025637,0.911805284855742,0.4806489944458008,0.8712068699707158,1.5711984634399414,0.8751105791566174,0.3149929046630859,0.6017413874165904,1.5563101768493652,0.6066776532628004,0.3128478527069092,0.5818327383644737,1.7643146514892578,0.6014150561213552,0.3183176517486572,0.6033714156706206,1.5237901210784912,0.4606195054354693,0.3207814693450928,0.4616277379456526,1.5737900733947754,0.427224703445816,0.4861738681793213,0.4592090560898239,1.5675647258758545,0.4604061799738365,0.3168723583221435,0.9897435897435898,1.3871395587921145,1895,0.1136500835418701,0.0,1.4238266944885254,0.0286438567474489,0.0195105075836181,11.071304786810064,0.0026202201843261,0.03070229266854516,2.1967835426330566,0.3743589743589743,0.0006716251373291,0,0,0,['cluster'],['intersecting']
figure_ascending_markersize110_parkinsons_abs_croped_tsne.png,parkinsons_abs_croped_tsne,195,2,110,0.796090752189704,0.6714763641357422,0.8103728657717885,0.5708277225494385,0.8309412908755371,0.8584656715393066,0.8013146863696858,0.6678097248077393,0.8023799132205436,0.5989511013031006,0.4437286682472069,0.5924506187438965,0.4493245962313276,0.6505453586578369,0.3955337231252774,0.7331387996673584,0.4440436804614721,0.6309497356414795,0.4468207273278198,0.6665823459625244,0.3075862396428359,0.594135046005249,0.3108365127906559,0.6805858612060547,0.2595377255167953,0.8473255634307861,0.3071147217810437,0.6626136302947998,0.3096190263313411,0.6356513500213623,0.9846153846153848,0.3653287887573242,6474,0.2512876987457275,0.0,0.4949073791503906,0.0286438567474489,0.0201172828674316,11.071304786810064,0.0027403831481933,0.04061842272749093,2.69205379486084,0.3743589743589743,0.0006875991821289,0,0,0,['cluster'],['intersecting']
figure_ascending_markersize160_parkinsons_abs_croped_tsne.png,parkinsons_abs_croped_tsne,195,2,160,0.7169623217814043,0.5204193592071533,0.7276169018835505,0.7484662532806396,0.731012608551626,0.8330457210540771,0.7218266984891657,0.6835546493530273,0.7212949864262472,0.6832921504974365,0.3559360743367299,0.6713225841522217,0.3611252613840324,0.7593650817871094,0.2998824343146502,0.7300140857696533,0.3564298677386622,0.7948944568634033,0.3590352025939967,0.5595040321350098,0.2367304826297339,0.8062148094177246,0.2401597590197206,0.5650618076324463,0.1886324501720326,1.0176713466644287,0.2366400172121479,0.5922143459320068,0.2390006473967068,0.8613979816436768,0.9794871794871794,0.4666905403137207,12347,0.2741842269897461,0.0,0.4135787487030029,0.0286438567474489,0.019946813583374,11.071304786810064,0.0026969909667968,0.048019160005808234,3.1705117225646973,0.3743589743589743,0.0006577968597412,0,0,0,['cluster'],['intersecting']
figure_descending_markersize10_parkinsons_abs_croped_tsne.png,parkinsons_abs_croped_tsne,195,2,10,0.901262945681064,0.5556492805480957,0.8960367880207332,0.8646996021270752,0.9810508743997002,0.7510759830474854,0.9046555750860632,0.8379826545715332,0.9096981281006208,0.5815615653991699,0.7996883693293166,0.850799560546875,0.795525342394832,0.6119222640991211,0.8890598623577187,0.9506335258483888,0.8025371004334138,0.6169242858886719,0.8189975142385639,0.737886905670166,0.7186901961024204,0.7654941082000732,0.7152889830331259,0.5810866355895996,0.812841480263241,0.9666202068328856,0.7211346600649018,0.756624698638916,0.7447435451190108,0.7819299697875977,0.9897435897435898,0.4578173160552978,94,0.4703724384307861,0.0,0.2971923351287842,0.0286438567474489,0.0195250511169433,11.071304786810064,0.0025873184204101,0.018015308919893395,2.2736976146698,0.3743589743589743,0.0006632804870605,0,0,32,['cluster'],['intersecting']
figure_descending_markersize60_parkinsons_abs_croped_tsne.png,parkinsons_abs_croped_tsne,195,2,60,0.8575896816310729,0.6523082256317139,0.8507212092946532,0.7938289642333984,0.9712385588492032,0.993349552154541,0.8620007977139882,0.8296875953674316,0.8689736434694687,0.6708579063415527,0.5909499662068336,0.9147729873657228,0.5877967310114879,0.6457440853118896,0.6392228484256328,0.8305473327636719,0.589815692650219,0.7914929389953613,0.603150147327735,0.6820387840270996,0.4507910882838065,0.6667659282684326,0.449021759257336,0.8905394077301025,0.4763750963461851,0.8605303764343262,0.4482700731189942,0.7149770259857178,0.4618636783505646,0.8914000988006592,0.9897435897435898,0.3424925804138183,1895,0.5404198169708252,0.0,0.5472292900085449,0.0286438567474489,0.0194489955902099,11.071304786810064,0.0027236938476562,0.03070229266854516,2.421668529510498,0.3743589743589743,0.0006923675537109,0,0,308,['cluster'],['intersecting']
figure_descending_markersize110_parkinsons_abs_croped_tsne.png,parkinsons_abs_croped_tsne,195,2,110,0.7766406551951501,0.7399537563323975,0.7703103348984367,0.9244673252105712,0.9328917466110352,0.9198825359344482,0.7793309666455914,0.7421698570251465,0.7874827575350881,0.7575249671936035,0.4349675842654757,0.7760488986968994,0.4369389671225123,0.7665152549743652,0.4688920191210088,0.960585117340088,0.4313708944696801,0.7768559455871582,0.4420114879309902,0.711627721786499,0.3020740081615304,0.7530274391174316,0.3049598460124367,0.9181437492370604,0.3131420749570158,0.9706127643585204,0.2982199667987089,0.5650749206542969,0.3072290817104101,0.9760472774505616,0.9846153846153848,0.3748214244842529,6474,0.6048874855041504,0.0,0.3611383438110351,0.0286438567474489,0.0194976329803466,11.071304786810064,0.0026404857635498,0.04061842272749093,2.965837955474853,0.3743589743589743,0.0006818771362304,0,0,963,['cluster'],['intersecting']
figure_descending_markersize160_parkinsons_abs_croped_tsne.png,parkinsons_abs_croped_tsne,195,2,160,0.680998274025114,1.0220437049865725,0.685604550404612,0.559368371963501,0.908669814523478,1.1671018600463867,0.6821399223202649,0.807790994644165,0.6944041288033687,0.5745158195495605,0.3438338882639462,1.049048900604248,0.3512532310698197,0.6011335849761963,0.3867046275065396,0.9785776138305664,0.3402169510431319,1.063011884689331,0.3503265801499334,0.6049661636352539,0.2299733566228524,1.069427251815796,0.2361090520782262,0.8413918018341064,0.2456159829539927,0.7514708042144775,0.22662237447286,0.8354697227478027,0.234253746567224,1.0927627086639404,0.9794871794871794,0.4117038249969482,12347,0.6688106060028076,0.0,0.3871700763702392,0.0286438567474489,0.0201067924499511,11.071304786810064,0.0027620792388916,0.04801916000580822,3.125466823577881,0.3743589743589743,0.0006539821624755,0,0,2006,['cluster'],['intersecting']
figure_category_based_markersize10_interleaved_100_200_4d_25_cramped_rotated_tsne.png,interleaved_100_200_4d_25_cramped_rotated_tsne,538,4,10,1.0,0.8230443000793457,1.0,0.8215291500091553,1.0,1.4175231456756592,1.0,0.5897605419158936,1.0,0.8471975326538086,0.9915400046333412,0.9074141979217528,0.99233834812119,0.905937910079956,0.9914534214234548,1.2179601192474363,0.9919402225428382,0.8615539073944092,0.9922296432498972,0.5920720100402832,0.9832219514794278,0.8740394115447998,0.9847932054087308,0.9003598690032959,0.9830516928854036,1.2533137798309326,0.984009326356632,0.8932962417602539,0.9845791122986374,0.6157886981964111,1.0,0.7543735504150391,14,0.4180901050567627,0.0,0.413398265838623,0.030416943521718,0.0581777095794677,10.224884117312945,0.0055532455444335,-,15.0,0.1449814126394052,0.0025768280029296,0,0,0,['cluster'],['touching']
figure_category_based_markersize60_interleaved_100_200_4d_25_cramped_rotated_tsne.png,interleaved_100_200_4d_25_cramped_rotated_tsne,538,4,60,0.8782173545543036,0.9498744010925292,0.8997166326162,0.6628656387329102,0.96244148176402,1.3418893814086914,0.885327931998596,0.9640188217163086,0.901967031082339,0.6500868797302246,0.6874547048257349,0.945528507232666,0.6923780011964498,0.651611328125,0.6985546861297596,1.3242926597595217,0.6915265623948778,0.989269495010376,0.6957294645000401,0.9669315814971924,0.5647763754505263,0.9947190284729004,0.5627036192059268,0.6884055137634277,0.548236568953856,1.320276975631714,0.5673349620829573,0.6659972667694092,0.5662537773746967,0.9764785766601562,1.0,0.5523195266723633,3896,0.8050966262817383,0.0,0.4610576629638672,0.030416943521718,0.0606927871704101,10.224884117312945,0.0058026313781738,-,15.0,0.1449814126394052,0.0026929378509521,0,0,202,['cluster'],['touching']
figure_category_based_markersize110_interleaved_100_200_4d_25_cramped_rotated_tsne.png,interleaved_100_200_4d_25_cramped_rotated_tsne,538,4,110,0.6828012609979636,1.0472512245178225,0.7319013639369749,0.7127590179443359,0.880570878327532,1.3829033374786377,0.6969608440754613,0.7316117286682129,0.7332990327888029,1.0640144348144531,0.4279394690640282,1.0360877513885498,0.4387982524988715,1.0650451183319092,0.4448801339942756,1.0797793865203855,0.4323565014075404,1.073530197143555,0.4395153448608386,0.7328581809997559,0.3116232512244804,1.0878419876098633,0.3133225729376101,0.7474029064178467,0.2976220559784434,1.4453415870666504,0.3133802640911705,1.114002704620361,0.3137976822912245,0.7714815139770508,1.0,0.646273136138916,18942,0.5388154983520508,0.0,0.8692951202392578,0.030416943521718,0.058168888092041,10.224884117312945,0.0056188106536865,-,15.0,0.1449814126394052,0.0029256343841552,0,0,1114,['cluster'],['touching']
figure_category_based_markersize160_interleaved_100_200_4d_25_cramped_rotated_tsne.png,interleaved_100_200_4d_25_cramped_rotated_tsne,538,4,160,0.5520356306216283,1.168541669845581,0.6122570778981916,1.1749098300933838,0.8117078201419697,1.168856143951416,0.5693854920666962,1.2070252895355225,0.6130286149201494,0.7974467277526855,0.3147010293007265,0.8104405403137207,0.3256739831584854,1.1767723560333252,0.3321697172980636,1.1831026077270508,0.318895712506671,1.2221243381500244,0.3259003558204359,0.8197798728942871,0.2200820022561459,1.1713628768920898,0.2218372157208984,0.8004884719848633,0.2088097645425228,1.5132863521575928,0.2214661162097383,0.8191366195678711,0.2219460290720166,1.1826677322387695,0.9925650557620818,0.6468892097473145,38836,0.5630884170532227,0.0,0.5036270618438721,0.030416943521718,0.0590710639953613,10.224884117312945,0.0057659149169921,-,15.0,0.1449814126394052,0.0024604797363281,0,0,2598,['cluster'],['touching']
figure_ascending_markersize10_interleaved_100_200_4d_25_cramped_rotated_tsne.png,interleaved_100_200_4d_25_cramped_rotated_tsne,538,4,10,1.0,0.3222396373748779,1.0,1.0693345069885254,1.0,1.0705389976501465,1.0,1.1117076873779297,1.0,0.712489128112793,0.9916578500414142,1.1162703037261963,0.992364688709643,0.7306923866271973,0.9906383177464892,1.0611863136291504,0.992064673262349,1.1139121055603027,0.9922721821899732,0.7217903137207031,0.9834537315356132,1.1452760696411133,0.9848450898756628,0.7964258193969727,0.9814502919654928,1.0839779376983645,0.9842542938477312,0.7461903095245361,0.9846628867965148,1.131669521331787,1.0,0.5627524852752686,14,0.5627248287200928,0.0,0.5547840595245361,0.030416943521718,0.0570449829101562,10.224884117312945,0.0060880184173583,0.004514798783963297,13.748214721679688,0.1449814126394052,0.0024526119232177,0,0,0,['cluster'],['touching']
figure_ascending_markersize60_interleaved_100_200_4d_25_cramped_rotated_tsne.png,interleaved_100_200_4d_25_cramped_rotated_tsne,538,4,60,0.9339404623727328,1.1891417503356934,0.9195057350714548,0.7757651805877686,0.914975779062694,1.5848615169525146,0.936367343257112,0.8004238605499268,0.9240772714631136,0.7871174812316895,0.7266489918451103,1.2175331115722656,0.7057250154064124,0.8003580570220947,0.6641786481937398,1.1689472198486328,0.7271834077444541,0.7981250286102295,0.7107949847564263,0.7954556941986084,0.5946616773172207,1.2232022285461426,0.5725985661766926,0.7898232936859131,0.5212913860757884,1.57434344291687,0.5943957360874967,0.801140308380127,0.5775038204631875,0.7887182235717773,1.0,0.6827213764190674,3896,0.6023688316345215,0.0,0.6020572185516357,0.030416943521718,0.0600645542144775,10.224884117312945,0.0056569576263427,-,15.0,0.1449814126394052,0.0026025772094726,0,0,0,['cluster'],['touching']
figure_ascending_markersize110_interleaved_100_200_4d_25_cramped_rotated_tsne.png,interleaved_100_200_4d_25_cramped_rotated_tsne,538,4,110,0.7859212914601734,1.3263788223266602,0.7725938241227917,0.8507006168365479,0.773154988286032,1.2059900760650637,0.7890780940503413,0.8613839149475098,0.7764671354565085,0.8442056179046631,0.4776087072868262,1.3382723331451416,0.4571981063983505,0.8900609016418457,0.4037255451631774,1.219980001449585,0.476461061338101,0.8489186763763428,0.4594591484693775,0.8311688899993896,0.3430371334703618,1.3138377666473389,0.3246616073204842,0.8426432609558105,0.2731898059879166,1.2228856086730957,0.3412604603913216,1.338848114013672,0.326257929008978,0.8914694786071777,1.0,0.7674055099487305,18942,0.6527228355407715,0.0,0.1159172058105468,0.030416943521718,0.0584380626678466,10.224884117312945,0.0056312084197998,-,15.0,0.1449814126394052,0.0025303363800048,0,0,0,['cluster'],['touching']
figure_ascending_markersize160_interleaved_100_200_4d_25_cramped_rotated_tsne.png,interleaved_100_200_4d_25_cramped_rotated_tsne,538,4,160,0.671482630820902,0.916196584701538,0.6646311858866856,0.9144916534423828,0.6639141387144908,1.741828680038452,0.6765189870402669,0.9321169853210448,0.6661218309289592,0.923802375793457,0.3636960250518802,0.919640302658081,0.345619422643552,0.9278292655944824,0.2926327711689147,1.2707946300506592,0.3622121517272771,1.4247422218322754,0.3466663513970708,0.93993878364563,0.2493855158478939,0.9744462966918944,0.2335292973332133,0.9295487403869628,0.1876776251977271,1.276151418685913,0.2473122848153358,0.9585535526275636,0.2343012793244072,0.967677116394043,0.9925650557620818,0.824742317199707,38836,0.6872532367706299,0.0,0.656686544418335,0.030416943521718,0.0597944259643554,10.224884117312945,0.0058863162994384,-,15.0,0.1449814126394052,0.0026586055755615,0,0,0,['cluster'],['touching']
figure_descending_markersize10_interleaved_100_200_4d_25_cramped_rotated_tsne.png,interleaved_100_200_4d_25_cramped_rotated_tsne,538,4,10,1.0,0.85414719581604,1.0,0.8274202346801758,1.0,1.683288812637329,1.0,0.8412957191467285,1.0,0.862048864364624,0.9914780285637944,0.8763942718505859,0.9922719175652824,0.854778528213501,0.9915358946489264,1.198493480682373,0.9919256062336036,0.8498878479003906,0.9922185752104532,0.8486740589141846,0.9831000777820048,0.8608417510986328,0.9846623656333044,0.865816593170166,0.9832138688800888,1.2194840908050537,0.9839805597358172,0.8804676532745361,0.9845573165011016,0.8730711936950684,1.0,0.6879124641418457,14,0.1185767650604248,0.0,0.669198751449585,0.030416943521718,0.0582947731018066,10.224884117312945,0.0055930614471435,0.004514798783963297,13.814500093460085,0.1449814126394052,0.002427339553833,0,0,0,['cluster'],['touching']
figure_descending_markersize60_interleaved_100_200_4d_25_cramped_rotated_tsne.png,interleaved_100_200_4d_25_cramped_rotated_tsne,538,4,60,0.8501518479523587,0.8866579532623291,0.88025592206643,0.8874261379241943,0.9989493758476788,1.7872514724731443,0.8525845669377938,0.9165024757385254,0.8804853309991423,0.3540735244750976,0.6656303219291548,1.4536044597625732,0.6793005804273842,0.9427852630615234,0.7248111631870274,1.258863925933838,0.6669373236891605,0.9355616569519044,0.6809604391906603,0.935197114944458,0.5469231764096434,0.9371109008789062,0.55304488480362,0.9464452266693116,0.5687351487900958,1.3104376792907717,0.5476816099384112,0.9381964206695556,0.5551574096580647,0.3551893234252929,1.0,0.790804386138916,3896,0.7229101657867432,0.0,0.7047879695892334,0.030416943521718,0.0608186721801757,10.224884117312945,0.0058255195617675,-,15.0,0.1449814126394052,0.0025818347930908,0,0,437,['cluster'],['touching']
figure_descending_markersize110_interleaved_100_200_4d_25_cramped_rotated_tsne.png,interleaved_100_200_4d_25_cramped_rotated_tsne,538,4,110,0.6145552502550257,0.9717278480529784,0.6736419214614588,1.5524604320526123,1.0066061267748876,0.7414562702178955,0.6147248083546839,1.5106375217437744,0.6730345799865471,1.0027661323547363,0.3918567828636219,0.4078636169433594,0.4132589428132651,1.5659780502319336,0.4879455621797218,1.357208013534546,0.3910076427051813,0.4108104705810547,0.4122670205672057,1.5579674243927002,0.2876280369752659,0.4035179615020752,0.2980525982392734,1.5538578033447266,0.3220217127940737,0.7619266510009766,0.2866770816342237,1.564774751663208,0.2971399928536029,0.4113428592681885,1.0,0.8634617328643799,18942,0.750774621963501,0.0,0.7485494613647461,0.030416943521718,0.0603623390197753,10.224884117312945,0.005756139755249,-,15.0,0.1449814126394052,0.0026540756225585,0,0,2536,['cluster'],['touching']
figure_descending_markersize160_interleaved_100_200_4d_25_cramped_rotated_tsne.png,interleaved_100_200_4d_25_cramped_rotated_tsne,538,4,160,0.4742482170401486,1.0493969917297363,0.542396785210192,1.0340824127197266,1.0112097494848402,1.9936320781707764,0.4749853306158706,0.4507699012756347,0.5405147799245247,1.646461009979248,0.2779538007515001,0.454451322555542,0.2993106527360716,1.6202175617218018,0.3758185621688888,0.7743618488311768,0.2770611947807214,1.6794188022613523,0.2974720212326778,0.4383862018585205,0.1965857021969276,1.6572215557098389,0.20668194325832,0.4491345882415771,0.2307975087399775,1.4058778285980225,0.1955686608152655,1.671506643295288,0.2052025743689542,0.4380373954772949,0.9925650557620818,0.922461748123169,38836,0.8054859638214111,0.0,0.7899444103240967,0.030416943521718,0.060333251953125,10.224884117312945,0.0057616233825683,-,15.0,0.1449814126394052,0.0025162696838378,0,0,5796,['cluster'],['touching']
figure_category_based_markersize10_worldmap_umap.png,worldmap_umap,192,13,10,0.9738341102893774,1.046677827835083,0.9762966989156052,0.9762094020843506,0.9648388335563248,1.972381353378296,0.9919540345516372,0.9628791809082032,0.9928484527166214,0.9852161407470704,0.6126306762492617,0.9691007137298584,0.6531848272224485,0.9869873523712158,0.5486641268377512,2.1063320636749268,0.6328854803640751,0.9951350688934326,0.6247340877622598,0.3304505348205566,0.4468793046871315,0.9604709148406982,0.4907634173139851,0.967853546142578,0.3833216986757137,2.056812047958374,0.4646800955727648,0.9999833106994628,0.4557554874684615,0.9922807216644288,0.96875,0.8138513565063477,326,0.7897405624389648,0.0,0.8124589920043945,0.0281839539723018,0.0192692279815673,4.352321376392013,0.0025866031646728,0.03849159227642322,2.963899850845337,0.1614583333333333,0.0027620792388916,0,0,0,['cluster'],"['intersecting','separated']"
figure_category_based_markersize60_worldmap_umap.png,worldmap_umap,192,13,60,0.7905575144060658,0.3561818599700928,0.8238755866650548,1.0461523532867432,0.5763529714950264,2.0982906818389893,0.9366130856853132,1.005414962768555,0.9335581780040192,1.010131597518921,0.291301324218446,1.0384950637817385,0.3156459173084047,1.038691759109497,0.2182991778393302,1.4445862770080566,0.3349074561366564,0.9988763332366944,0.3287264382846733,1.0286071300506592,0.1785455139739553,1.0306172370910645,0.1952195324846424,1.0637683868408203,0.1346494744206233,2.099684238433838,0.2039100888553273,1.0350487232208252,0.1994847023184756,1.0665299892425537,0.9114583333333334,0.1318349838256836,5049,0.8671774864196777,0.0,0.8547854423522949,0.0281839539723018,0.0203554630279541,4.352321376392013,0.0026824474334716,0.06770798373293192,3.391619205474853,0.1614583333333333,0.0027828216552734,0,0,11,['cluster'],"['intersecting','separated']"
figure_category_based_markersize110_worldmap_umap.png,worldmap_umap,192,13,110,0.6434501051649606,0.3596446514129638,0.7005979928664553,1.0750367641448977,0.4040859438135549,2.1337757110595703,0.8449221306158115,1.0976316928863523,0.838432296365966,1.0580248832702637,0.2197749113712234,1.0942094326019287,0.2395435536783894,1.1033618450164795,0.1609306880181568,1.4479045867919922,0.2633499338479325,1.0820887088775637,0.2575346626203858,1.055260419845581,0.1325188241459792,1.1108295917510986,0.144469833041507,1.1030499935150146,0.1004723262296515,2.2237069606781006,0.1559839271232371,0.3739688396453857,0.1521319137951776,1.0608854293823242,0.8541666666666666,0.8877162933349609,10413,0.8951387405395508,0.0,0.8913424015045166,0.0281839539723018,0.0189921855926513,4.352321376392013,0.0025508403778076,0.08352378399376692,2.868804454803467,0.1614583333333333,0.0027668476104736,0,0,108,['cluster'],"['intersecting','separated']"
figure_category_based_markersize160_worldmap_umap.png,worldmap_umap,192,13,160,0.5325735570315784,1.1116509437561035,0.6060515270449731,1.1259286403656006,0.3236651364717015,2.2160158157348637,0.7646126782003065,1.1318747997283936,0.7569451812799609,0.3599357604980469,0.1922074861879352,1.1055965423583984,0.2102568197327068,1.1173765659332275,0.1381761300445606,2.220491886138916,0.2338113595120027,0.376232385635376,0.2291927623129818,1.1141045093536377,0.1172642658649462,1.1466543674468994,0.1271916410928866,1.1135480403900146,0.0878374390383582,2.162559032440185,0.1380061742574317,1.1409614086151123,0.1350406173279287,0.3787684440612793,0.7708333333333334,0.9260740280151368,14219,0.9683208465576172,0.0,0.1283268928527832,0.0281839539723018,0.0200743675231933,4.352321376392013,0.0026705265045166,0.09409108253927892,4.046743154525757,0.1614583333333333,0.0026702880859375,0,0,243,['cluster'],"['intersecting','separated']"
figure_ascending_markersize10_worldmap_umap.png,worldmap_umap,192,13,10,0.983726531948551,1.0734550952911377,0.976307868470196,1.1188158988952637,0.964066870624668,2.189696788787842,0.991971767575742,1.144526720046997,0.9928559636594804,0.340376615524292,0.6310745546079738,1.125698804855347,0.6542551968819887,1.150442361831665,0.5164251153125965,2.1493420600891118,0.6373052564578521,0.3337490558624267,0.6267325926350209,1.118478775024414,0.4645426267260978,1.192570447921753,0.4919700476068613,1.1585443019866943,0.3526707534998856,1.407398700714111,0.4694570410898246,1.1572027206420898,0.4578842196759137,1.1570093631744385,0.96875,0.9480094909667968,326,0.1220498085021972,0.0,0.9635882377624512,0.0281839539723018,0.0196168422698974,4.352321376392013,0.0025279521942138,0.03849159227642323,1.8976504802703855,0.1614583333333333,0.002711534500122,0,0,0,['cluster'],"['intersecting','separated']"
figure_ascending_markersize60_worldmap_umap.png,worldmap_umap,192,13,60,0.8128942897512014,1.1519296169281006,0.819950375227592,1.1638147830963137,0.5326246161816788,2.22791075706482,0.9503692399488702,0.3393387794494629,0.9485327684274124,1.1529252529144287,0.3155770976825495,1.1512880325317385,0.3159071618027995,1.20674729347229,0.168833137246655,1.4281337261199951,0.3506039284083581,1.1527996063232422,0.3366905819663457,1.1779768466949463,0.1957934457467015,1.204460382461548,0.1956415786884127,1.1959123611450195,0.1003157857323399,1.3778634071350098,0.2149511399796844,1.202559471130371,0.204670069085286,1.215785026550293,0.9114583333333334,0.1263537406921386,5049,0.9809236526489258,0.0,1.016458511352539,0.0281839539723018,0.0200481414794921,4.352321376392013,0.0026600360870361,0.06770798373293192,2.2419369220733643,0.1614583333333333,0.0027229785919189,0,0,0,['cluster'],"['intersecting','separated']"
figure_ascending_markersize110_worldmap_umap.png,worldmap_umap,192,13,110,0.6675211162557095,1.1888818740844729,0.6859694250309859,1.2131309509277344,0.3070331914587301,2.2679250240325928,0.888575725100449,0.365241527557373,0.8852726917097259,1.2029826641082764,0.2451114355888543,1.2226777076721191,0.2377156841396622,0.3751924037933349,0.1035898149455666,2.2353971004486084,0.28531003905817,1.208018779754639,0.269641446398874,1.2666244506835938,0.1501169244444583,0.3650429248809814,0.1437686127998734,1.2616257667541504,0.0623055267976715,2.3024487495422363,0.1699373491987726,0.3691024780273437,0.1590416302884032,1.231837034225464,0.8541666666666666,1.0228254795074463,10413,1.0214512348175049,0.0,0.1265022754669189,0.0281839539723018,0.0190353393554687,4.352321376392013,0.0024733543395996,0.08352378399376692,3.3342058658599854,0.1614583333333333,0.0027315616607666,0,0,0,['cluster'],"['intersecting','separated']"
figure_ascending_markersize160_worldmap_umap.png,worldmap_umap,192,13,160,0.5649518803965492,0.3642897605895996,0.5859291003117366,1.2662453651428225,0.2103341565006022,2.293384313583374,0.8264849196423175,0.3632333278656006,0.8226371961055252,1.2605905532836914,0.2170139912299366,1.276975393295288,0.207004601664553,1.2721421718597412,0.0783221232164553,1.4531960487365725,0.2567127998825114,1.2754709720611572,0.2427107948116754,1.261911153793335,0.1343014967473921,0.3699216842651367,0.1257082112193748,1.2704439163208008,0.048120347804738,2.3640499114990234,0.151955730065934,0.3737587928771972,0.1423557035692605,1.285630226135254,0.7708333333333334,1.054534912109375,14219,0.1336684226989746,0.0,1.086756944656372,0.0281839539723018,0.0193274021148681,4.352321376392013,0.0025866031646728,0.09409108253927895,2.733224868774414,0.1614583333333333,0.0025618076324462,0,0,0,['cluster'],"['intersecting','separated']"
figure_descending_markersize10_worldmap_umap.png,worldmap_umap,192,13,10,0.9737483885780844,1.2337899208068848,0.975661944052102,1.253089427947998,1.000000482735509,2.34249210357666,0.9843953191835996,0.333202600479126,0.9767947975344632,1.2354779243469238,0.6059994165774221,1.2636632919311523,0.6521169929733095,0.3422391414642334,0.5879381246350907,2.328439712524414,0.6261686991724338,0.3349010944366455,0.6166027195065477,1.2773656845092771,0.4398748538103328,1.2637598514556885,0.4897185625309115,0.3289217948913574,0.4163684444140226,2.253744840621948,0.4590998541661777,1.2826151847839355,0.4504863432606648,0.3338122367858886,0.96875,1.0724847316741943,326,1.0955355167388916,0.0,0.1239235401153564,0.0281839539723018,0.0198931694030761,4.352321376392013,0.0025813579559326,0.03849159227642323,2.851743459701538,0.1614583333333333,0.0026226043701171,0,0,8,['cluster'],"['intersecting','separated']"
figure_descending_markersize60_worldmap_umap.png,worldmap_umap,192,13,60,0.7282178917354325,0.3410389423370361,0.7544605446901447,1.2923896312713623,0.9818599796930756,2.424806594848633,0.7482414991501389,0.3603672981262207,0.766818605390733,1.317277908325195,0.2633383856436575,1.3362903594970703,0.2975837374235617,0.3459725379943847,0.3269985458176185,2.339185237884521,0.2943541224476046,0.3507280349731445,0.2979425886627163,1.317108154296875,0.160730988396815,1.3596587181091309,0.1853448903105646,0.3578634262084961,0.1961645903172565,2.362756967544556,0.1832149399996702,1.3265347480773926,0.1848902764771381,0.3324429988861084,0.9114583333333334,1.1170198917388916,5049,0.1292731761932373,0.0,1.1485927104949951,0.0281839539723018,0.0200555324554443,4.352321376392013,0.0026025772094726,0.06770798373293199,2.13772201538086,0.1614583333333333,0.0027182102203369,0,0,418,['cluster'],"['intersecting','separated']"
figure_descending_markersize110_worldmap_umap.png,worldmap_umap,192,13,110,0.5321663467973298,1.349039077758789,0.5283931014956518,1.365828514099121,0.9974097045081096,1.391465187072754,0.4871583554828581,1.3290305137634275,0.5278540557022797,1.35477876663208,0.1828446547979604,0.3740036487579345,0.2057338346352106,1.385960578918457,0.29561306998232,1.430323600769043,0.198526251906194,1.336876392364502,0.2077380889135031,1.3675189018249512,0.1103858109159113,0.3600246906280517,0.1277340185016777,1.3806931972503662,0.173520624309488,2.4823246002197266,0.124664748411626,0.3605308532714844,0.1293151760656614,1.395263433456421,0.8541666666666666,0.1251649856567382,10413,1.1750025749206543,0.0,0.1204376220703125,0.0281839539723018,0.0191905498504638,4.352321376392013,0.0026133060455322,0.08352378399376692,3.43473482131958,0.1614583333333333,0.0026769638061523,0,0,1465,['cluster'],"['intersecting','separated']"
figure_descending_markersize160_worldmap_umap.png,worldmap_umap,192,13,160,0.4058721178607272,0.3701250553131103,0.3834514191482541,0.3797304630279541,1.0414448357655133,2.497335433959961,0.3316482494431867,0.3593707084655761,0.376645443704601,1.3708992004394531,0.1497437135796179,1.4445414543151855,0.1649532034234757,0.3753736019134521,0.2922073027446317,2.481975793838501,0.151911394418415,0.3732447624206543,0.1648037927256249,1.4046516418457031,0.0918077798039381,1.4106905460357666,0.1050777943558736,0.3660759925842285,0.1699451514802229,2.509146213531494,0.0985189978925119,0.3678781986236572,0.1054782648525525,1.4266676902770996,0.7708333333333334,0.1330249309539795,14219,1.2033438682556152,0.0,1.202620267868042,0.0281839539723018,0.0200004577636718,4.352321376392013,0.0026681423187255,0.09409108253927884,2.669344186782837,0.1614583333333333,0.0025808811187744,0,0,3212,['cluster'],"['intersecting','separated']"
figure_category_based_markersize10_wdbc_class_1_2_tsne.png,wdbc_class_1_2_tsne,569,2,10,0.966962913210066,0.6426513195037842,0.9717476597912476,0.5496096611022949,0.9825660635136528,0.8383138179779053,0.978631089593499,0.62857985496521,0.9797823993167288,0.5695724487304688,0.8036669367232204,0.6672477722167969,0.8124682124042872,0.5488600730895996,0.7999931645309826,0.7191648483276367,0.8035630806408611,0.5951592922210693,0.8150019007918571,0.6684222221374512,0.6875558595189506,0.5542500019073486,0.6980505410063935,0.5340611934661865,0.6746372405459045,0.7361154556274414,0.6816264432863528,0.6719810962677002,0.6976676592534896,0.7221908569335938,1.0,0.3429112434387207,381,0.2280585765838623,0.0,0.3324289321899414,0.0301996674483737,0.0602173805236816,5.162416211728187,0.0059185028076171,-,15.0,0.1159929701230228,0.0021102428436279,0,0,3,"['lip_cluster',linear']","['intersecting','separated']"
figure_category_based_markersize60_wdbc_class_1_2_tsne.png,wdbc_class_1_2_tsne,569,2,60,0.5997732300223361,0.5670154094696045,0.6716518121871442,0.6446735858917236,0.7910533757408085,0.9418563842773438,0.6692494308659795,0.6906177997589111,0.6985821588716852,0.6749682426452637,0.2721959923085828,0.8624222278594971,0.2818065721970298,0.6844518184661865,0.2765619284588355,0.8593735694885254,0.2717883625042702,0.8109362125396729,0.2798070869669506,0.6638283729553223,0.1760454921693269,0.8219647407531738,0.178310334931364,0.6047632694244385,0.1675739072690076,1.0302424430847168,0.1705188118553919,0.5764355659484863,0.1749379996808565,0.8188016414642334,0.9103690685413004,0.446181058883667,15930,0.2731649875640869,0.0,0.4044861793518066,0.0301996674483737,0.0598011016845703,5.162416211728187,0.0058324337005615,-,15.0,0.1159929701230228,0.0018017292022705,0,0,532,"['lip_cluster',linear']","['intersecting','separated']"
figure_category_based_markersize110_wdbc_class_1_2_tsne.png,wdbc_class_1_2_tsne,569,2,110,0.4314204811462835,0.7785170078277588,0.5126822124319095,0.6549243927001953,0.6705336213120753,0.9865314960479736,0.5021598476286788,0.9272468090057372,0.5387744237752609,0.6778395175933838,0.1917109890908951,0.7720730304718018,0.2013144285641166,0.7726118564605713,0.1997911507144322,0.9670860767364502,0.1965380923578068,0.8040041923522949,0.2019838255236901,0.8561742305755615,0.1232370039443475,0.8059055805206299,0.1252476513490303,0.8517012596130371,0.1173832385908351,1.0313360691070557,0.1221784925001594,0.8341867923736572,0.1242897060420905,0.8840980529785156,0.671353251318102,0.4942946434020996,31457,0.472722053527832,0.0,0.3052449226379394,0.0301996674483737,0.0595901012420654,5.162416211728187,0.0060198307037353,-,15.0,0.1159929701230228,0.0017635822296142,2,0,1692,"['lip_cluster',linear']","['intersecting','separated']"
figure_category_based_markersize160_wdbc_class_1_2_tsne.png,wdbc_class_1_2_tsne,569,2,160,0.3535771821947235,0.9236676692962646,0.4310221067943109,0.7566423416137695,0.6054370497846653,1.1077702045440674,0.4204546777486214,0.905043363571167,0.4569307788675688,0.936836004257202,0.1650890439838283,0.8028750419616699,0.1753627254916134,0.9360079765319824,0.177552862276228,0.9554479122161864,0.172330083935123,0.7852199077606201,0.1772409683744283,0.9218246936798096,0.1076839207115151,0.8337392807006836,0.1100731746883924,0.9583535194396972,0.1040306511060841,0.9818170070648192,0.1083745682662875,1.005751371383667,0.1099437823165626,0.8080439567565918,0.5500878734622144,0.5741157531738281,40532,0.5570435523986816,0.0,0.3260104656219482,0.0301996674483737,0.0598814487457275,5.162416211728187,0.0057518482208251,-,15.0,0.1159929701230228,0.0016496181488037,3,0,3012,"['lip_cluster',linear']","['intersecting','separated']"
figure_ascending_markersize10_wdbc_class_1_2_tsne.png,wdbc_class_1_2_tsne,569,2,10,0.981250042824995,0.8441364765167236,0.9791927286055632,0.7145891189575195,0.9761658047025972,1.0496065616607666,0.9841571325606832,0.902618408203125,0.9823108485737762,0.738983154296875,0.815089416650974,0.7230970859527588,0.8184901406165778,0.7328794002532959,0.7915927342318303,0.8936336040496826,0.8081264831114565,0.8923947811126709,0.8171415099390458,0.7213726043701172,0.6970534147923759,0.7051265239715576,0.7030992955752009,0.9237096309661864,0.6657188579927005,0.914968967437744,0.6855126857029139,0.7484230995178223,0.699521420048036,0.915247678756714,1.0,0.6232542991638184,381,0.3487203121185303,0.0,0.3521850109100342,0.0301996674483737,0.0597231388092041,5.162416211728187,0.0057554244995117,-,15.0,0.1159929701230228,0.0015974044799804,0,0,0,"['lip_cluster',linear']","['intersecting','separated']"
figure_ascending_markersize60_wdbc_class_1_2_tsne.png,wdbc_class_1_2_tsne,569,2,60,0.7241307756961151,0.793842077255249,0.7181502549245675,1.0390751361846924,0.6733136944544464,0.7569766044616699,0.7339820488708046,1.0109367370605469,0.7277944281133422,0.7988252639770508,0.3052420449163363,0.7872211933135986,0.2954066948220663,0.8208034038543701,0.2497208361037646,1.1776864528656006,0.2869913357690536,0.7900950908660889,0.2872023578553577,0.8097755908966064,0.193378291016067,0.8424510955810547,0.185947535518769,0.8381094932556152,0.1532860372739107,0.9913928508758544,0.1783669322602349,0.8267292976379395,0.1788999411406348,0.8274109363555908,0.9103690685413004,0.7074854373931885,15930,0.3844938278198242,0.0,0.3696393966674804,0.0301996674483737,0.0595159530639648,5.162416211728187,0.0058357715606689,-,15.0,0.1159929701230228,0.0016248226165771,0,0,0,"['lip_cluster',linear']","['intersecting','separated']"
figure_ascending_markersize110_wdbc_class_1_2_tsne.png,wdbc_class_1_2_tsne,569,2,110,0.5839823118165188,0.865020751953125,0.5703612016572356,0.865332841873169,0.4912680187228572,1.0617272853851318,0.5837530073282857,0.8593933582305908,0.5767264941943913,1.132340431213379,0.2318070149143895,0.6923682689666748,0.2178804400751747,1.1032071113586426,0.1676807959157973,0.8018012046813965,0.2167154229850684,1.1482248306274414,0.2121328690777041,0.9029247760772704,0.1446029976194667,0.6573712825775146,0.134660705266025,0.8876926898956299,0.1010930631467242,1.0788655281066897,0.1330558810847663,1.197057008743286,0.1299692244718222,0.6451454162597656,0.671353251318102,0.7488996982574463,31457,0.4385700225830078,0.0,0.4016726016998291,0.0301996674483737,0.059725284576416,5.162416211728187,0.0058002471923828,-,15.0,0.1159929701230228,0.0016815662384033,0,0,0,"['lip_cluster',linear']","['intersecting','separated']"
figure_ascending_markersize160_wdbc_class_1_2_tsne.png,wdbc_class_1_2_tsne,569,2,160,0.5155919809524786,0.9657464027404784,0.4931980756551402,0.7119135856628418,0.3927038905914181,1.1764802932739258,0.5087498068420512,1.240044116973877,0.4983505209200297,0.7145648002624512,0.2116219460970296,1.014843463897705,0.1942128020307285,0.978769063949585,0.1395447855643778,1.1860520839691162,0.1965018237044765,0.7314658164978027,0.1898124013278698,0.9875242710113524,0.1331327908036641,1.0266077518463137,0.1209131450645344,1.025385856628418,0.0848473756425742,1.196918487548828,0.1217667892336799,0.7018311023712158,0.1172319256084476,0.9982593059539796,0.5500878734622144,0.7901794910430908,40532,0.4700164794921875,0.0,0.4700877666473388,0.0301996674483737,0.0589497089385986,5.162416211728187,0.0057687759399414,-,15.0,0.1159929701230228,0.0016303062438964,1,0,0,"['lip_cluster',linear']","['intersecting','separated']"
figure_descending_markersize10_wdbc_class_1_2_tsne.png,wdbc_class_1_2_tsne,569,2,10,0.9461035282755657,0.3253448009490967,0.9655666451397106,0.9111161231994628,1.0063634077653263,1.1173453330993652,0.9697287866239512,0.928659200668335,0.9721340679365356,0.6357126235961914,0.7879862263464162,0.9673714637756348,0.8073066469512992,0.928464412689209,0.8211288821804805,0.8157305717468262,0.796602537596715,0.930816650390625,0.8091851767169818,0.9500203132629396,0.675151680339773,1.0140619277954102,0.6936197636205733,0.6354489326477051,0.693483965486908,1.1521975994110107,0.6759286069602579,0.6621472835540771,0.6930211322533391,0.9302568435668944,1.0,0.855621337890625,381,0.4839208126068115,0.0,0.4683864116668701,0.0301996674483737,0.0596575736999511,5.162416211728187,0.005782127380371,-,15.0,0.1159929701230228,0.0015673637390136,0,0,19,"['lip_cluster',linear']","['intersecting','separated']"
figure_descending_markersize60_wdbc_class_1_2_tsne.png,wdbc_class_1_2_tsne,569,2,60,0.5018855883003173,1.003673076629639,0.6249458137723658,0.6840648651123047,1.0465281365887322,1.1867282390594482,0.6103627244151426,0.6784863471984863,0.6458727843196569,1.0546159744262695,0.2444348998551596,0.6895251274108887,0.2690004481356209,1.0370941162109375,0.3182873110969723,1.2754919528961182,0.2584892711868627,0.7055189609527588,0.2692362889639819,1.0638906955718994,0.1615599797769911,0.7136881351470947,0.1713856822186081,0.6923644542694092,0.1876845007429473,1.2261428833007812,0.1639641279961954,1.0544192790985107,0.1700643652332194,0.7108275890350342,0.9103690685413004,0.9318044185638428,15930,0.5304627418518066,0.0,0.5034255981445312,0.0301996674483737,0.0599062442779541,5.162416211728187,0.0059645175933837,-,15.0,0.1159929701230228,0.0016255378723144,0,0,1724,"['lip_cluster',linear']","['intersecting','separated']"
figure_descending_markersize110_wdbc_class_1_2_tsne.png,wdbc_class_1_2_tsne,569,2,110,0.3353920183912255,0.7508537769317627,0.4626909091336508,1.1482701301574707,1.0921768648516852,0.916196584701538,0.4387927102544071,1.1069014072418213,0.4800636997017069,0.7486472129821777,0.1643556416912213,1.107593059539795,0.1880759469038412,0.7919318675994873,0.2459672019016816,0.95894455909729,0.1826893930058879,1.1315124034881592,0.1914887294073027,0.7635843753814697,0.1088477086496597,1.1654787063598633,0.1180256854569606,0.7553391456604004,0.138589328586584,1.2907791137695312,0.1153593785531479,0.7957391738891602,0.1195968814461503,1.124781608581543,0.671353251318102,0.5666861534118652,31457,0.5546317100524902,0.0,0.5184118747711182,0.0301996674483737,0.0600407123565673,5.162416211728187,0.005922794342041,-,15.0,0.1159929701230228,0.0017051696777343,1,0,5543,"['lip_cluster',linear']","['intersecting','separated']"
figure_descending_markersize160_wdbc_class_1_2_tsne.png,wdbc_class_1_2_tsne,569,2,160,0.2628443416520039,0.780564546585083,0.3818555806171781,1.178635597229004,1.1559748678861994,1.015080451965332,0.3577786374322669,1.205481767654419,0.3985654672916769,0.802344799041748,0.1359010456478191,1.2055096626281738,0.1611006587702551,0.8079900741577148,0.2295753579021938,1.3517909049987793,0.1567733752029271,1.225656032562256,0.1654157385931315,0.8380136489868164,0.0916417490506128,0.8405935764312744,0.1020844896346458,1.2566006183624268,0.1274426668139967,1.051666021347046,0.1003789919497102,0.82491135597229,0.1043650707917914,0.8615312576293945,0.5500878734622144,1.0225520133972168,40532,0.6086640357971191,0.0,0.1117458343505859,0.0301996674483737,0.0590739250183105,5.162416211728187,0.0057044029235839,-,15.0,0.1159929701230228,0.0015938282012939,4,0,9912,"['lip_cluster',linear']","['intersecting','separated']"
figure_category_based_markersize10_interleaved_100_200_15d_25_cramped_rotated_umap.png,interleaved_100_200_15d_25_cramped_rotated_umap,2318,15,10,0.5744986664425272,0.4038715362548828,0.4166502774974169,1.237468957901001,1.331747497810783,2.1618385314941406,0.4711936899757861,0.8270153999328613,0.5247023310291277,0.8072428703308105,0.1744828127719707,1.265103101730347,0.160765844300381,0.8362753391265869,0.171652238123217,2.573396682739258,0.1676280319079225,0.8587617874145508,0.1693585957839356,0.8624846935272217,0.102861621028496,0.8325612545013428,0.0995980320044659,1.2736618518829346,0.0917383080960181,2.1520771980285645,0.1019481353758675,0.870539665222168,0.100975225494561,0.8348684310913086,0.1113028472821397,0.6218001842498779,4817,0.6309576034545898,0.1570319240724762,0.6517744064331055,0.0286733405856133,0.2366373538970947,0.6696206547556505,0.0208156108856201,-,15.0,0.0081967213114754,0.0372109413146972,3,0,142,['cluster'],"['intersecting','separated','touching']"
figure_category_based_markersize60_interleaved_100_200_15d_25_cramped_rotated_umap.png,interleaved_100_200_15d_25_cramped_rotated_umap,2318,15,60,0.3106589151724853,0.9986484050750732,0.1445269908702524,0.953646183013916,503.8477876662939,2.2476727962493896,0.2083164653152631,1.415999174118042,0.2401518742078842,0.9929490089416504,0.1334547837444242,1.009479284286499,0.0921482543849256,0.9869520664215088,0.1953812001620588,2.8036444187164307,0.112717317539312,1.008603811264038,0.1198213397184315,0.9726846218109132,0.0849806490397445,1.0228238105773926,0.0676359702638303,0.9933388233184814,0.0977095448979132,2.32222843170166,0.0772611611847672,1.5057945251464844,0.079824475783618,1.021852970123291,0.088006902502157,0.7409572601318359,9296,0.1982865333557129,0.1570319240724762,0.6608388423919678,0.0286733405856133,0.2354412078857422,0.6696206547556505,0.0208916664123535,-,15.0,0.0081967213114754,0.0365874767303466,7,0,1390,['cluster'],"['intersecting','separated','touching']"
figure_category_based_markersize110_interleaved_100_200_15d_25_cramped_rotated_umap.png,interleaved_100_200_15d_25_cramped_rotated_umap,2318,15,110,0.2526181610793627,1.1196081638336182,0.1026468996642002,1.1929800510406494,-4.405197917836889,2.9279229640960693,0.1574299139436898,1.1518733501434326,0.1836083446632852,1.165391206741333,0.119404382302792,1.1516671180725098,0.0724680084039151,1.1362347602844238,0.2101105006412829,2.46903657913208,0.0944897216244862,1.14823317527771,0.1024945363217112,1.626638412475586,0.0781783786314095,1.172295331954956,0.0560028013816236,1.2075316905975342,0.1026082467471279,2.493077039718628,0.0675023894854419,1.2144157886505127,0.0710890718341767,1.1830027103424072,0.08541846419327,0.7704758644104004,12686,0.8194506168365479,0.1570319240724762,0.7139179706573486,0.0286733405856133,0.2391934394836425,0.6696206547556505,0.0208697319030761,-,15.0,0.0081967213114754,0.0366301536560058,7,0,3483,['cluster'],"['intersecting','separated','touching']"
figure_category_based_markersize160_interleaved_100_200_15d_25_cramped_rotated_umap.png,interleaved_100_200_15d_25_cramped_rotated_umap,2318,15,160,0.2239569114330061,0.7623856067657471,0.0851573497733244,1.2868425846099854,-2.832978121181403,2.6055262088775635,0.1342286717377508,1.8489625453948972,0.1576341912720988,0.7786738872528076,0.1118823489105977,1.89791202545166,0.06308712983365,1.3012735843658447,0.2188221937339002,2.582390069961548,0.0852005026039859,1.3449387550354004,0.0934303685106399,1.3477399349212646,0.0745668999720307,1.3813388347625732,0.050102159321699,1.342599391937256,0.1053427064432084,2.6406455039978027,0.0624061303334375,1.3793106079101562,0.0663899766890299,1.3412518501281738,0.0849870578084555,0.8435351848602295,15479,0.2672643661499023,0.1570319240724762,0.8070156574249268,0.0286733405856133,0.2356643676757812,0.6696206547556505,0.02056884765625,-,15.0,0.0081967213114754,0.0372247695922851,7,0,6269,['cluster'],"['intersecting','separated','touching']"
figure_ascending_markersize10_interleaved_100_200_15d_25_cramped_rotated_umap.png,interleaved_100_200_15d_25_cramped_rotated_umap,2318,15,10,0.7763110109593813,1.5772502422332764,0.790598282505013,0.9993464946746826,0.5990682746453935,1.7384238243103027,0.7670757374658856,1.022822380065918,0.7587464186205308,0.984666109085083,0.2244865104426201,1.0046157836914062,0.2234213118278007,0.4199485778808594,0.0758746590213673,2.905830144882202,0.2318854142137106,0.4133450984954834,0.2103698407318273,1.5758230686187744,0.1312150366906177,0.41585373878479,0.1300925944791616,1.6126360893249512,0.0405022227550878,1.7109386920928955,0.1365878144881439,1.610642910003662,0.1221134993931827,0.4059867858886719,0.1113028472821397,0.8613114356994629,4817,0.7791574001312256,0.1570319240724762,0.7646961212158203,0.0286733405856133,0.2356386184692382,0.6696206547556505,0.0208759307861328,-,15.0,0.0081967213114754,0.0365839004516601,0,0,0,['cluster'],"['intersecting','separated','touching']"
figure_ascending_markersize60_interleaved_100_200_15d_25_cramped_rotated_umap.png,interleaved_100_200_15d_25_cramped_rotated_umap,2318,15,60,0.6191961043089107,1.1297261714935305,0.6786386452883211,1.1292362213134766,-1.0114614612644228,2.4674065113067627,0.6445699955244233,1.1419289112091064,0.6127120458419728,1.135521411895752,0.2235626669671362,1.1755003929138184,0.2640430243560928,1.1268589496612549,-0.0638431518736937,2.465965747833252,0.2470388296816492,1.1730117797851562,0.2201692827467284,1.1451125144958496,0.1364062897004337,1.799044132232666,0.1639079618006599,0.5298147201538086,-0.03296184701264,2.470006227493286,0.1528007291857839,1.1546814441680908,0.1341952015190334,1.1196110248565674,0.088006902502157,0.8804404735565186,9296,0.873563289642334,0.1570319240724762,0.8281145095825195,0.0286733405856133,0.2398068904876709,0.6696206547556505,0.0212852954864501,-,15.0,0.0081967213114754,0.0366184711456298,13,0,0,['cluster'],"['intersecting','separated','touching']"
figure_ascending_markersize110_interleaved_100_200_15d_25_cramped_rotated_umap.png,interleaved_100_200_15d_25_cramped_rotated_umap,2318,15,110,0.5972486137257798,1.393139362335205,0.6749085200714824,1.3603088855743408,-1.9193298307241784,2.6373448371887207,0.6323938186133258,1.3746492862701416,0.5938274294113051,0.6376135349273682,0.2274381106380903,1.290353536605835,0.2876999952224679,1.3190219402313232,-0.1058946229046651,2.636036157608032,0.2590060717139885,1.326300859451294,0.2289422242388076,1.2732305526733398,0.1404641080626013,1.343355655670166,0.1828152357866572,1.3473031520843506,-0.0544493710575222,2.6498074531555176,0.1628522975083139,1.3332006931304932,0.1418070103586959,1.3442716598510742,0.08541846419327,0.9553778171539308,12686,0.976405143737793,0.1570319240724762,0.1565618515014648,0.0286733405856133,0.2365500926971435,0.6696206547556505,0.0210437774658203,-,15.0,0.0081967213114754,0.0363032817840576,13,0,0,['cluster'],"['intersecting','separated','touching']"
figure_ascending_markersize160_interleaved_100_200_15d_25_cramped_rotated_umap.png,interleaved_100_200_15d_25_cramped_rotated_umap,2318,15,160,0.5855974890251414,0.7931418418884277,0.674334942337956,1.4941275119781494,-1.9040195150174852,2.874287843704224,0.6272024789332886,0.8203651905059814,0.584977855404664,1.4480726718902588,0.230496214943657,1.484140157699585,0.3035710766563511,1.5277023315429688,-0.1236846252401138,2.85144591331482,0.2681427841160366,1.508953094482422,0.2356291261086289,1.491652011871338,0.1434869588379649,0.7878100872039795,0.1958748616893464,1.502350091934204,-0.0639183732863268,2.8207151889801025,0.1705224263707688,1.5702812671661377,0.1475263822296733,1.486480474472046,0.0849870578084555,1.00799822807312,15479,0.2715044021606445,0.1570319240724762,0.9413528442382812,0.0286733405856133,0.2353348731994629,0.6696206547556505,0.0209431648254394,-,15.0,0.0081967213114754,0.0364055633544921,13,0,0,['cluster'],"['intersecting','separated','touching']"
figure_descending_markersize10_interleaved_100_200_15d_25_cramped_rotated_umap.png,interleaved_100_200_15d_25_cramped_rotated_umap,2318,15,10,0.5221953783255181,0.4071235656738281,0.4057279243946579,0.4190289974212646,1.3931826860947738,2.484905958175659,0.4273016609088463,1.208181858062744,0.5034041838658311,1.1258082389831543,0.1466955819052532,1.1580326557159424,0.1547959936912764,1.178883075714111,0.230767401887715,1.7269411087036133,0.143589737196582,0.417614221572876,0.1582051222434138,1.1430168151855469,0.0853338160287973,1.207422971725464,0.0956432112262949,1.1714258193969729,0.1258027094093627,2.503995180130005,0.0862938972203465,1.1924309730529783,0.0938496533801468,0.4058325290679931,0.1113028472821397,1.004481554031372,4817,0.9757320880889891,0.1570319240724762,0.1557099819183349,0.0286733405856133,0.2382104396820068,0.6696206547556506,0.0210516452789306,-,15.0,0.0081967213114754,0.0364534854888916,3,0,211,['cluster'],"['intersecting','separated','touching']"
figure_descending_markersize60_interleaved_100_200_15d_25_cramped_rotated_umap.png,interleaved_100_200_15d_25_cramped_rotated_umap,2318,15,60,0.2233309705711417,1.308192491531372,0.1292102563057243,1.3070480823516846,11.069722261823708,2.646115303039551,0.1442109128724623,1.313368558883667,0.2033277164318816,0.507112979888916,0.0913265498119922,1.331057071685791,0.0828895371611216,1.3095588684082031,0.3164429055493244,2.6550302505493164,0.0770632054223733,1.356980562210083,0.1014926335262539,0.5027637481689453,0.0573994246170299,1.2914690971374512,0.0610158880173389,1.3444445133209229,0.1605157318620421,2.6644911766052246,0.0525805627699433,1.3519892692565918,0.0676237911513175,0.5155830383300781,0.088006902502157,1.0612246990203855,9296,1.1063377857208252,0.1570319240724762,0.1537649631500244,0.0286733405856133,0.2347407341003418,0.6696206547556506,0.0209708213806152,-,15.0,0.0081967213114754,0.0363123416900634,2,0,2169,['cluster'],"['intersecting','separated','touching']"
figure_descending_markersize110_interleaved_100_200_15d_25_cramped_rotated_umap.png,interleaved_100_200_15d_25_cramped_rotated_umap,2318,15,110,0.16247180594277,1.5498054027557373,0.0898305632623371,1.535029411315918,-6.890066826214892,2.792421579360962,0.0975161017889992,0.6550264358520508,0.1494322229166982,1.463289499282837,0.0746087614854135,1.499593734741211,0.0641217684688323,1.4735405445098877,0.3514017942825631,2.831197738647461,0.0587298842388714,0.6765124797821045,0.0843371331110272,1.4707369804382324,0.0484224237988173,1.5228123664855957,0.0498539603807431,0.6728191375732422,0.1713318311791767,2.79471492767334,0.0420176956434953,1.5213088989257812,0.0587462972209609,1.503361701965332,0.08541846419327,0.2372829914093017,12686,1.115668535232544,0.1570319240724762,1.0550856590270996,0.0286733405856133,0.235706090927124,0.6696206547556506,0.0208113193511962,-,15.0,0.0081967213114754,0.0355470180511474,2,0,5229,['cluster'],"['intersecting','separated','touching']"
figure_descending_markersize160_interleaved_100_200_15d_25_cramped_rotated_umap.png,interleaved_100_200_15d_25_cramped_rotated_umap,2318,15,160,0.1348232791004655,0.7629461288452148,0.0740672155048299,1.744166374206543,-3.7141051817855297,2.080869674682617,0.0779884731429125,1.6077964305877686,0.1261228469042689,1.602936029434204,0.0659325930024897,0.7752888202667236,0.0554368763599378,1.6550405025482178,0.3687137447783403,2.9562573432922363,0.0498175671150717,0.7625973224639893,0.0756588998408442,1.6203224658966064,0.0436359303081301,1.6775884628295898,0.0442951821521266,1.7343931198120115,0.175638702012029,2.0795106887817383,0.0365977648451562,1.680375576019287,0.0540375394284458,1.6778762340545654,0.0849870578084555,1.2486884593963623,15479,0.2704157829284668,0.1570319240724762,1.0939459800720217,0.0286733405856133,0.23616623878479,0.6696206547556506,0.021083116531372,-,15.0,0.0081967213114754,0.035736083984375,2,0,8933,['cluster'],"['intersecting','separated','touching']"
figure_category_based_markersize10_ms_interleaved_60_120_3d_25_centeredClusters_pca.png,ms_interleaved_60_120_3d_25_centeredClusters_pca,292,3,10,1.0,1.1953389644622805,1.0,1.2372934818267822,1.0,1.458634614944458,1.0,0.3148870468139648,1.0,1.3088958263397217,0.9896075996099006,1.2828354835510254,0.9913467629436608,0.3163599967956543,0.9934464482980896,1.5019731521606443,0.9899865357574952,0.3152744770050049,0.9912229576835896,1.1944847106933594,0.979428981480686,1.2733700275421145,0.9828419981447876,1.288843870162964,0.9869782354037108,0.5713350772857666,0.9801716222664127,1.252041578292847,0.9825986477720464,1.260155200958252,1.0,0.1196556091308593,7,1.046104907989502,0.0,0.1149537563323974,0.0305487683818851,0.0338015556335449,14.640201644211514,0.0035336017608642,0.006979172997400078,6.081520080566406,0.0753424657534246,0.0013072490692138,0,0,0,['cluster'],['touching']
figure_category_based_markersize60_ms_interleaved_60_120_3d_25_centeredClusters_pca.png,ms_interleaved_60_120_3d_25_centeredClusters_pca,292,3,60,0.9281524769350928,1.3158700466156006,0.9474216102599394,0.3308868408203125,0.9868984052825034,1.525660514831543,0.9300885860964372,1.3129253387451172,0.9428457446328034,1.3089358806610107,0.7382880941969093,0.3416032791137695,0.7591071325309362,1.3166272640228271,0.77999486177804,0.5854268074035645,0.7350877574119143,1.2793426513671875,0.751440518940573,1.3151991367340088,0.6129101877057576,0.3267374038696289,0.6332408642008975,1.296006679534912,0.6448102099342963,1.5895390510559082,0.6076821308297127,1.3166265487670898,0.6246346832965515,0.3383364677429199,1.0,1.1623852252960205,1547,0.1192903518676757,0.0,1.0965447425842283,0.0305487683818851,0.0339593887329101,14.640201644211514,0.0034558773040771,0.016968253951478406,6.810984134674072,0.0753424657534246,0.0012733936309814,0,0,66,['cluster'],['touching']
figure_category_based_markersize110_ms_interleaved_60_120_3d_25_centeredClusters_pca.png,ms_interleaved_60_120_3d_25_centeredClusters_pca,292,3,110,0.8698582973389779,0.3572285175323486,0.8994819248956972,1.327826976776123,0.9575794842848884,0.6264402866363525,0.8722934901427937,1.33208966255188,0.8922473854932776,0.3588838577270508,0.5926894144304169,1.3289005756378174,0.6083940796358984,1.3737409114837646,0.6145671819131515,0.6192612648010254,0.5913463238422555,1.3715131282806396,0.6031214839657266,1.3270854949951172,0.4494713061429142,0.3659372329711914,0.4596450301056878,1.3550894260406494,0.4524839624180907,1.6225333213806152,0.4472852616021323,0.3515307903289795,0.455515266102125,1.4096360206604004,1.0,1.2106330394744873,5894,0.1288480758666992,0.0,1.1153066158294678,0.0305487683818851,0.0338129997253418,14.640201644211514,0.0034375190734863,0.02303769720002001,6.385788440704346,0.0753424657534246,0.0013034343719482,0,0,214,['cluster'],['touching']
figure_category_based_markersize160_ms_interleaved_60_120_3d_25_centeredClusters_pca.png,ms_interleaved_60_120_3d_25_centeredClusters_pca,292,3,160,0.8288204937224419,1.375688552856445,0.8647098401519551,1.3522160053253174,0.9352761822862128,0.6342079639434814,0.8328678677714343,1.3780910968780518,0.8564008988892367,1.3851697444915771,0.5055602537921395,0.3758049011230469,0.513326723880552,1.4054062366485596,0.5055751721340285,0.6178135871887207,0.5053608510079333,1.3764421939849854,0.5109392496696674,1.4054856300354004,0.3637060206934593,0.3775727748870849,0.3650038979404683,1.3572819232940674,0.346417815236535,1.6274220943450928,0.3627265809039216,0.3849420547485351,0.3640756036398911,1.3812077045440674,0.9965753424657534,1.251067876815796,12270,0.1352190971374511,0.0,1.187436819076538,0.0305487683818851,0.0334734916687011,14.640201644211514,0.0034065246582031,0.027713802768534777,7.3356359004974365,0.0753424657534246,0.0013225078582763,0,0,391,['cluster'],['touching']
figure_ascending_markersize10_ms_interleaved_60_120_3d_25_centeredClusters_pca.png,ms_interleaved_60_120_3d_25_centeredClusters_pca,292,3,10,1.0,1.3266549110412598,1.0,0.324669599533081,1.0,0.5681624412536621,1.0,1.3366715908050537,1.0,0.3158702850341797,0.9896075996099006,1.377399206161499,0.9913467629436608,1.3910481929779053,0.9934464482980896,0.5810718536376953,0.9899865357574952,1.3550798892974854,0.9912229576835896,1.381722927093506,0.979428981480686,0.3175473213195801,0.9828419981447876,1.3860092163085938,0.9869782354037108,0.5670628547668457,0.9801716222664127,1.3793320655822754,0.9825986477720464,0.3212399482727051,1.0,1.1617228984832764,7,1.2091572284698486,0.0,0.1158664226531982,0.0305487683818851,0.0336139202117919,14.64020164421151,0.0034775733947753,0.006979172997400078,5.073628664016724,0.0753424657534246,0.0012097358703613,0,0,0,['cluster'],['touching']
figure_ascending_markersize60_ms_interleaved_60_120_3d_25_centeredClusters_pca.png,ms_interleaved_60_120_3d_25_centeredClusters_pca,292,3,60,0.9390644451905736,0.325002908706665,0.9526484665825852,1.3788907527923584,0.9688003847310116,0.5968787670135498,0.9375153912516953,1.3723320960998535,0.9472783387199698,0.3298280239105224,0.747578353075449,1.398883819580078,0.7628885536585748,0.3345439434051513,0.7651660897258139,1.648014783859253,0.7419952541162219,1.4175233840942385,0.755193975986964,0.3386657238006592,0.6209578680492478,1.4230742454528809,0.6361688375658944,0.338390588760376,0.6322682320146638,1.6060678958892822,0.613954243747215,1.456220626831055,0.6278763505878943,0.3340678215026855,1.0,1.2249386310577393,1547,0.1280965805053711,0.0,1.262523174285889,0.0305487683818851,0.0333020687103271,14.64020164421151,0.0034141540527343,0.016968253951478406,4.828995704650879,0.0753424657534246,0.0011756420135498,0,0,0,['cluster'],['touching']
figure_ascending_markersize110_ms_interleaved_60_120_3d_25_centeredClusters_pca.png,ms_interleaved_60_120_3d_25_centeredClusters_pca,292,3,110,0.8864925653462972,0.6812601089477539,0.9073752717198574,0.5872738361358643,0.9280477889059942,0.947293758392334,0.8836902009177001,0.6837363243103027,0.8989809902219178,0.6328175067901611,0.606526333590834,0.575737714767456,0.6137465067231953,0.6813406944274902,0.5961458219655229,0.931321144104004,0.6022082568308094,0.6033620834350586,0.6089579038460311,0.6940538883209229,0.4609516313400669,0.6160495281219482,0.4636940312270737,0.618924617767334,0.4391062495733914,0.8905487060546875,0.4567269632686043,0.6180322170257568,0.4604202711982359,0.6714184284210205,1.0,0.4218103885650635,5894,0.3811557292938232,0.0,0.2421727180480957,0.0305487683818851,0.033423900604248,14.64020164421151,0.003347635269165,0.02303769720002001,5.639470815658569,0.0753424657534246,0.0013959407806396,0,0,0,['cluster'],['touching']
figure_ascending_markersize160_ms_interleaved_60_120_3d_25_centeredClusters_pca.png,ms_interleaved_60_120_3d_25_centeredClusters_pca,292,3,160,0.8493234678887649,0.7061002254486084,0.8740745492397043,0.6950228214263916,0.8964552503740073,1.0621333122253418,0.8471744685775554,0.709620475769043,0.8645666406957617,0.8452363014221191,0.5221357841437108,0.7129232883453369,0.519305483900351,0.7215471267700195,0.4868255936821445,0.9750087261199952,0.5190254124638694,0.758408784866333,0.5179345660381337,0.7560951709747314,0.3769298525406414,0.7680656909942627,0.3693811819280138,0.8245882987976074,0.3341416450889241,1.0496482849121094,0.3741140790131376,0.6522219181060791,0.3697072513234531,0.8689408302307129,0.9965753424657534,0.4911248683929443,12270,0.2922365665435791,0.0,0.4334492683410644,0.0305487683818851,0.0342993736267089,14.64020164421151,0.0035102367401123,0.027713802768534777,6.6916468143463135,0.0753424657534246,0.0013940334320068,0,0,0,['cluster'],['touching']
figure_descending_markersize10_ms_interleaved_60_120_3d_25_centeredClusters_pca.png,ms_interleaved_60_120_3d_25_centeredClusters_pca,292,3,10,1.0,0.4546570777893066,1.0,0.7369837760925293,1.0,0.8436951637268066,1.0,0.7243525981903076,1.0,0.6016736030578613,0.9894748096095308,0.9095244407653807,0.9912912796929662,0.6095445156097412,0.9938557883759775,1.0269169807434082,0.9898800980688938,0.7847933769226074,0.9911618323754045,0.625462532043457,0.9791688708197328,0.7791199684143066,0.9827329334391336,0.6171321868896484,0.9877866183534364,0.9908912181854248,0.9799629689272344,0.7986078262329102,0.9824785225059318,0.7978551387786865,1.0,0.4886095523834228,7,0.4923555850982666,0.0,0.3109495639801025,0.0305487683818851,0.0344934463500976,14.640201644211514,0.0035693645477294,0.006979172997400077,4.5537590980529785,0.0753424657534246,0.0012357234954833,0,0,0,['cluster'],['touching']
figure_descending_markersize60_ms_interleaved_60_120_3d_25_centeredClusters_pca.png,ms_interleaved_60_120_3d_25_centeredClusters_pca,292,3,60,0.9152240214992342,0.6945569515228271,0.9373464337485704,0.8610744476318359,1.009151683672899,0.9286782741546632,0.9168336775895798,0.8845796585083008,0.933557475563338,0.696087121963501,0.7264879433029898,0.8647475242614746,0.7517557424324932,0.8855247497558594,0.8046990987663958,0.9646625518798828,0.7238144522038907,0.8912734985351562,0.7442277340395815,0.8767170906066895,0.6022855511026872,0.7245080471038818,0.6275111477666568,0.7150626182556152,0.6691336470995963,0.995189905166626,0.5979328110306952,0.7369101047515869,0.6187436761784121,0.9128549098968506,1.0,0.59035325050354,1547,0.3440628051757812,0.0,0.3383550643920898,0.0305487683818851,0.0343248844146728,14.640201644211514,0.0035450458526611,0.016968253951478402,5.182766914367676,0.0753424657534246,0.0011885166168212,0,0,135,['cluster'],['touching']
figure_descending_markersize110_ms_interleaved_60_120_3d_25_centeredClusters_pca.png,ms_interleaved_60_120_3d_25_centeredClusters_pca,292,3,110,0.8377640418620852,0.771693229675293,0.8770659972920674,0.986060380935669,1.0145393667031408,1.0377960205078125,0.8428516648242721,1.0003585815429688,0.8718001713602515,0.570565938949585,0.5714822778885491,0.9887685775756836,0.5967060189157853,0.7718572616577148,0.6520982291668522,1.2095811367034912,0.5722786429456157,0.5579469203948975,0.5913886633657914,1.0037927627563477,0.433648042903523,0.7867996692657471,0.4521676293538732,0.8202469348907471,0.4804565659501485,1.0559570789337158,0.4332093698931811,0.8023812770843506,0.4474635583901897,0.8138856887817383,1.0,0.6524901390075684,5894,0.3858754634857178,0.0,0.3681023120880127,0.0305487683818851,0.0330598354339599,14.640201644211514,0.0033879280090332,0.02303769720002001,5.700648069381714,0.0753424657534246,0.001239538192749,0,0,548,['cluster'],['touching']
figure_descending_markersize160_ms_interleaved_60_120_3d_25_centeredClusters_pca.png,ms_interleaved_60_120_3d_25_centeredClusters_pca,292,3,160,0.786277850486853,1.062260389328003,0.8353004022643569,0.8702843189239502,1.016655988690582,0.877373456954956,0.7945857115537669,1.0969488620758057,0.8296405721643021,0.6189110279083252,0.4807136734967046,1.111858606338501,0.5005697180655013,0.6336581707000732,0.5450327409649861,1.1242024898529053,0.4832520671635556,1.1062343120574951,0.4977616584305744,0.6213445663452148,0.346180586920663,1.1274259090423584,0.3573632288056431,0.6251137256622314,0.3723164219295365,1.0725085735321045,0.3472090307337327,1.1435132026672363,0.3555370978408601,0.6427202224731445,0.9965753424657534,0.7420065402984619,12270,0.4296259880065918,0.0,0.3896009922027588,0.0305487683818851,0.0341043472290039,14.640201644211514,0.0034267902374267,0.027713802768534773,6.7537102699279785,0.0753424657534246,0.0012664794921875,0,0,1095,['cluster'],['touching']
figure_category_based_markersize10_fisheries_clusteredByEscapementTarget_pca.png,fisheries_clusteredByEscapementTarget_pca,121,11,10,0.6094608238185548,1.123927354812622,0.6620909407276255,0.6271052360534668,0.7650451577268828,1.7447729110717771,0.6193334080860067,0.8473188877105713,0.6295419828899849,0.8497130870819092,0.6094608238185548,0.8520786762237549,0.6620909407276255,0.8730816841125488,0.7650451577268828,1.7957165241241455,0.6193334080860067,0.6154463291168213,0.6295419828899849,0.8904018402099609,0.6094608238185548,0.90735125541687,0.6620909407276255,0.9748635292053224,0.7650451577268828,1.4924209117889404,0.6193334080860067,0.8843064308166504,0.6295419828899849,0.8941967487335205,1.0,0.7608389854431152,94,0.4466269016265869,0.0,0.4458503723144531,0.0296383574927455,0.0153932571411132,9.775154958901208,0.0019400119781494,0.031449280421930785,1.346522569656372,0.8264462809917356,0.0011491775512695,0,0,78,['three_order'],['intersecting']
figure_category_based_markersize60_fisheries_clusteredByEscapementTarget_pca.png,fisheries_clusteredByEscapementTarget_pca,121,11,60,0.3976505339215381,0.6484713554382324,0.3608655904035682,0.9372549057006836,0.3665467874960028,1.828507661819458,0.3989811521985296,0.9445037841796876,0.3686058074441399,0.6387941837310791,0.3976505339215381,0.9562571048736572,0.3608655904035682,0.6602315902709961,0.3665467874960028,1.8906490802764893,0.3989811521985296,0.98901104927063,0.3686058074441399,0.6510050296783447,0.3976505339215381,0.9639663696289062,0.3608655904035682,0.6483383178710938,0.3665467874960028,1.8334496021270752,0.3989811521985296,0.9986181259155272,0.3686058074441399,1.0015454292297363,1.0,0.470607042312622,1725,0.4745800495147705,0.0,0.4570226669311523,0.0296383574927455,0.0157504081726074,9.775154958901208,0.0019178390502929,0.05336295378107549,1.481787919998169,0.8264462809917356,0.0011498928070068,0,0,1511,['three_order'],['intersecting']
figure_category_based_markersize110_fisheries_clusteredByEscapementTarget_pca.png,fisheries_clusteredByEscapementTarget_pca,121,11,110,0.3035227675696448,0.9900171756744384,0.2453193606600976,1.0122692584991455,0.2227179761400047,1.5585877895355225,0.3005842611428114,1.0255882740020752,0.2650077521412398,0.9984660148620604,0.3018691831208628,0.6877024173736572,0.2443221700926148,1.0379760265350342,0.2218876922544379,1.5723161697387695,0.2989262065429455,0.6855418682098389,0.2638924400443,1.0491187572479248,0.3002335184192113,1.052328109741211,0.2433330535991059,0.7232565879821777,0.2210635759080907,1.6088006496429443,0.2972863436052854,1.0773286819458008,0.2627864764123423,0.706063985824585,0.9917355371900828,0.9261760711669922,5042,0.5116317272186279,0.0,0.4953107833862304,0.0296383574927455,0.0148804187774658,9.775154958901208,0.0019500255584716,0.0693166293914587,1.6070358753204346,0.8264462809917356,0.0011985301971435,0,0,4427,['three_order'],['intersecting']
figure_category_based_markersize160_fisheries_clusteredByEscapementTarget_pca.png,fisheries_clusteredByEscapementTarget_pca,121,11,160,0.2541717941659605,0.727104902267456,0.2012278715764136,0.7415711879730225,0.1757699524981131,1.6156413555145264,0.2537215270866058,1.071793556213379,0.2217311247858591,0.7051310539245605,0.2498159361612856,1.0802662372589111,0.1983923761732287,0.7173664569854736,0.1730873318621187,1.6598923206329346,0.2495670069348615,1.139993667602539,0.2187708406744362,0.734001636505127,0.2456068593523338,0.7439751625061035,0.1956356801577098,1.170729637145996,0.1704853651875707,1.6205542087554932,0.2455463498376832,0.7500395774841309,0.215888559385315,1.1574609279632568,0.9173553719008264,0.5396378040313721,8458,0.5500061511993408,0.0,0.5561459064483643,0.0296383574927455,0.0155444145202636,9.775154958901208,0.0021140575408935,0.08075595005568037,1.8295998573303225,0.8264462809917356,0.0011293888092041,0,0,7749,['three_order'],['intersecting']
figure_ascending_markersize10_fisheries_clusteredByEscapementTarget_pca.png,fisheries_clusteredByEscapementTarget_pca,121,11,10,0.6208444742855472,0.7358570098876953,0.6640768486277429,0.7288212776184082,0.7121057888434573,2.0130839347839355,0.6461889566933503,0.7376918792724609,0.6513890794478305,0.7404038906097412,0.6208444742855472,1.1507070064544678,0.6640768486277429,0.7582271099090576,0.7121057888434573,2.0721230506896973,0.6461889566933503,0.7622461318969727,0.6513890794478305,0.7479345798492432,0.6208444742855472,0.7430152893066406,0.6640768486277429,1.1866021156311035,0.7121057888434573,1.6871740818023682,0.6461889566933503,0.7667293548583984,0.6513890794478305,0.7585022449493408,1.0,0.5522029399871826,94,0.5656018257141113,0.0,0.5661411285400391,0.0296383574927455,0.0152301788330078,9.77515495890121,0.001946210861206,0.03144928042193079,1.743457555770874,0.8264462809917356,0.0010745525360107,0,0,0,['three_order'],['intersecting']
figure_ascending_markersize60_fisheries_clusteredByEscapementTarget_pca.png,fisheries_clusteredByEscapementTarget_pca,121,11,60,0.4477220513607051,0.3294708728790283,0.363294828590191,1.2381165027618408,0.2952542388744776,1.6982388496398926,0.4763335468889993,0.7778687477111816,0.4147644753573853,1.2319207191467283,0.4477220513607051,0.7805614471435547,0.363294828590191,0.7937383651733398,0.2952542388744776,1.6685996055603027,0.4763335468889993,0.794968843460083,0.4147644753573853,1.2530159950256348,0.4477220513607051,0.8299722671508789,0.363294828590191,0.8228671550750732,0.2952542388744776,1.694023609161377,0.4763335468889993,1.2793691158294678,0.4147644753573853,0.7984559535980225,1.0,0.611821174621582,1725,0.6064722537994385,0.0,0.6118507385253906,0.0296383574927455,0.0154783725738525,9.77515495890121,0.0019378662109375,0.05336295378107551,1.4544677734375,0.8264462809917356,0.0011079311370849,0,0,0,['three_order'],['intersecting']
figure_ascending_markersize110_fisheries_clusteredByEscapementTarget_pca.png,fisheries_clusteredByEscapementTarget_pca,121,11,110,0.3586463645307196,0.8222627639770508,0.2474436401978529,0.8445947170257568,0.1678632204308991,1.7416646480560305,0.3859704521265151,0.8310399055480957,0.3113727932758704,0.835817813873291,0.3565604277982606,0.8296082019805908,0.2464336963463167,0.8282670974731445,0.1671927359880792,2.223602771759033,0.3835854078167793,0.8607101440429688,0.3099801995137002,0.8472573757171631,0.3544986149495597,0.8301887512207031,0.2454319631759601,0.8300120830535889,0.1665275863759203,1.7747840881347656,0.3812296585030535,0.8472011089324951,0.3086000068513108,1.3552536964416504,0.9917355371900828,0.6606433391571045,5042,0.1253662109375,0.0,0.6479558944702148,0.0296383574927455,0.0155360698699951,9.77515495890121,0.0019400119781494,0.0693166293914587,1.550589084625244,0.8264462809917356,0.0011236667633056,0,0,0,['three_order'],['intersecting']
figure_ascending_markersize160_fisheries_clusteredByEscapementTarget_pca.png,fisheries_clusteredByEscapementTarget_pca,121,11,160,0.3097489940532643,0.8671653270721436,0.2031993934511468,1.4021897315979004,0.1241364286275454,1.8072080612182615,0.3382431943804586,0.8826398849487305,0.2673336183824467,0.874356746673584,0.3042742446340023,0.8819506168365479,0.2014823562314112,0.8795216083526611,0.1224849587548952,1.757801532745361,0.3320820369812062,0.8860538005828857,0.2636709350808152,0.8762314319610596,0.2989896641460102,1.413362741470337,0.1997940938327529,0.3636746406555176,0.1208768531926882,2.3168342113494877,0.3261413173336969,0.9055359363555908,0.2601072586577628,0.8999114036560059,0.9173553719008264,0.7121875286102295,8458,0.1251099109649658,0.0,0.6807267665863037,0.0296383574927455,0.0158910751342773,9.77515495890121,0.002032995223999,0.08075595005568037,1.7739582061767578,0.8264462809917356,0.0010955333709716,4,0,0,['three_order'],['intersecting']
figure_descending_markersize10_fisheries_clusteredByEscapementTarget_pca.png,fisheries_clusteredByEscapementTarget_pca,121,11,10,0.5820921236023173,1.4395828247070312,0.6620825502177934,0.8868398666381836,0.781101606450736,1.8233182430267332,0.589010096182606,0.3255064487457275,0.6248692434286192,1.4101853370666504,0.5820921236023173,0.9037516117095948,0.6620825502177934,0.3325357437133789,0.781101606450736,2.352846384048462,0.589010096182606,0.9046533107757568,0.6248692434286192,0.3289101123809814,0.5820921236023173,1.463413953781128,0.6620825502177934,0.9107532501220704,0.781101606450736,1.8909430503845213,0.589010096182606,0.3328559398651123,0.6248692434286192,1.46531081199646,1.0,0.1200289726257324,94,0.7137007713317871,0.0,0.7090039253234863,0.0296383574927455,0.0159969329833984,9.775154958901208,0.0019896030426025,0.031449280421930785,1.4290525913238523,0.8264462809917356,0.001051902770996,0,0,111,['three_order'],['intersecting']
figure_descending_markersize60_fisheries_clusteredByEscapementTarget_pca.png,fisheries_clusteredByEscapementTarget_pca,121,11,60,0.3512573854006046,0.9048759937286376,0.3604880719195373,0.908050775527954,0.3905139585190929,1.8513588905334477,0.3600602876901023,0.9161365032196044,0.3612734142318288,0.9190611839294434,0.3512573854006046,0.9296205043792723,0.3604880719195373,0.940485954284668,0.3905139585190929,1.816751480102539,0.3600602876901023,0.9236984252929688,0.3612734142318288,0.9484877586364746,0.3512573854006046,0.93263840675354,0.3604880719195373,0.91908860206604,0.3905139585190929,1.8477418422698972,0.3600602876901023,1.54622483253479,0.3612734142318288,0.3281269073486328,1.0,0.766791582107544,1725,0.7361786365509033,0.0,0.7440857887268066,0.0296383574927455,0.0153241157531738,9.775154958901208,0.0018656253814697,0.053362953781075494,1.6147284507751465,0.8264462809917356,0.001115083694458,0,0,2305,['three_order'],['intersecting']
figure_descending_markersize110_fisheries_clusteredByEscapementTarget_pca.png,fisheries_clusteredByEscapementTarget_pca,121,11,110,0.2459364185529519,0.9826602935791016,0.2449684648105263,0.3558616638183594,0.246165222493995,1.8735601902008057,0.2604650397277039,0.9275796413421632,0.2568180577900109,0.9504938125610352,0.2446670075682947,0.330195665359497,0.2439710544006357,0.959991216659546,0.2453574515930795,2.5125749111175537,0.2591129280731673,0.3435220718383789,0.2557380330041041,0.9763658046722412,0.2434106335273924,0.9739573001861572,0.242981733141525,0.9752745628356934,0.2445549646207375,1.8527448177337649,0.257774781935532,0.9699232578277588,0.2546670540670576,1.6296284198760986,0.9917355371900828,0.1247355937957763,5042,0.7860620021820068,0.0,0.7901933193206787,0.0296383574927455,0.0159914493560791,9.775154958901208,0.002051830291748,0.0693166293914587,1.7098720073699951,0.8264462809917356,0.0010981559753417,0,0,7304,['three_order'],['intersecting']
figure_descending_markersize160_fisheries_clusteredByEscapementTarget_pca.png,fisheries_clusteredByEscapementTarget_pca,121,11,160,0.1956988939182974,0.3559036254882812,0.2007936275500597,1.0058135986328125,0.1996245391462419,1.2231369018554688,0.2148174662607318,1.008517503738403,0.2133052663548771,1.004976511001587,0.1936576190770366,1.0109367370605469,0.1978780119030577,1.0322258472442627,0.1972212956395725,1.9123787879943848,0.212655836927684,1.004228115081787,0.2114685695628451,1.073350191116333,0.1916584884597181,1.0292255878448486,0.195045856529803,1.0348100662231443,0.1948752282230097,1.9478564262390137,0.2105372775628353,1.0411641597747805,0.2096632330415524,0.3562853336334228,0.9173553719008264,0.8009331226348877,8458,0.8141601085662842,0.0,0.7905828952789307,0.0296383574927455,0.0154135227203369,9.775154958901208,0.0018973350524902,0.08075595005568036,1.1544840335845947,0.8264462809917356,0.0010867118835449,0,0,13704,['three_order'],['intersecting']
figure_category_based_markersize10_ms_interleaved_60_120_3d_25_centeredClusters_umap.png,ms_interleaved_60_120_3d_25_centeredClusters_umap,292,3,10,1.0,0.9771401882171632,1.0,0.9872481822967528,1.0,1.2742183208465576,1.0,1.0089659690856934,1.0,0.990082025527954,0.8182927023794921,1.005791425704956,0.8195724270209175,1.0052788257598877,0.7782862605518512,0.5552687644958496,0.8207607824650571,1.0114247798919678,0.8159382402829005,1.0175163745880127,0.6924664881288376,1.0119881629943848,0.6943013241825049,1.0289251804351809,0.637044698296841,1.2730424404144287,0.6960087234723744,1.014782190322876,0.6891010824282068,1.0153286457061768,0.9863013698630136,0.8493289947509766,211,0.1129581928253173,0.0,0.8522388935089111,0.0295857328824919,0.0281782150268554,9.852636034615728,0.0036370754241943,0.01670858855457059,5.896866798400879,0.1027397260273972,0.001286506652832,0,0,0,['cluster'],['touching']
figure_category_based_markersize60_ms_interleaved_60_120_3d_25_centeredClusters_umap.png,ms_interleaved_60_120_3d_25_centeredClusters_umap,292,3,60,0.9015729628869256,0.3310952186584472,0.916468243509971,1.0387377738952637,0.9647541769032516,1.2800970077514648,0.8921721298171204,1.0351879596710205,0.9111192973760632,1.0409879684448242,0.5345547128230215,0.3361105918884277,0.5412691786446507,1.060673475265503,0.5097870877174403,1.3195712566375732,0.5301964366325016,1.0451231002807615,0.5336637124594668,1.0465033054351809,0.3799017929061623,0.3236587047576904,0.3840431744320477,1.0880041122436523,0.3464195641455515,1.3361930847167969,0.3771696409436812,1.075143814086914,0.3773403574855177,1.0706195831298828,0.9794520547945206,0.8829152584075928,4074,0.12087082862854,0.0,0.9038915634155272,0.0295857328824919,0.0280501842498779,9.852636034615728,0.0034577846527099,0.029130119131883063,6.440008878707886,0.1027397260273972,0.0012686252593994,0,0,9,['cluster'],['touching']
figure_category_based_markersize110_ms_interleaved_60_120_3d_25_centeredClusters_umap.png,ms_interleaved_60_120_3d_25_centeredClusters_umap,292,3,110,0.7755036556969318,0.3353281021118164,0.8107674073967697,1.1093671321868896,0.9800329890641158,1.3710789680480957,0.7609896784070445,1.0789766311645508,0.8005427173191635,1.0805683135986328,0.4008846898163609,0.3534562587738037,0.4105993671067555,1.1264994144439695,0.4041817620584271,1.3771004676818848,0.3946670039868823,1.094326734542847,0.4034501125782439,1.1105022430419922,0.2703081711749159,0.3591668605804443,0.2749119162246243,1.1042635440826416,0.2545892916093094,1.357998609542847,0.2664190769209884,1.100642442703247,0.2696806310543194,1.1231920719146729,0.976027397260274,0.1443369388580322,11364,0.9198250770568848,0.0,0.9073569774627686,0.0295857328824919,0.0293638706207275,9.852636034615728,0.0034956932067871,0.036972265966073836,7.066073656082153,0.1027397260273972,0.001270055770874,0,0,199,['cluster'],['touching']
figure_category_based_markersize160_ms_interleaved_60_120_3d_25_centeredClusters_umap.png,ms_interleaved_60_120_3d_25_centeredClusters_umap,292,3,160,0.6796326700009097,0.3664588928222656,0.7278100513938692,1.1649963855743408,0.99033655928333,1.4183173179626465,0.6649023953830668,1.1808514595031738,0.7151948288937888,0.3723897933959961,0.3338893234614155,1.1488304138183594,0.346056968250366,1.1617710590362549,0.3524018841416282,1.3914244174957275,0.3273699885616982,0.3903000354766845,0.3390535460693197,1.1890602111816406,0.2213062220379484,1.1555571556091309,0.2269936085723659,1.19459867477417,0.2143355861402436,0.632011890411377,0.2171403956571873,1.2013742923736572,0.222194922593636,1.150585651397705,0.9657534246575342,0.9832699298858644,19382,0.1312441825866699,0.0,0.9485325813293456,0.0295857328824919,0.0283370018005371,9.852636034615728,0.0034050941467285,0.04256724703023684,8.119302034378052,0.1027397260273972,0.0014376640319824,0,0,568,['cluster'],['touching']
figure_ascending_markersize10_ms_interleaved_60_120_3d_25_centeredClusters_umap.png,ms_interleaved_60_120_3d_25_centeredClusters_umap,292,3,10,1.0,0.2981109619140625,1.0,1.1325204372406006,1.0,1.4041500091552734,1.0,1.1252164840698242,1.0,0.3159339427947998,0.8190232568882632,1.1067514419555664,0.8198150790639853,1.1342496871948242,0.7754511942101723,1.3873538970947266,0.8213340666321941,0.3056216239929199,0.8162006544888756,1.1040306091308594,0.6935134511880665,1.133667230606079,0.694649681181982,1.173039436340332,0.6332546245145453,0.5818147659301758,0.696833634858177,1.1406044960021973,0.6894755074699487,1.1619532108306885,0.9863013698630136,0.111424446105957,211,0.9612915515899658,0.0,0.9769272804260254,0.0295857328824919,0.0285933017730712,9.852636034615728,0.0034210681915283,0.016708588554570594,4.097456455230713,0.1027397260273972,0.0012249946594238,0,0,0,['cluster'],['touching']
figure_ascending_markersize60_ms_interleaved_60_120_3d_25_centeredClusters_umap.png,ms_interleaved_60_120_3d_25_centeredClusters_umap,292,3,60,0.9042820165252384,1.1591753959655762,0.9189450344678196,1.1646039485931396,0.9626815095070392,1.4350361824035645,0.8952076052729065,0.3335027694702148,0.9132116452961588,1.1563749313354492,0.5393146855796921,1.1478426456451416,0.5432204833079386,1.1911523342132568,0.4993568880588152,0.5847649574279785,0.5347123638134836,1.1800332069396973,0.5358973721201601,1.1747982501983645,0.3842370077948032,1.2280097007751465,0.3855731001165163,0.3247463703155517,0.3371105020826019,1.4564573764801023,0.3812037027429951,1.1892502307891846,0.3792157243018563,0.3314113616943359,0.9794520547945206,1.0360562801361084,4074,1.05281400680542,0.0,0.1132628917694091,0.0295857328824919,0.0296907424926757,9.852636034615728,0.0036361217498779,0.029130119131883066,5.712741374969482,0.1027397260273972,0.0011980533599853,0,0,0,['cluster'],['touching']
figure_ascending_markersize110_ms_interleaved_60_120_3d_25_centeredClusters_umap.png,ms_interleaved_60_120_3d_25_centeredClusters_umap,292,3,110,0.8161213916171874,0.3444602489471435,0.8442103986630329,1.2101564407348633,0.9128202508853448,1.4861671924591064,0.8023831480328234,1.242586612701416,0.8310901939197138,0.3510606288909912,0.4181023878273979,1.2358746528625488,0.4217138496394575,1.250675916671753,0.3786831638308305,1.512564182281494,0.4117286862744781,0.350642442703247,0.4142546880685824,1.2432453632354736,0.2810402354480442,1.2453851699829102,0.2810557073015507,0.3642511367797851,0.2388941619427903,1.481377124786377,0.2769100963096699,1.258739948272705,0.2758842205928539,0.3526549339294433,0.976027397260274,1.0627751350402832,11364,1.042508602142334,0.0,0.1093032360076904,0.0295857328824919,0.028346300125122,9.852636034615728,0.003342866897583,0.036972265966073836,6.22129487991333,0.1027397260273972,0.0012476444244384,0,0,0,['cluster'],['touching']
figure_ascending_markersize160_ms_interleaved_60_120_3d_25_centeredClusters_umap.png,ms_interleaved_60_120_3d_25_centeredClusters_umap,292,3,160,0.7433690515581056,1.280545949935913,0.7798661760963113,0.3706307411193847,0.85922782271982,1.5250279903411863,0.7283885805835175,1.271381139755249,0.7630839186902703,0.3623771667480469,0.3575407281323898,1.281874418258667,0.3614460401753553,1.3157410621643066,0.3186791710784448,0.6307711601257324,0.3504477996892535,1.2622628211975098,0.3541237282188629,1.2843940258026123,0.2353748935778135,0.3750219345092773,0.2352355512950578,1.2836570739746094,0.1956155252836722,0.6184859275817871,0.2307289169685488,1.2890570163726809,0.2305596863788213,1.3451557159423828,0.9657534246575342,1.1226627826690674,19382,0.1302938461303711,0.0,1.0747311115264893,0.0295857328824919,0.0297951698303222,9.852636034615728,0.0035650730133056,0.042567247030236836,7.034830331802368,0.1027397260273972,0.0014238357543945,0,0,0,['cluster'],['touching']
figure_descending_markersize10_ms_interleaved_60_120_3d_25_centeredClusters_umap.png,ms_interleaved_60_120_3d_25_centeredClusters_umap,292,3,10,1.0,0.3189113140106201,1.0,1.271930694580078,1.0,1.5279078483581543,1.0,0.3161568641662597,1.0,1.2385470867156982,0.8174498577719965,0.3108713626861572,0.8193415958118859,1.2161118984222412,0.7812246199643972,1.501037836074829,0.8200043058391262,1.2780654430389404,0.8156284289634756,0.3126215934753418,0.691260208410162,1.2451786994934082,0.6939700703484261,0.318263292312622,0.6409914679615337,1.522442102432251,0.6949214390330916,1.2579541206359863,0.6886592425126041,0.3077878952026367,0.9863013698630136,1.0622227191925049,211,1.0588171482086182,0.0,0.1111681461334228,0.0295857328824919,0.0296275615692138,9.852636034615728,0.0035533905029296,0.01670858855457059,5.082951307296753,0.1027397260273972,0.001194953918457,0,0,0,['cluster'],['touching']
figure_descending_markersize60_ms_interleaved_60_120_3d_25_centeredClusters_umap.png,ms_interleaved_60_120_3d_25_centeredClusters_umap,292,3,60,0.8381166003119289,0.3317146301269531,0.8720409791503265,1.2804419994354248,1.0534440847219635,1.5588114261627195,0.8447894281720407,0.3205471038818359,0.8759068654071859,1.314279317855835,0.503359985194304,0.3325834274291992,0.5204456438634479,1.272871494293213,0.5426405858856764,1.571765661239624,0.5052614485016397,0.3298444747924804,0.5160882413918613,1.264946460723877,0.3596930631326643,1.300675868988037,0.3709026313737206,0.3229818344116211,0.3654418401152285,1.5896246433258057,0.3604097409449397,1.3264665603637695,0.3658136355205427,0.3345272541046142,0.9794520547945206,1.1530942916870115,4074,1.1457107067108154,0.0,0.1120190620422363,0.0295857328824919,0.0297849178314209,9.852636034615728,0.0040256977081298,0.029130119131883073,5.7311177253723145,0.1027397260273972,0.0012314319610595,0,0,203,['cluster'],['touching']
figure_descending_markersize110_ms_interleaved_60_120_3d_25_centeredClusters_umap.png,ms_interleaved_60_120_3d_25_centeredClusters_umap,292,3,110,0.6975747983978238,0.3474879264831543,0.7546307650495472,1.3390998840332031,1.130683386209955,1.6227803230285645,0.6996632807854255,0.3520140647888183,0.7531749976301731,1.3331661224365234,0.372091181152926,0.3438115119934082,0.3922045276843159,1.3137214183807373,0.4418169396232724,1.649843692779541,0.3716668136422727,0.3588185310363769,0.3875665303223944,1.3745810985565186,0.253711251195072,0.3527975082397461,0.264954789363936,1.3438680171966553,0.2745487176959279,1.595851182937622,0.2530425296078582,0.3478486537933349,0.2609132416640558,1.3428099155426023,0.976027397260274,1.187702178955078,11364,0.123835802078247,0.0,1.1284382343292236,0.0295857328824919,0.0289363861083984,9.852636034615728,0.0034351348876953,0.036972265966073836,5.269571542739868,0.1027397260273972,0.0011980533599853,0,0,832,['cluster'],['touching']
figure_descending_markersize160_ms_interleaved_60_120_3d_25_centeredClusters_umap.png,ms_interleaved_60_120_3d_25_centeredClusters_umap,292,3,160,0.5996445496760017,1.3598299026489258,0.6698077946013767,1.40041184425354,1.213925331467247,0.6358351707458496,0.597944440534149,1.4025931358337402,0.6618774342366682,0.3818397521972656,0.3063924357451026,1.3843913078308103,0.3290227491403341,1.3931124210357666,0.3957408560650117,0.6138916015625,0.3046086439333907,1.3861887454986572,0.3232517057994216,0.3815767765045166,0.205764632846027,1.3803563117980957,0.2180720001556214,1.407182216644287,0.2364044739363409,0.6354401111602783,0.2043566519146858,1.3966217041015625,0.2138454106185318,1.4369759559631348,0.9657534246575342,0.1553797721862793,19382,1.208885908126831,0.0,0.1112186908721923,0.0295857328824919,0.0286414623260498,9.852636034615728,0.00333833694458,0.04256724703023683,7.260274410247803,0.1027397260273972,0.0013585090637207,0,0,1801,['cluster'],['touching']
figure_category_based_markersize10_interleaved_100_200_4d_25_cramped_rotated_umap.png,interleaved_100_200_4d_25_cramped_rotated_umap,538,4,10,0.8948677569978077,0.6427164077758789,0.9107455601284942,0.5495078563690186,0.9577155341475156,1.0157382488250732,0.898536769785392,0.6160750389099121,0.9124122770549056,0.5972499847412109,0.7632385277208524,0.6527080535888672,0.769564184326085,0.5949878692626953,0.7813980729655317,0.8925449848175049,0.761033504971288,0.7292299270629883,0.7696120180434995,0.6265914440155029,0.6653673205944026,0.6012566089630127,0.6662793205201518,0.5911974906921387,0.659907671041427,0.9425559043884276,0.660029115110113,0.718621015548706,0.665461629606495,0.6848526000976562,0.9925650557620818,0.357156753540039,409,0.2294080257415771,0.0,0.4930372238159179,0.0302631016602798,0.0613706111907959,7.295189349594086,0.0055422782897949,-,15.0,0.137546468401487,0.0030257701873779,0,0,33,['cluster'],['touching']
figure_category_based_markersize60_interleaved_100_200_4d_25_cramped_rotated_umap.png,interleaved_100_200_4d_25_cramped_rotated_umap,538,4,60,0.6277445573054793,0.7716066837310791,0.6891158252585532,0.6839134693145752,0.8508521631712321,1.034137487411499,0.6283094321736487,0.6576488018035889,0.673622453268611,0.7089447975158691,0.3941296218319109,0.683882474899292,0.4127271864654849,0.6924669742584229,0.4269355272214383,1.073503494262695,0.3910368904998633,0.7043254375457764,0.4053456170022987,0.7045547962188721,0.2872351521658063,0.7230160236358643,0.2945784781918874,0.7444741725921631,0.2849607059111306,1.0920376777648926,0.2838462145148882,0.7498033046722412,0.2898928919264705,0.736048698425293,0.9646840148698884,0.4762909412384033,9785,0.4367377758026123,0.0,0.268120527267456,0.0302631016602798,0.0610337257385253,7.295189349594086,0.0056030750274658,-,15.0,0.137546468401487,0.0027985572814941,0,0,834,['cluster'],['touching']
figure_category_based_markersize110_interleaved_100_200_4d_25_cramped_rotated_umap.png,interleaved_100_200_4d_25_cramped_rotated_umap,538,4,110,0.4924463481618427,0.6652028560638428,0.5628066444459265,0.677894115447998,0.7667549136486059,1.1758663654327393,0.492542701011014,0.8190784454345703,0.5429902621169027,0.8441104888916016,0.2847531184108679,0.8091235160827637,0.2998853481140048,0.6838421821594238,0.3073486842030604,1.3533432483673096,0.2822359546428937,0.7048337459564209,0.2926788611825683,0.894568681716919,0.2002823975572862,0.8567860126495361,0.2043983958342798,0.7007009983062744,0.1921942439159788,1.2634010314941406,0.1977852581951994,0.8747663497924805,0.20032955803767,0.7406394481658936,0.933085501858736,0.5680954456329346,25824,0.321526288986206,0.0,0.5022506713867188,0.0302631016602798,0.0612239837646484,7.295189349594086,0.0055108070373535,-,15.0,0.137546468401487,0.0029065608978271,0,0,2447,['cluster'],['touching']
figure_category_based_markersize160_interleaved_100_200_4d_25_cramped_rotated_umap.png,interleaved_100_200_4d_25_cramped_rotated_umap,538,4,160,0.4137795296665835,0.968853235244751,0.4843142822614229,0.9294188022613524,0.7029718452854303,1.1271650791168213,0.4168841452439116,0.7919068336486816,0.4659269027537205,0.92992901802063,0.2347522905319062,0.7821543216705322,0.249219752996905,0.9671454429626464,0.2568049789039334,1.1129159927368164,0.2338787825561502,0.975883722305298,0.2428664073029534,0.8003346920013428,0.1638572591889722,0.9657211303710938,0.1677776027541909,0.9850964546203612,0.1570973704616685,1.1812412738800049,0.1625305244840362,0.9774198532104492,0.164238117028667,0.9866597652435304,0.8847583643122676,0.4212236404418945,41389,0.5984954833984375,0.0,0.3415019512176513,0.0302631016602798,0.0611135959625244,7.295189349594086,0.0057034492492675,-,15.0,0.137546468401487,0.0026473999023437,0,0,4394,['cluster'],['touching']
figure_ascending_markersize10_interleaved_100_200_4d_25_cramped_rotated_umap.png,interleaved_100_200_4d_25_cramped_rotated_umap,538,4,10,0.92408700453784,0.910576343536377,0.921529690007168,0.7407004833221436,0.9316607601291887,1.06705641746521,0.9278209039712976,0.7361948490142822,0.9254377737731744,0.7310559749603271,0.7857956674535405,0.7244184017181396,0.7777898106182629,0.7272253036499023,0.7617675093857021,1.0848393440246582,0.7832527608525779,0.9587786197662354,0.7793802266474186,0.7432308197021484,0.6835075001691115,0.9865918159484864,0.6728403998962705,0.752636194229126,0.6442797083311014,1.1046946048736572,0.6776629121532347,0.7917122840881348,0.6731414387011152,0.7503798007965088,0.9925650557620818,0.657517671585083,409,0.358525276184082,0.0,0.3746399879455566,0.0302631016602798,0.0612790584564209,7.295189349594086,0.0056240558624267,0.014909544782854483,13.929625272750854,0.137546468401487,0.0026288032531738,0,0,0,['cluster'],['touching']
figure_ascending_markersize60_interleaved_100_200_4d_25_cramped_rotated_umap.png,interleaved_100_200_4d_25_cramped_rotated_umap,538,4,60,0.7177121732765234,0.5837960243225098,0.7301736067796964,1.0344250202178955,0.7467519148492479,1.1768343448638916,0.7239080158872555,0.5863289833068848,0.7248295315726558,1.0303168296813965,0.4333373672498027,0.8558940887451172,0.4308189153626888,0.8422524929046631,0.394164995821202,0.9548208713531494,0.4316499301034789,1.074972152709961,0.4272798737265565,0.8412585258483887,0.3103637808237299,0.6163601875305176,0.3055502231947291,1.0630662441253662,0.267745899922316,1.2139196395874023,0.3075037082473337,0.9179391860961914,0.3029258360586497,0.5880227088928223,0.9646840148698884,0.7475910186767578,9785,0.4022479057312011,0.0,0.3903982639312744,0.0302631016602798,0.0607016086578369,7.295189349594086,0.0056207180023193,-,15.0,0.137546468401487,0.0026013851165771,0,0,0,['cluster'],['touching']
figure_ascending_markersize110_interleaved_100_200_4d_25_cramped_rotated_umap.png,interleaved_100_200_4d_25_cramped_rotated_umap,538,4,110,0.5976713579135788,0.9040658473968506,0.6136591944527298,0.9222917556762696,0.6254570876389296,1.3110668659210205,0.607030223435548,0.8726093769073486,0.6076874524692273,1.14624285697937,0.3261205631490314,0.6609401702880859,0.3196187344501157,1.17600417137146,0.2757873823158581,0.9925220012664796,0.3256058096468327,0.9102599620819092,0.3174608697717738,0.9087316989898682,0.2242383252892056,0.9468448162078856,0.2160813592380825,0.9097154140472412,0.1768930709276035,1.5512444972991943,0.2224678212039608,0.6783173084259033,0.2148501745765246,0.9070239067077636,0.933085501858736,0.7914960384368896,25824,0.4392464160919189,0.0,0.4199028015136719,0.0302631016602798,0.0604586601257324,7.295189349594086,0.0057001113891601,-,15.0,0.137546468401487,0.0026586055755615,0,0,0,['cluster'],['touching']
figure_ascending_markersize160_interleaved_100_200_4d_25_cramped_rotated_umap.png,interleaved_100_200_4d_25_cramped_rotated_umap,538,4,160,0.5239669306239283,0.7367663383483887,0.539957206066891,1.0111258029937744,0.543230441712379,1.067988634109497,0.5367052905169462,0.9805409908294678,0.5352040945330185,1.0170211791992188,0.2780651846282769,1.0474083423614502,0.2706643783823569,0.7281961441040039,0.2252187110014949,1.3717732429504397,0.2787005460865425,1.0552918910980225,0.2690080471902329,1.0314838886260986,0.1892491092673039,1.043962001800537,0.1805958300127376,0.7580583095550537,0.1420572096638018,1.41933012008667,0.1882196662642196,1.014335870742798,0.1796533352010074,1.0846078395843506,0.8847583643122676,0.5419023036956787,41389,0.8255043029785156,0.0,0.4536266326904297,0.0302631016602798,0.0608589649200439,7.295189349594086,0.005671739578247,-,15.0,0.137546468401487,0.0028085708618164,0,0,0,['cluster'],['touching']
figure_descending_markersize10_interleaved_100_200_4d_25_cramped_rotated_umap.png,interleaved_100_200_4d_25_cramped_rotated_umap,538,4,10,0.8670827574584621,0.6516380310058594,0.8822157778900036,0.6826698780059814,0.9886472429339532,1.278409481048584,0.8612828559013502,0.9522178173065186,0.8858633582010716,0.6481716632843018,0.7415699815127751,0.9589407444000244,0.7483467671100785,1.0056993961334229,0.8052102635216123,1.361231803894043,0.7327079848544464,0.6492493152618408,0.7498470127888357,0.9883303642272948,0.6477991515973408,0.9646968841552734,0.6497521984771608,1.0119638442993164,0.6791908736892496,1.0225205421447754,0.6375348785554823,0.9735124111175536,0.650039325115636,0.9889259338378906,0.9925650557620818,0.4928879737854004,409,0.4985115528106689,0.0,0.826225996017456,0.0302631016602798,0.0605890750885009,7.295189349594087,0.005608320236206,0.014909544782854486,13.931498527526855,0.137546468401487,0.0026054382324218,0,0,66,['cluster'],['touching']
figure_descending_markersize60_interleaved_100_200_4d_25_cramped_rotated_umap.png,interleaved_100_200_4d_25_cramped_rotated_umap,538,4,60,0.5478055166166338,0.7400679588317871,0.6067871867198147,1.0472536087036133,0.985372204242696,1.0700314044952393,0.5281731845595404,1.0940899848937988,0.5961603077572467,1.0469141006469729,0.353479496170373,0.713231086730957,0.3765905494495396,1.0927517414093018,0.4659896446424435,1.063791036605835,0.3418116839256279,1.0627119541168213,0.3700631209235688,0.7128250598907471,0.2609214247643363,1.0708515644073486,0.273016411424046,0.742042064666748,0.3051482237031965,1.510061740875244,0.2526620041821792,0.7132759094238281,0.2683063949075462,1.0714681148529053,0.9646840148698884,0.5817611217498779,9785,0.5435843467712402,0.0,0.503899097442627,0.0302631016602798,0.0610175132751464,7.295189349594087,0.0056774616241455,-,15.0,0.137546468401487,0.002579927444458,0,0,1680,['cluster'],['touching']
figure_descending_markersize110_interleaved_100_200_4d_25_cramped_rotated_umap.png,interleaved_100_200_4d_25_cramped_rotated_umap,538,4,110,0.407447349030354,0.8015561103820801,0.473135257179203,0.7660267353057861,0.978429484376951,1.5180530548095703,0.3885292880293033,0.7779965400695801,0.458580968396466,0.7747173309326172,0.2470989290375086,1.1441171169281006,0.2674128863928326,0.7783350944519043,0.3460886598738791,1.5259032249450684,0.2372040797389381,1.156416893005371,0.2604378480110767,0.7757842540740967,0.1773169316808632,0.7972264289855957,0.1863755514623402,1.1844322681427002,0.2102244790348485,1.147984743118286,0.1707140217352956,0.8088862895965576,0.1818599965923907,1.1473021507263184,0.933085501858736,0.6028881072998047,25824,0.5592901706695557,0.0,0.5509047508239746,0.0302631016602798,0.0606839656829834,7.295189349594087,0.0055568218231201,-,15.0,0.137546468401487,0.0026342868804931,0,0,4956,['cluster'],['touching']
figure_descending_markersize160_interleaved_100_200_4d_25_cramped_rotated_umap.png,interleaved_100_200_4d_25_cramped_rotated_umap,538,4,160,0.3314800918036926,0.8426549434661865,0.3966702029035285,0.8112270832061768,0.9705194221217052,1.6223032474517822,0.3159695440187341,0.8435099124908447,0.3825139994325921,1.247602939605713,0.1985653954837807,0.835705041885376,0.218348095367349,1.3038644790649414,0.2963838063685753,1.2148301601409912,0.1905700461500331,0.8479905128479004,0.211938348136781,1.2767386436462402,0.141733880756831,0.8506770133972168,0.1506318984104901,1.2707741260528564,0.1748976130914036,1.2176687717437744,0.1364262666184269,1.3102591037750244,0.1465754874859186,0.8517274856567383,0.8847583643122676,0.6365973949432373,41389,0.5881063938140869,0.0,0.5546095371246338,0.0302631016602798,0.0588636398315429,7.295189349594087,0.0055053234100341,-,15.0,0.137546468401487,0.0025651454925537,0,0,8940,['cluster'],['touching']
figure_category_based_markersize10_grid6_3d_pca.png,grid6_3d_pca,216,8,10,0.0909090909090901,0.7651646137237549,0.0909090909090909,0.8531806468963623,0.0793342623671666,1.4641897678375244,0.0909090909090916,0.7681612968444824,0.0909090909090912,1.1866090297698977,0.0624999999999996,0.8169867992401123,0.0625,0.7779843807220459,0.0561815200974763,1.437472581863403,0.0625000000000001,1.2381889820098877,0.0625000000000003,0.782097339630127,0.0476190476190472,0.7783257961273193,0.0476190476190476,0.794938325881958,0.0434896060372961,1.9511747360229488,0.047619047619048,0.7879509925842285,0.0476190476190477,0.8140149116516113,0.0,0.5814192295074463,576,0.6204330921173096,1.0,0.599022388458252,0.0224684172729603,0.021385908126831,1.7060506653422754e-14,0.0027449131011962,0.10783277320343841,3.34601092338562,1.0,0.0017905235290527,0,0,608,['cluster'],['separated']
figure_category_based_markersize60_grid6_3d_pca.png,grid6_3d_pca,216,8,60,0.0909090909090947,0.8462584018707275,0.0909090909090926,0.8127562999725342,0.0793342623671652,1.456899881362915,0.0909090909090896,0.8143463134765625,0.0909090909090849,0.804126501083374,0.0625000000000017,1.3033816814422607,0.0625000000000018,0.8486828804016113,0.0561815200974767,1.4580800533294678,0.0625000000000012,0.8082506656646729,0.062499999999999,0.8285427093505859,0.0476190476190497,0.8306479454040527,0.0476190476190486,1.3420162200927734,0.0434896060372959,1.4862143993377686,0.047619047619047,0.8320834636688232,0.0476190476190443,0.8239219188690186,0.0,0.6491107940673828,3600,0.6253533363342285,1.0,0.6512305736541748,0.0224684172729603,0.0218055248260498,1.7060506653422754e-14,0.0028245449066162,0.10783277320343841,3.709855079650879,1.0,0.0015685558319091,0,0,3800,['cluster'],['separated']
figure_category_based_markersize110_grid6_3d_pca.png,grid6_3d_pca,216,8,110,0.0909090909090925,0.8455545902252197,0.0909090909090842,0.8604919910430908,0.0793342623671689,1.5013196468353271,0.0909090909090963,1.344909906387329,0.0909090909090816,0.8869879245758057,0.0624999999999962,0.886225700378418,0.06249999999999,0.8575890064239502,0.0561815200974741,1.4984781742095947,0.0625000000000037,0.8713133335113525,0.0624999999999921,1.3397679328918457,0.0476190476190485,0.8524820804595947,0.0476190476190439,0.901984691619873,0.0434896060372966,1.5392580032348633,0.0476190476190506,0.8574340343475342,0.0476190476190424,0.8888890743255615,0.0,0.6659986972808838,7056,0.6513502597808838,1.0,0.6848263740539551,0.0224684172729603,0.0217640399932861,1.7060506653422754e-14,0.0026724338531494,0.10783277320343841,4.107589721679688,1.0,0.0017073154449462,0,0,7448,['cluster'],['separated']
figure_category_based_markersize160_grid6_3d_pca.png,grid6_3d_pca,216,8,160,0.090909090909085,1.4349610805511477,0.0909090909090821,0.9251065254211426,0.0793342623671703,1.6004714965820312,0.0909090909091002,0.8984346389770508,0.090909090909079,0.9055397510528564,0.0624999999999955,0.3605973720550537,0.0624999999999962,1.427586317062378,0.0561815200974749,1.59102463722229,0.0625000000000061,0.9466350078582764,0.0624999999999906,0.8997876644134521,0.0476190476190443,0.911729335784912,0.0476190476190429,0.960196018218994,0.0434896060373006,1.6361639499664309,0.0476190476190526,0.922475814819336,0.0476190476190412,0.941992998123169,0.0,0.7090604305267334,10404,0.7829325199127197,1.0,0.707597017288208,0.0224684172729603,0.0213854312896728,1.7060506653422754e-14,0.0027740001678466,0.10783277320343841,4.559570074081421,1.0,0.0015327930450439,0,0,10982,['cluster'],['separated']
figure_ascending_markersize10_grid6_3d_pca.png,grid6_3d_pca,216,8,10,0.0909090909090903,0.3245470523834228,0.0909090909090909,1.4868292808532717,0.1011504585713953,1.5695772171020508,0.0909090909090916,0.9507224559783936,0.0909090909090912,0.3215813636779785,0.0624999999999997,0.9083871841430664,0.0625,0.9184939861297609,0.0683294918983545,1.576674461364746,0.0625000000000001,0.9152789115905762,0.0625000000000005,0.3276946544647217,0.0476190476190472,1.496692180633545,0.0476190476190476,0.3350529670715332,0.051589803025971,2.200618028640747,0.047619047619048,0.9022760391235352,0.0476190476190477,0.334885835647583,0.0,0.7142903804779053,576,0.7396578788757324,1.0,0.7482235431671143,0.0224684172729603,0.0216140747070312,1.7060506653422754e-14,0.0027880668640136,0.10783277320343841,2.959759473800659,0.8935185185185185,0.0016133785247802,0,0,0,['cluster'],['separated']
figure_ascending_markersize60_grid6_3d_pca.png,grid6_3d_pca,216,8,60,0.0909090909090948,1.0034334659576416,0.0909090909090926,0.9239771366119384,0.101150458571393,1.5661306381225586,0.0909090909090897,0.9320061206817628,0.0909090909090849,0.9250550270080566,0.062500000000002,0.970433235168457,0.0625000000000018,1.0358779430389404,0.0683294918983542,1.6702399253845217,0.0625000000000012,0.9547505378723145,0.062499999999999,0.9666473865509032,0.0476190476190498,0.3360259532928467,0.0476190476190486,1.5652549266815186,0.0515898030259697,0.996837854385376,0.047619047619047,1.597365379333496,0.0476190476190443,0.3419325351715088,0.0,0.7989017963409424,3600,0.7514605522155762,1.0,0.770714282989502,0.0224684172729603,0.0214831829071044,1.7060506653422754e-14,0.0027511119842529,0.10783277320343841,3.3686788082122803,0.8935185185185185,0.0015323162078857,0,0,0,['cluster'],['separated']
figure_ascending_markersize110_grid6_3d_pca.png,grid6_3d_pca,216,8,110,0.0909090909090926,0.3500876426696777,0.0909090909090842,0.9861979484558104,0.1011504585713969,2.3160886764526367,0.0909090909090964,0.3515257835388183,0.0909090909090816,0.9606220722198486,0.0624999999999964,1.641132116317749,0.06249999999999,0.355994701385498,0.0683294918983535,1.629363775253296,0.0625000000000037,1.6830205917358398,0.0624999999999921,0.3564748764038086,0.0476190476190486,0.983600616455078,0.0476190476190439,1.0303144454956057,0.0515898030259721,1.6843032836914062,0.0476190476190506,1.6617417335510254,0.0476190476190424,0.3530745506286621,0.0,0.8180489540100098,7056,0.7955617904663086,1.0,0.800452709197998,0.0224684172729603,0.0213809013366699,1.7060506653422754e-14,0.0028066635131835,0.10783277320343841,3.607895851135254,0.8935185185185185,0.001558780670166,0,0,0,['cluster'],['separated']
figure_ascending_markersize160_grid6_3d_pca.png,grid6_3d_pca,216,8,160,0.090909090909085,0.3532705307006836,0.0909090909090821,1.0168142318725586,0.1011504585714051,1.6587765216827393,0.0909090909091002,0.9763894081115724,0.090909090909079,0.9911937713623048,0.0624999999999956,1.0367305278778076,0.0624999999999962,1.079819679260254,0.0683294918983528,1.020570993423462,0.0625000000000061,1.0006284713745115,0.0624999999999906,1.0517265796661377,0.0476190476190444,1.0008697509765625,0.0476190476190429,1.0457959175109863,0.0515898030259748,1.6882030963897705,0.0476190476190526,1.0636179447174072,0.0476190476190412,1.0206849575042725,0.0,0.8563873767852783,10404,0.8515679836273193,1.0,0.1139853000640869,0.0224684172729603,0.021918773651123,1.7060506653422754e-14,0.0029299259185791,0.10783277320343841,4.087721347808838,0.8935185185185185,0.0016160011291503,0,0,0,['cluster'],['separated']
figure_descending_markersize10_grid6_3d_pca.png,grid6_3d_pca,216,8,10,0.0909090909090902,1.027662754058838,0.0909090909090909,0.9912238121032716,0.0793342623671666,1.6775028705596924,0.0909090909090916,1.0048630237579346,0.0909090909090912,1.0468800067901611,0.0624999999999996,1.0297975540161133,0.0625,1.0330018997192385,0.0561815200974763,1.7020025253295898,0.0625000000000001,1.0647292137145996,0.0625000000000003,1.078580617904663,0.0476190476190472,0.340733528137207,0.0476190476190476,1.0102250576019287,0.0434896060372961,1.6802046298980713,0.047619047619048,1.0243666172027588,0.0476190476190477,1.0686135292053225,0.0,0.8412415981292725,576,0.8942291736602783,1.0,0.110389232635498,0.0224684172729603,0.0212457180023193,1.7060506653422754e-14,0.0026936531066894,0.10783277320343841,3.0623700618743896,0.8935185185185185,0.001615285873413,0,0,480,['cluster'],['separated']
figure_descending_markersize60_grid6_3d_pca.png,grid6_3d_pca,216,8,60,0.0909090909090941,1.0763587951660156,0.0909090909090926,1.1069626808166504,0.0793342623671652,0.995004653930664,0.0909090909090897,1.042959690093994,0.0909090909090849,1.0434207916259766,0.0625000000000017,1.0838661193847656,0.0625000000000018,1.13358736038208,0.0561815200974767,1.7789385318756104,0.0625000000000012,0.3432905673980713,0.062499999999999,1.1016645431518557,0.0476190476190497,1.0928993225097656,0.0476190476190486,1.0764713287353516,0.0434896060372959,1.7462294101715088,0.047619047619047,1.131274938583374,0.0476190476190443,1.1319398880004885,0.0,0.118149995803833,3600,0.8982949256896973,1.0,0.9292430877685548,0.0224684172729603,0.0214960575103759,1.7060506653422754e-14,0.0028278827667236,0.10783277320343841,3.367607355117798,0.8935185185185185,0.0015387535095214,0,0,3000,['cluster'],['separated']
figure_descending_markersize110_grid6_3d_pca.png,grid6_3d_pca,216,8,110,0.0909090909090926,0.3463401794433594,0.0909090909090842,1.1241259574890137,0.0793342623671689,1.7859220504760742,0.0909090909090964,1.1655480861663818,0.0909090909090816,0.3538715839385986,0.0624999999999962,1.1317236423492432,0.06249999999999,1.136626958847046,0.0561815200974741,1.8076372146606443,0.0625000000000037,1.133756399154663,0.0624999999999921,0.3466732501983642,0.0476190476190485,1.106475830078125,0.0476190476190439,1.1208546161651611,0.0434896060372966,1.7598965167999268,0.0476190476190507,1.2054486274719238,0.0476190476190424,1.1714231967926023,0.0,0.1157336235046386,7056,0.9383327960968018,1.0,0.963691234588623,0.0224684172729603,0.0214946269989013,1.7060506653422754e-14,0.0026853084564208,0.10783277320343841,2.900643825531006,0.8935185185185185,0.0015730857849121,0,0,5880,['cluster'],['separated']
figure_descending_markersize160_grid6_3d_pca.png,grid6_3d_pca,216,8,160,0.090909090909085,0.3658831119537353,0.0909090909090821,1.1640887260437012,0.0793342623671703,1.8307514190673828,0.0909090909091002,0.3644599914550781,0.090909090909079,1.1421167850494385,0.0624999999999955,1.1643860340118408,0.0624999999999962,1.255290985107422,0.0561815200974749,1.0316739082336426,0.0625000000000061,1.152357816696167,0.0624999999999906,1.1665561199188232,0.0476190476190443,1.2068812847137451,0.0476190476190429,0.3733668327331543,0.0434896060373006,1.8194003105163572,0.0476190476190526,1.191469430923462,0.0476190476190412,1.232201337814331,0.0,1.0537123680114746,10404,0.1255257129669189,1.0,0.97420334815979,0.0224684172729603,0.0210716724395751,1.7060506653422754e-14,0.0026588439941406,0.10783277320343841,4.186943292617798,0.8935185185185185,0.0015897750854492,0,0,8670,['cluster'],['separated']
figure_category_based_markersize10_n100-d5-c5-spr0.1-out0_tsne.png,n100-d5-c5-spr0.1-out0_tsne,100,5,10,1.0,0.3269288539886474,1.0,1.1803991794586182,1.0,1.572742938995361,1.0,1.1419434547424316,1.0,1.168124437332153,1.0,0.3247196674346924,1.0,1.1455636024475098,1.0,1.5572397708892822,1.0,1.1719284057617188,1.0,0.3172154426574707,1.0,1.1540791988372805,1.0,1.2456843852996826,1.0,1.6587114334106443,1.0,0.3167369365692138,1.0,1.1771743297576904,1.0,0.9908881187438964,0,0.114164113998413,0.0,1.002486228942871,0.0297960181287567,0.0114543437957763,29.036924603499063,0.0016677379608154,0.0,1.6320626735687256,0.34,0.000791311264038,0,0,0,['cluster'],['intersecting']
figure_category_based_markersize60_n100-d5-c5-spr0.1-out0_tsne.png,n100-d5-c5-spr0.1-out0_tsne,100,5,60,0.9637065420041838,0.3253519535064697,0.971316120328758,1.234591722488403,0.9737832600408616,1.6372556686401367,0.9567643227722192,0.3314301967620849,0.9624024487751122,1.2055401802062988,0.9494056145537898,1.218602418899536,0.9491511386703508,0.3362364768981933,0.9369424382329864,1.6475210189819336,0.947018440800534,1.2530643939971924,0.9493343330030196,1.2104856967926023,0.9355229181135444,0.3224339485168457,0.927975177157238,1.192336082458496,0.9027875729065687,1.6153051853179932,0.9374691055697728,1.205613136291504,0.9366163572680326,0.3308017253875732,1.0,1.0329349040985107,78,0.1136434078216552,0.0,1.0367398262023926,0.0297960181287567,0.011406660079956,29.036924603499063,0.0019822120666503,0.011422406947372366,1.708293914794922,0.34,0.0008156299591064,0,0,12,['cluster'],['intersecting']
figure_category_based_markersize110_n100-d5-c5-spr0.1-out0_tsne.png,n100-d5-c5-spr0.1-out0_tsne,100,5,110,0.9165975979950728,0.330272912979126,0.9341875922616432,1.1862454414367676,0.9422785617592788,1.6402103900909424,0.901887802426311,0.3280303478240967,0.914282171435963,1.24399995803833,0.8891231347520548,1.253528356552124,0.8917255209628427,1.2661421298980713,0.8737714418249185,0.7468857765197754,0.880982814028235,1.2223482131958008,0.8882061957238468,1.2165489196777344,0.8632477997143628,0.3413128852844238,0.8529557204265423,1.20062518119812,0.8145506138646142,1.6741538047790527,0.8610249906801464,1.2678773403167725,0.8635763849891916,0.3333220481872558,1.0,1.029508352279663,337,1.076345920562744,0.0,0.1123483180999755,0.0297960181287567,0.0115065574645996,29.036924603499063,0.0018582344055175,0.015270602079773668,1.8211450576782229,0.34,0.0008125305175781,0,0,60,['cluster'],['intersecting']
figure_category_based_markersize160_n100-d5-c5-spr0.1-out0_tsne.png,n100-d5-c5-spr0.1-out0_tsne,100,5,160,0.8895414648085295,0.3389153480529785,0.9121401841522324,1.287560224533081,0.9259377022120374,1.6844496726989746,0.8738375197462419,0.3474781513214111,0.8883346205836796,1.268491268157959,0.8426638181561397,1.2678532600402832,0.8430022689298362,0.3487825393676758,0.8202075450675358,1.663175106048584,0.8348865089194057,1.2804012298583984,0.8416019172403684,1.3218543529510498,0.8004796121411135,0.3546454906463623,0.7836068544813681,1.2875127792358398,0.7361488319414097,0.7491881847381592,0.7992597757179226,1.2857680320739746,0.7995404188592884,1.2767889499664309,1.0,1.1296069622039795,784,0.1194958686828613,0.0,1.1217689514160156,0.0297960181287567,0.01145601272583,29.036924603499063,0.0017461776733398,0.018798815131501213,0.9864258766174316,0.34,0.0007433891296386,0,0,117,['cluster'],['intersecting']
figure_ascending_markersize10_n100-d5-c5-spr0.1-out0_tsne.png,n100-d5-c5-spr0.1-out0_tsne,100,5,10,1.0,1.307363510131836,1.0,1.287895917892456,1.0,0.7361118793487549,1.0,1.311415672302246,1.0,0.3168132305145263,1.0,1.277116060256958,1.0,1.300955057144165,1.0,0.7409965991973877,1.0,1.2929165363311768,1.0,1.3087637424468994,1.0,1.3232097625732422,1.0,0.3285963535308838,1.0,1.786916732788086,1.0,0.3155128955841064,1.0,1.3276548385620115,1.0,1.1841473579406738,0,0.1112534999847412,0.0,1.1091852188110352,0.0297960181287567,0.0112709999084472,29.036924603499056,0.0017311573028564,0.0,0.6150991916656494,0.34,0.0007181167602539,0,0,0,['cluster'],['intersecting']
figure_ascending_markersize60_n100-d5-c5-spr0.1-out0_tsne.png,n100-d5-c5-spr0.1-out0_tsne,100,5,60,0.966015354906678,1.309668779373169,0.9713161408905066,1.333173751831055,0.970701657707895,0.7418320178985596,0.9589882142029624,1.2812504768371582,0.9639963728031864,1.317513942718506,0.9521219384912047,0.3288769721984863,0.9491544986169284,1.288266897201538,0.9328283504943926,1.7163379192352295,0.9495195930893294,0.3297157287597656,0.9509843497470452,1.303544521331787,0.938622491443785,1.3465814590454102,0.927981581801705,0.3311097621917724,0.8977994275838461,1.7106714248657229,0.9402361217573368,1.3513476848602295,0.9383189209366264,0.316417932510376,1.0,1.1362903118133545,78,0.1178236007690429,0.0,1.1697862148284912,0.0297960181287567,0.0114626884460449,29.036924603499056,0.0018479824066162,0.011422406947372364,1.7191438674926758,0.34,0.0006759166717529,0,0,0,['cluster'],['intersecting']
figure_ascending_markersize110_n100-d5-c5-spr0.1-out0_tsne.png,n100-d5-c5-spr0.1-out0_tsne,100,5,110,0.9223062030954612,0.7352206707000732,0.934189690433639,0.7055861949920654,0.934173146247726,1.1844618320465088,0.9070302430974276,0.7621622085571289,0.91801468265595,0.6856486797332764,0.8954177089229857,0.6902608871459961,0.8917452919152773,0.7731106281280518,0.864378033792453,1.2482445240020752,0.8865066108456544,0.6867656707763672,0.8919245511704053,0.7027056217193604,0.8700525926643236,0.8233497142791748,0.8529901501737688,0.8751170635223389,0.8042871279800037,1.231579303741455,0.8668912158230061,0.7394795417785645,0.8672764099188617,0.7547013759613037,1.0,0.4378271102905273,337,0.2756087779998779,0.0,0.426110029220581,0.0297960181287567,0.0118141174316406,29.036924603499056,0.0019032955169677,0.015270602079773668,1.295177698135376,0.34,0.0008299350738525,0,0,0,['cluster'],['intersecting']
figure_ascending_markersize160_n100-d5-c5-spr0.1-out0_tsne.png,n100-d5-c5-spr0.1-out0_tsne,100,5,160,0.8993436046413561,0.8300986289978027,0.9121606041633632,0.8119516372680664,0.909417400669014,1.1206271648406982,0.8803375991141721,0.943578004837036,0.893066650670293,0.8219788074493408,0.85382014888039,0.836167573928833,0.8430785073029226,0.8180899620056152,0.801362714513755,1.2726190090179443,0.8423201759448983,0.8289790153503418,0.8464015605584227,0.9895319938659668,0.8126833102664757,0.8589878082275391,0.7837235372820595,0.8713397979736328,0.7162586632728221,1.3475003242492676,0.8074503905178125,0.8937160968780518,0.8043710497432709,0.8864905834197998,1.0,0.5089449882507324,784,0.5216789245605469,0.0,0.337594985961914,0.0297960181287567,0.0125131607055664,29.036924603499056,0.0018301010131835,0.018798815131501213,1.3575336933135986,0.34,0.0007126331329345,0,0,0,['cluster'],['intersecting']
figure_descending_markersize10_n100-d5-c5-spr0.1-out0_tsne.png,n100-d5-c5-spr0.1-out0_tsne,100,5,10,1.0,0.7201833724975586,1.0,0.9138965606689452,1.0,1.3709945678710938,1.0,0.7351446151733398,1.0,0.9035844802856444,1.0,0.9354324340820312,1.0,0.7439401149749756,1.0,1.3703982830047607,1.0,0.9536926746368408,1.0,0.746319055557251,1.0,0.95961594581604,1.0,0.9557781219482422,1.0,1.3965208530426023,1.0,0.9477365016937256,1.0,0.971914291381836,1.0,0.5883965492248535,0,0.6138379573822021,0.0,0.3676614761352539,0.0297960181287567,0.0120551586151123,29.036924603499063,0.0019357204437255,0.0,1.1440060138702393,0.34,0.0008387565612792,0,0,0,['cluster'],['intersecting']
figure_descending_markersize60_n100-d5-c5-spr0.1-out0_tsne.png,n100-d5-c5-spr0.1-out0_tsne,100,5,60,0.9608171953380668,0.8076164722442627,0.966774477481397,1.0721685886383057,0.987310889801065,1.2626314163208008,0.9498604540883636,1.029827117919922,0.9588117320299668,0.7993743419647217,0.9450240839259096,1.0445570945739746,0.9447920901410928,1.0978631973266602,0.9538637578911948,1.2996103763580322,0.939311124371337,0.8508827686309814,0.9454418165459249,0.835334062576294,0.9297417645182044,1.0864789485931396,0.923787142999429,0.8572111129760742,0.9226085472970568,1.5874736309051514,0.9289935464739087,0.8456869125366211,0.9324396402400652,0.8655533790588379,1.0,0.6836373805999756,78,0.3980319499969482,0.0,0.6934106349945068,0.0297960181287567,0.0118587017059326,29.036924603499063,0.0020685195922851,0.011422406947372366,1.0521190166473389,0.34,0.0007293224334716,0,0,30,['cluster'],['intersecting']
figure_descending_markersize110_n100-d5-c5-spr0.1-out0_tsne.png,n100-d5-c5-spr0.1-out0_tsne,100,5,110,0.9107260795743096,1.1706194877624512,0.9242780523833748,0.9056065082550048,0.9711568247866478,1.6161532402038574,0.8881640134690604,0.9164032936096193,0.9069622698002052,0.6376850605010986,0.880943617377512,1.2171614170074463,0.8826283776876382,0.9471583366394044,0.9063610666098584,1.382035732269287,0.866121480291516,0.9413766860961914,0.8805258254017871,1.233292579650879,0.8530473582615159,0.9518613815307616,0.8445704735843179,0.6459360122680664,0.8496708730057156,1.680084466934204,0.8451465581318764,0.9735417366027832,0.8555868880853873,0.6659095287322998,1.0,0.7685713768005371,337,0.4567415714263916,0.0,0.7830257415771484,0.0297960181287567,0.0117521286010742,29.036924603499063,0.0019550323486328,0.015270602079773668,1.1102120876312256,0.34,0.0007169246673583,0,0,139,['cluster'],['intersecting']
figure_descending_markersize160_n100-d5-c5-spr0.1-out0_tsne.png,n100-d5-c5-spr0.1-out0_tsne,100,5,160,0.8825015651556699,0.7693238258361816,0.8999121921169404,0.984729528427124,0.961625925544048,1.4263224601745603,0.8573493432347692,1.0102033615112305,0.8789446984935472,0.676633358001709,0.8327250082270499,0.9980156421661376,0.8324288426640535,1.3421971797943115,0.8571059264110081,1.5052087306976318,0.8171916392241407,0.6972296237945557,0.8321460870527382,1.0272161960601809,0.7882638299627461,1.0381789207458496,0.7743604682812187,1.051661252975464,0.7730792386829322,1.5118887424468994,0.7806275363921387,1.0411062240600586,0.7900790464680985,1.374018907546997,1.0,0.4912748336791992,784,0.4872341156005859,0.0,0.8509902954101562,0.0297960181287567,0.0117154121398925,29.036924603499063,0.0026648044586181,0.018798815131501213,1.305527687072754,0.34,0.0007445812225341,0,0,277,['cluster'],['intersecting']
figure_category_based_markersize10_abalone_umap.png,abalone_umap,4154,28,10,0.1579704395196141,0.970966339111328,0.1637352226072577,1.2959263324737549,0.1679794566258015,3.9658591747283936,0.1594705845143296,1.3489587306976318,0.161852271997814,1.3210678100585938,0.1447436392650476,1.37488055229187,0.1482310955673044,1.3448538780212402,0.1468771109898921,3.6194448471069336,0.1460787648978017,1.3659753799438477,0.1475941241617465,1.3592522144317627,0.1335606598712041,0.995023250579834,0.1354091692354436,1.369096040725708,0.1304849911505505,4.030330181121826,0.1347619000239586,1.4271790981292725,0.1356446958200364,1.4015557765960691,0.5606644198363023,0.7842240333557129,16610,0.6849524974822998,0.0320173326913818,0.6611382961273193,0.0291537913135813,0.4192752838134765,1.416071151392018,0.0390267372131347,-,15.0,0.861819932595089,0.0566754341125488,123,0,15585,['three_order'],['intersecting']
figure_category_based_markersize60_abalone_umap.png,abalone_umap,4154,28,60,0.0996041674137532,1.3889353275299072,0.1027561705194968,1.3742001056671145,0.1012102194503351,4.451982259750366,0.0975111808721742,1.3825743198394775,0.098456915353625,1.3441627025604248,0.0875335787776768,1.849034309387207,0.0890251957813512,1.8137528896331787,0.0835314024719677,3.97227931022644,0.0858613561452851,1.90272855758667,0.0862259185792041,1.3609247207641602,0.0780723374135381,1.8816075325012207,0.0785313107124996,1.3659844398498535,0.0711102707965196,4.598577499389648,0.0766981046305499,1.4440810680389404,0.0766979682209592,1.867396354675293,0.1519017814155031,0.859966516494751,49536,0.8700201511383057,0.0320173326913818,0.7557613849639893,0.0291537913135813,0.4146790504455566,1.416071151392018,0.0403270721435546,-,15.0,0.861819932595089,0.0557014942169189,1256,0,156325,['three_order'],['intersecting']
figure_category_based_markersize110_abalone_umap.png,abalone_umap,4154,28,110,0.0974190937368796,1.3040704727172852,0.1009336566271027,2.320080041885376,0.0960437863741359,4.428050518035889,0.0932156650997939,1.850177526473999,0.0939382690339061,2.301522970199585,0.083655697550547,1.8634295463562007,0.0854216171187136,1.810753345489502,0.0767539789698895,4.98052453994751,0.0802072998641197,1.8604910373687744,0.080505699460283,2.405449867248535,0.0732998716518154,1.8518531322479248,0.0740423773220433,1.8385932445526123,0.0639167003996623,5.058401107788086,0.0703849851966691,1.9077153205871584,0.0704340783097179,1.8179068565368648,0.1064034665382763,1.652904748916626,58995,0.4782564640045166,0.0320173326913818,1.4613134860992432,0.0291537913135813,0.4198818206787109,1.416071151392018,0.0398142337799072,-,15.0,0.861819932595089,0.0524821281433105,1866,0,335767,['three_order'],['intersecting']
figure_category_based_markersize160_abalone_umap.png,abalone_umap,4154,28,160,0.0974095062213618,2.201944589614868,0.1013506816566243,2.2245163917541504,0.094362666187065,5.524105310440064,0.0916010682996885,2.2494921684265137,0.0923433571268141,2.274301767349243,0.0827140252390478,2.261457920074463,0.0847051140289114,2.256189107894897,0.0739635210835658,5.481094837188721,0.0780023961061723,2.3385605812072754,0.0783414448556659,2.216576099395752,0.0718713106088532,2.291707754135132,0.0727558807902896,2.8589179515838623,0.0608163549489246,4.88661527633667,0.0679193958061367,2.310638427734375,0.0680266462353413,2.306949615478516,0.0979778526721232,1.2716577053070068,64924,1.2862200736999512,0.0320173326913818,0.912738800048828,0.0291537913135813,0.4035902023315429,1.416071151392018,0.0393023490905761,-,15.0,0.861819932595089,0.0547029972076416,2081,0,522631,['three_order'],['intersecting']
figure_ascending_markersize10_abalone_umap.png,abalone_umap,4154,28,10,0.2108295426856297,0.5959208011627197,0.1753122709232658,0.5892224311828613,0.1021758238572093,3.915797233581543,0.2159147555683436,1.2684166431427002,0.1939568739154337,1.2231237888336182,0.1890633127361489,1.2689640522003174,0.1591398981090357,1.2579786777496338,0.0951991997028852,3.942226409912109,0.1922969839380525,1.266035556793213,0.1745281909770915,1.234600305557251,0.1713708349520363,1.9518272876739504,0.145699291532947,1.277724266052246,0.0891144160061482,3.944633483886719,0.173336610142654,1.2967824935913086,0.1586374580882694,1.2667627334594729,0.5606644198363023,0.346998929977417,16610,0.9595274925231934,0.0320173326913818,0.9317059516906738,0.0291537913135813,0.4179916381835937,1.416071151392018,0.0391602516174316,-,15.0,0.861819932595089,0.0555319786071777,119,0,0,['three_order'],['intersecting']
figure_ascending_markersize60_abalone_umap.png,abalone_umap,4154,28,60,0.1566660315736638,1.6073994636535645,0.11799779134185,2.341161727905273,0.022601951715455,3.528514623641968,0.152804560888815,2.330833196640014,0.1317852457764773,1.5969038009643557,0.1313905686647583,1.6445331573486328,0.1012451499897595,1.6632263660430908,0.0210749198701005,4.343437671661377,0.1262746625683125,1.6704885959625244,0.1113069222985689,0.8830974102020264,0.1131376821843523,2.4003713130950928,0.0886580016407123,1.6809070110321045,0.0197411681312904,3.4934849739074707,0.1075941815655897,2.3982832431793213,0.0963369648010378,1.6667990684509275,0.1519017814155031,0.3329930305480957,49536,1.1166319847106934,0.0320173326913818,1.0207226276397705,0.0291537913135813,0.4060542583465576,1.416071151392018,0.0385167598724365,-,15.0,0.861819932595089,0.0542707443237304,1296,0,0,['three_order'],['intersecting']
figure_ascending_markersize110_abalone_umap.png,abalone_umap,4154,28,110,0.1627333852219981,1.2508084774017334,0.1199975486347117,2.1405577659606934,-0.0005835444648125,4.697570562362671,0.1539260978516108,2.0523808002471924,0.1320774203803544,2.014141082763672,0.1319301279759241,2.097658157348633,0.0997332618617646,2.101778984069824,-0.0005515306856338,3.956873893737793,0.1222409095769534,2.894471883773804,0.1077843288497346,1.2434406280517578,0.1109321525087191,2.891059398651123,0.0853243286455803,1.3101556301116943,-0.0005228468336142,4.723381042480469,0.1013735026662748,2.09550142288208,0.0910393905981827,2.8497753143310547,0.1064034665382763,0.4005758762359619,58995,1.3266911506652832,0.0320173326913818,1.09800386428833,0.0291537913135813,0.403696060180664,1.416071151392018,0.0399301052093505,-,15.0,0.861819932595089,0.054983377456665,1785,0,0,['three_order'],['intersecting']
figure_ascending_markersize160_abalone_umap.png,abalone_umap,4154,28,160,0.1685772963089934,1.631199836730957,0.123538118396829,2.5075466632843018,-0.0146528991419865,5.995565891265869,0.15624754512351,1.6422791481018066,0.1338872997825462,2.4662320613861084,0.1340634600969696,2.5151407718658447,0.1009145561022728,2.525151014328003,-0.0140199587819704,5.167517423629761,0.1212153373919293,2.522299289703369,0.1071232676694555,2.4567039012908936,0.111280366387424,2.533942222595215,0.0852945472490093,2.569795608520508,-0.0134394347121142,5.18017315864563,0.0990151786381452,2.5713775157928467,0.0892768511963756,2.511584520339966,0.0979778526721232,1.4891915321350098,64924,0.5432627201080322,0.0320173326913818,1.2107625007629397,0.0291537913135813,0.4011068344116211,1.416071151392018,0.0370762348175048,-,15.0,0.861819932595089,0.0558140277862548,1974,0,0,['three_order'],['intersecting']
figure_descending_markersize10_abalone_umap.png,abalone_umap,4154,28,10,0.1250094110802213,1.5083270072937012,0.1537205297287076,1.4818542003631592,0.2467717334473302,4.177068471908569,0.1223870610933214,1.5346131324768066,0.1383372835616035,1.488525390625,0.1142271292097096,1.5286238193511963,0.1358267534226884,1.5094623565673828,0.1970188492741467,4.252320051193237,0.1127721716777904,1.5544252395629885,0.1255320567163241,1.534193515777588,0.1051571406291471,0.6197535991668701,0.1216644519323529,1.5521535873413086,0.1639617086342579,4.202943801879883,0.1045579600267397,1.5441248416900637,0.1148966209393246,1.5423979759216309,0.5606644198363023,1.3720848560333252,16610,1.2589919567108154,0.0320173326913818,0.203432559967041,0.0291537913135813,0.4160423278808594,1.4160711513920177,0.0406374931335449,-,15.0,0.861819932595089,0.0524458885192871,150,0,30684,['three_order'],['intersecting']
figure_descending_markersize60_abalone_umap.png,abalone_umap,4154,28,60,0.0682979636419026,0.926621913909912,0.0922709594429015,1.9295179843902588,0.1688991140796985,4.58534049987793,0.0627928084918592,0.9202218055725098,0.0776920339464047,1.8553688526153564,0.0579917527775949,1.90439248085022,0.0738201566261373,1.9498891830444336,0.115280625180943,4.529675722122192,0.0548351605119402,1.9386420249938965,0.0660666102937088,0.8835170269012451,0.0503881460191594,1.9203641414642332,0.0615186801501989,1.9185762405395508,0.0875022703956636,4.56697940826416,0.0486675832829454,1.9636342525482176,0.0574674813595936,0.9087791442871094,0.1519017814155031,1.4203169345855713,49536,1.4177558422088623,0.0320173326913818,0.2105607986450195,0.0291537913135813,0.3931019306182861,1.4160711513920177,0.0379829406738281,-,15.0,0.861819932595089,0.0551593303680419,1245,0,303808,['three_order'],['intersecting']
figure_descending_markersize110_abalone_umap.png,abalone_umap,4154,28,110,0.0627077121004036,2.353119134902954,0.0878283969572077,2.3911259174346924,0.1675314602590709,3.920316696166992,0.0566618859223196,2.299583673477173,0.0725153687764894,2.283087491989136,0.0517696343039153,2.3694255352020264,0.0678310468330772,1.2894341945648191,0.1086376789377322,4.887316703796387,0.0485907687207662,2.335780382156372,0.0604390525576068,2.311081647872925,0.0440806640544987,1.2617785930633545,0.0552511090211557,2.3613200187683105,0.0803807422907435,5.099367380142212,0.0425323167668479,2.351404905319214,0.0518107682209704,1.2355656623840332,0.1064034665382763,1.6286225318908691,58995,1.6053240299224854,0.0320173326913818,0.2175533771514892,0.0291537913135813,0.4182760715484619,1.4160711513920177,0.038611888885498,-,15.0,0.861819932595089,0.0523748397827148,1735,0,635828,['three_order'],['intersecting']
figure_descending_markersize160_abalone_umap.png,abalone_umap,4154,28,160,0.0605092239734541,2.715116262435913,0.086545926672186,2.742879867553711,0.1691872050145036,5.439865112304688,0.0542592487180164,1.5985655784606934,0.0706650555477672,2.7702059745788574,0.0494669350368663,2.7581257820129395,0.0659980452320694,2.800638198852539,0.1075843930745654,4.312386512756348,0.0462403072367784,2.7561795711517334,0.0585105931477175,2.6900033950805664,0.0418328799726335,2.821497917175293,0.0533351281819454,1.6585972309112549,0.0788678080952711,5.387650489807129,0.0402864040064534,2.794233560562134,0.0499236703782983,1.5873277187347412,0.0979778526721232,1.7487449645996094,64924,0.538076639175415,0.0320173326913818,1.4517574310302734,0.0291537913135813,0.3989477157592773,1.4160711513920177,0.0372676849365234,-,15.0,0.861819932595089,0.054124116897583,1898,0,961928,['three_order'],['intersecting']
figure_category_based_markersize10_interleaved_100_200_10d_0_notcramped_notrotated_tsne.png,interleaved_100_200_10d_0_notcramped_notrotated_tsne,1490,10,10,0.9451759825375609,1.572429895401001,0.9501918465722936,1.6007187366485596,0.9800251137315888,2.605151891708374,0.9461007033127736,0.4390254020690918,0.9519030436074069,1.5771214962005615,0.4670011904083473,1.6339216232299805,0.4704879623787746,0.4414243698120117,0.4590617985154082,2.5615789890289307,0.464990605099041,1.6242589950561523,0.4678354605782749,0.4144704341888428,0.3101121078841284,1.611917495727539,0.3126478498703501,1.678652048110962,0.2997305526300932,1.3914794921875,0.3082431397292539,1.6467430591583252,0.3101275127577191,0.4205260276794433,0.959731543624161,1.4747004508972168,4222,1.396780014038086,0.0020134228187919,0.1477844715118408,0.0304402362005997,0.1593017578125,2.8928302468220566,0.0144579410552978,-,15.0,0.034228187919463,0.0163636207580566,0,0,30,['cluster'],"['touching', 'separated']"
figure_category_based_markersize60_interleaved_100_200_10d_0_notcramped_notrotated_tsne.png,interleaved_100_200_10d_0_notcramped_notrotated_tsne,1490,10,60,0.7494026095891224,1.857729196548462,0.7660134199645189,0.5320782661437988,0.8603920361584326,2.713711261749268,0.7353930389805998,1.788832664489746,0.7570920571666985,0.5282907485961914,0.2032821467193132,1.7836449146270752,0.1992538006844295,1.8169984817504885,0.1838463050544003,1.518282175064087,0.2013858210110298,1.7832398414611816,0.2002556515117453,0.5189716815948486,0.1175897013900243,1.7787408828735352,0.1145214382410656,1.7894437313079834,0.1029188690103594,2.834745407104492,0.1166674814425522,0.5395505428314209,0.1153882935427811,1.7803125381469729,0.5456375838926174,0.2363181114196777,43391,1.522352695465088,0.0020134228187919,1.4868731498718262,0.0304402362005997,0.1631784439086914,2.8928302468220566,0.0154213905334472,-,15.0,0.034228187919463,0.0165667533874511,1,0,864,['cluster'],"['touching', 'separated']"
figure_category_based_markersize110_interleaved_100_200_10d_0_notcramped_notrotated_tsne.png,interleaved_100_200_10d_0_notcramped_notrotated_tsne,1490,10,110,0.6215574241522395,0.6330966949462891,0.6351756346111017,1.957275390625,0.7678783170245355,2.8841748237609863,0.6018432246058583,1.96130895614624,0.6257755157895425,0.6337950229644775,0.1765657722471193,1.96805739402771,0.1723857528339653,0.6518580913543701,0.1595714825356313,2.875533103942871,0.1742546659502726,1.943466663360596,0.1729383638589519,0.6365761756896973,0.1028979997779931,1.9452555179595947,0.099725563617343,1.9703407287597656,0.089037061124963,1.5868208408355713,0.1018756092082837,1.987614631652832,0.1003331381898008,0.6345126628875732,0.2738255033557047,1.6146318912506104,58847,1.637279987335205,0.0020134228187919,0.1618134975433349,0.0304402362005997,0.1633570194244384,2.8928302468220566,0.0144274234771728,-,15.0,0.034228187919463,0.0155291557312011,1,0,2514,['cluster'],"['touching', 'separated']"
figure_category_based_markersize160_interleaved_100_200_10d_0_notcramped_notrotated_tsne.png,interleaved_100_200_10d_0_notcramped_notrotated_tsne,1490,10,160,0.5513549037257599,0.7202210426330566,0.5599228412048705,2.0496602058410645,0.7131736507252644,3.0289416313171387,0.5309675580680633,0.7709758281707764,0.5536272970607752,2.0451765060424805,0.1675871088399384,2.083087921142578,0.1636085773383258,0.7395884990692139,0.1535416822745299,3.0294435024261475,0.1648216681972765,2.109123468399048,0.1639551810220585,0.7061946392059326,0.0988105351279694,2.105165481567383,0.0958006952281146,0.7428085803985596,0.0860318971227627,3.068667411804199,0.0975517186599774,2.083263874053955,0.0962261424610648,0.7377321720123291,0.2120805369127516,1.7030515670776367,65710,0.2558598518371582,0.0020134228187919,1.557192325592041,0.0304402362005997,0.1622281074523925,2.8928302468220566,0.0141775608062744,-,15.0,0.034228187919463,0.0155761241912841,3,0,4360,['cluster'],"['touching', 'separated']"
figure_ascending_markersize10_interleaved_100_200_10d_0_notcramped_notrotated_tsne.png,interleaved_100_200_10d_0_notcramped_notrotated_tsne,1490,10,10,0.962901364966042,1.7566111087799072,0.963868978485565,1.78072190284729,0.9651822863644536,1.391317367553711,0.9636591314082852,1.7572317123413086,0.9624152399080864,1.7870237827301023,0.4777991369689682,0.4257035255432129,0.4755214463556535,1.7844386100769043,0.4421829189729321,1.401630401611328,0.474886487916056,1.7805447578430176,0.4728059409619275,1.787126541137695,0.3177294886579298,0.441127061843872,0.3156143504748818,1.798823595046997,0.2867842911841091,2.7577366828918457,0.3150775880636899,0.4440474510192871,0.3133801329968562,1.8173673152923584,0.959731543624161,0.2465827465057373,4222,1.5709879398345947,0.0020134228187919,0.150113821029663,0.0304402362005997,0.1670131683349609,2.8928302468220566,0.0147256851196289,-,15.0,0.034228187919463,0.0158884525299072,0,0,0,['cluster'],"['touching', 'separated']"
figure_ascending_markersize60_interleaved_100_200_10d_0_notcramped_notrotated_tsne.png,interleaved_100_200_10d_0_notcramped_notrotated_tsne,1490,10,60,0.807065379969386,1.9711799621582031,0.8084718088528948,0.5397555828094482,0.780416015903504,2.897019386291504,0.7947661823814796,0.5237119197845459,0.7955223496585249,1.9066686630249023,0.2237849833526859,1.9771673679351809,0.206406361236154,0.5420663356781006,0.151739289216002,2.926827907562256,0.2189847946839692,0.5570814609527588,0.2085695481455656,1.938797950744629,0.1299022988831268,0.5394618511199951,0.1183050808916579,1.9640679359436035,0.0840397285193841,2.956603527069092,0.1269869890474055,0.5426850318908691,0.1200178801531282,1.953181266784668,0.5456375838926174,0.2168922424316406,43391,1.7175211906433103,0.0020134228187919,0.1521108150482177,0.0304402362005997,0.1571757793426513,2.8928302468220566,0.0139687061309814,-,15.0,0.034228187919463,0.0165305137634277,0,0,0,['cluster'],"['touching', 'separated']"
figure_ascending_markersize110_interleaved_100_200_10d_0_notcramped_notrotated_tsne.png,interleaved_100_200_10d_0_notcramped_notrotated_tsne,1490,10,110,0.7080834847212543,0.6454555988311768,0.6977806536660118,0.6830422878265381,0.5993278306452573,2.9923555850982666,0.6918907151278084,2.1573987007141118,0.6841231572037578,0.6414535045623779,0.2053100929435916,2.120733976364136,0.1841656302443595,0.6698055267333984,0.1093107153158406,3.089827299118042,0.1999277303110863,0.661160945892334,0.1862153946438406,2.100584030151367,0.1200609988525535,0.6837658882141113,0.1060819485204581,2.1401138305664062,0.06013976942621,3.110607862472534,0.1168456375186357,0.6789748668670654,0.1077757456033031,2.156818151473999,0.2738255033557047,0.2409925460815429,58847,1.7599256038665771,0.0020134228187919,0.1637673377990722,0.0304402362005997,0.1632921695709228,2.8928302468220566,0.015655517578125,-,15.0,0.034228187919463,0.0157661437988281,1,0,0,['cluster'],"['touching', 'separated']"
figure_ascending_markersize160_interleaved_100_200_10d_0_notcramped_notrotated_tsne.png,interleaved_100_200_10d_0_notcramped_notrotated_tsne,1490,10,160,0.6557224091447367,0.7621188163757324,0.6356844197935436,0.776879072189331,0.4668945324421404,3.1661291122436523,0.6386497091043142,2.27384877204895,0.6229230176247333,0.7622761726379395,0.2016652823126413,2.275488376617432,0.1792604408109693,0.7939093112945557,0.087315250168933,3.254641056060791,0.1961822945870223,0.7746198177337646,0.1810166191923735,2.236693859100342,0.1191555984518157,0.7882697582244873,0.1043422699033883,2.258070230484009,0.0481609852472535,3.279204845428467,0.1158910192354589,0.7866981029510498,0.1058943498058776,2.3078644275665283,0.2120805369127516,0.2598137855529785,65710,1.882636308670044,0.0020134228187919,0.1595025062561035,0.0304402362005997,0.1624934673309326,2.8928302468220566,0.0143818855285644,-,15.0,0.034228187919463,0.0161256790161132,1,0,0,['cluster'],"['touching', 'separated']"
figure_descending_markersize10_interleaved_100_200_10d_0_notcramped_notrotated_tsne.png,interleaved_100_200_10d_0_notcramped_notrotated_tsne,1490,10,10,0.935876276626472,0.4176874160766601,0.948069174398798,0.4229297637939453,1.0040171485814295,2.86389708518982,0.926592783246082,0.4433400630950928,0.9408394289826038,1.945713996887207,0.4582965000658704,0.4341015815734863,0.4682909376603779,1.9774420261383057,0.4809807263611566,1.3587861061096191,0.4543854515882395,1.9892208576202397,0.4623862135726158,0.4256465435028076,0.3034468748465743,1.961398124694824,0.310938129090775,0.4395511150360107,0.3162383472573422,2.913133382797241,0.300993884521229,1.995646953582764,0.3065126722567259,0.4210367202758789,0.959731543624161,1.852463960647583,4222,0.1601572036743164,0.0020134228187919,0.1572546958923339,0.0304402362005997,0.1642141342163086,2.892830246822057,0.0143899917602539,-,15.0,0.034228187919463,0.0159914493560791,0,0,69,['cluster'],"['touching', 'separated']"
figure_descending_markersize60_interleaved_100_200_10d_0_notcramped_notrotated_tsne.png,interleaved_100_200_10d_0_notcramped_notrotated_tsne,1490,10,60,0.6966226840728804,2.175288677215576,0.7508054391481898,0.5332565307617188,1.0427344613776617,3.0714235305786133,0.6562353752427985,0.5372664928436279,0.7113713009102822,2.09419584274292,0.1829286755879317,0.5502045154571533,0.1941375728295824,2.127286672592163,0.2223963998690261,1.4755022525787354,0.180587901229828,2.055130958557129,0.1903368763518548,0.5396568775177002,0.1052883644136593,2.1547131538391118,0.1114818520684363,2.1950325965881348,0.1244720145786374,1.4855432510375977,0.1047000307547615,2.181288003921509,0.1098665711652085,0.5244402885437012,0.5456375838926174,1.9265618324279783,43391,0.1920478343963623,0.0020134228187919,0.1550893783569336,0.0304402362005997,0.1619734764099121,2.892830246822057,0.0143985748291015,-,15.0,0.034228187919463,0.0157811641693115,0,0,1790,['cluster'],"['touching', 'separated']"
figure_descending_markersize110_interleaved_100_200_10d_0_notcramped_notrotated_tsne.png,interleaved_100_200_10d_0_notcramped_notrotated_tsne,1490,10,110,0.5397784894577808,0.6568217277526855,0.6122222153924073,0.6726763248443604,1.1017636765526808,3.287285327911377,0.497764934804994,0.6748898029327393,0.5661438273418454,2.2932827472686768,0.1484557331198694,0.655447244644165,0.1651822964029383,2.302278757095337,0.2153039308835848,1.617481708526611,0.1465197258377605,2.3106470108032227,0.1595847832672174,0.6368865966796875,0.0860628333778148,2.322444438934326,0.095470486638723,0.6692888736724854,0.1193095543565539,3.2686197757720947,0.0859028391053515,2.3438971042633057,0.0928833898195998,0.6542642116546631,0.2738255033557047,1.9792096614837649,58847,0.2323167324066162,0.0020134228187919,0.1588573455810547,0.0304402362005997,0.163647174835205,2.892830246822057,0.0146045684814453,-,15.0,0.034228187919463,0.0157370567321777,0,0,5157,['cluster'],"['touching', 'separated']"
figure_descending_markersize160_interleaved_100_200_10d_0_notcramped_notrotated_tsne.png,interleaved_100_200_10d_0_notcramped_notrotated_tsne,1490,10,160,0.4567516950653753,2.531865358352661,0.5345036218569407,0.7682600021362305,1.1480499811283005,3.404726028442383,0.4187290250350642,0.7975637912750244,0.4904771386353247,2.450968027114868,0.1350029547886336,0.7947485446929932,0.1553108879745502,2.4702720642089844,0.2221697143485436,1.7435245513916016,0.1331235173730076,2.510037899017334,0.148591068808441,0.7613492012023926,0.0792071855572459,0.793097734451294,0.0908553827699603,2.450507402420044,0.1229848191000657,3.4700262546539307,0.0791423365618351,0.788766622543335,0.0875585579888547,0.7721471786499023,0.2120805369127516,2.000395536422729,65710,0.264218807220459,0.0020134228187919,1.928840160369873,0.0304402362005997,0.156904935836792,2.892830246822057,0.0135970115661621,-,15.0,0.034228187919463,0.016146183013916,4,0,9213,['cluster'],"['touching', 'separated']"
figure_category_based_markersize10_ecoliproteins_umap.png,ecoliproteins_umap,332,8,10,0.9263866752575856,0.6084809303283691,0.9216902915199195,0.5006387233734131,0.9873389401356572,1.2446773052215576,0.8774526920634524,0.5845584869384766,0.8635473854812551,0.5566847324371338,0.7735402527025447,0.563464879989624,0.7760346791028555,0.5716145038604736,0.7431502471973176,1.133873462677002,0.7621962987743013,0.5874760150909424,0.7473850828250587,0.5742065906524658,0.6639875892718745,0.5774824619293213,0.6701329222078574,0.5775132179260254,0.5957975750798794,1.357832908630371,0.6737031060844574,0.6151127815246582,0.6587690639747169,0.5981533527374268,0.9879518072289156,0.3444278240203857,280,0.2303910255432129,0.0,0.3176407814025879,0.0294639594154297,0.0350244045257568,6.865993872445736,0.0038247108459472,0.020273371631319568,6.467547416687012,0.1746987951807229,0.0032651424407958,0,0,35,"['cluster','lip_cluster']","['intersecting','separated']"
figure_category_based_markersize60_ecoliproteins_umap.png,ecoliproteins_umap,332,8,60,0.6081131341270598,0.6572554111480713,0.6534360785280331,0.7386188507080078,0.8773989840414831,1.328564167022705,0.5588404651259586,0.6911754608154297,0.5780855656545267,0.7336094379425049,0.3806319690060527,0.5422804355621338,0.4065068868808231,0.7296848297119141,0.4003199280457348,1.2289080619812012,0.3711835663304021,0.8072175979614258,0.3735630446261051,0.7085273265838623,0.2770091895427187,0.626185417175293,0.2950205598293953,0.7190320491790771,0.2593178241186042,1.3517658710479736,0.2778742523155116,0.6527183055877686,0.2759381197753908,0.6707971096038818,0.966867469879518,0.4052278995513916,6435,0.4022998809814453,0.0,0.261096715927124,0.0294639594154297,0.0336935520172119,6.865993872445736,0.0036637783050537,0.03704466158403912,7.583500146865845,0.1746987951807229,0.003347635269165,0,0,907,"['cluster','lip_cluster']","['intersecting','separated']"
figure_category_based_markersize110_ecoliproteins_umap.png,ecoliproteins_umap,332,8,110,0.4735725729292594,0.7654209136962891,0.5269054086021433,0.738128662109375,0.724550339995544,1.259261131286621,0.4266519106896669,0.7856888771057129,0.4411464643983946,0.9270150661468506,0.2777621496484541,0.6854455471038818,0.3006309030913106,0.8159260749816895,0.280899056326467,1.3401200771331787,0.2667588501959629,0.7817368507385254,0.2651121911150909,0.7648727893829346,0.196510124422257,0.6536855697631836,0.210313692470565,0.6575357913970947,0.1742212154502161,1.5245418548583984,0.1940399777017454,0.8794996738433838,0.1894960400394845,0.8708183765411377,0.9307228915662652,0.3440768718719482,16555,0.509005069732666,0.0,0.5150516033172607,0.0294639594154297,0.0338983535766601,6.865993872445736,0.0037119388580322,0.04734648421941624,7.987568378448486,0.1746987951807229,0.0030672550201416,0,0,2947,"['cluster','lip_cluster']","['intersecting','separated']"
figure_category_based_markersize160_ecoliproteins_umap.png,ecoliproteins_umap,332,8,160,0.3985150113243025,0.8955211639404297,0.4547141578267694,0.7230257987976074,0.6159685117296594,1.5533342361450195,0.355019569403636,0.739534854888916,0.3670289025959353,0.8265035152435303,0.2299927018187629,0.7190847396850586,0.2519854487198962,0.7192952632904053,0.227038997088986,1.4572036266326904,0.2182459735366673,0.7723398208618164,0.2159014869934387,0.9560117721557616,0.1616393503617624,0.792151689529419,0.1742833588471126,0.9984138011932372,0.1391672283869733,1.2131710052490234,0.1575491426490751,0.9167976379394532,0.1529308493536333,0.7694075107574463,0.8885542168674698,0.6113216876983643,26366,0.3685598373413086,0.0,0.5797240734100342,0.0294639594154297,0.0344519615173339,6.865993872445736,0.0039210319519042,0.0545772269134327,9.425318002700806,0.1746987951807229,0.0028541088104248,1,0,5623,"['cluster','lip_cluster']","['intersecting','separated']"
figure_ascending_markersize10_ecoliproteins_umap.png,ecoliproteins_umap,332,8,10,0.9322343917378656,0.5317544937133789,0.9221632543449234,0.954047679901123,0.9277809795489396,1.229670524597168,0.9462931243372936,0.9077887535095216,0.951058700102826,0.7488083839416504,0.7806728418382002,0.7910356521606445,0.7795437804862076,0.5558903217315674,0.7109106373870087,1.551525592803955,0.8159200810516005,0.7345805168151855,0.8140439535699622,0.7993593215942383,0.6715010122271743,0.8120632171630859,0.6751298743644,0.5759649276733398,0.5762185872819723,1.4615559577941897,0.7171206692715739,1.0385799407958984,0.7115361437250782,0.782595157623291,0.9879518072289156,0.3703675270080566,280,0.3680291175842285,0.0,0.6183602809906006,0.0294639594154297,0.0338828563690185,6.865993872445736,0.0036447048187255,0.020273371631319575,5.378951787948608,0.1746987951807229,0.0030345916748046,0,0,0,"['cluster','lip_cluster']","['intersecting','separated']"
figure_ascending_markersize60_ecoliproteins_umap.png,ecoliproteins_umap,332,8,60,0.7183819035731147,0.8613467216491699,0.6940643220142708,0.8580138683319092,0.6661312621383867,1.4867815971374512,0.7419878255658905,0.8447787761688232,0.7445404383348773,0.8489677906036377,0.4289713784254639,0.8710434436798096,0.4242804253067767,0.6210494041442871,0.3372785330142903,1.5445196628570557,0.4515993915352847,0.8712735176086426,0.4418755286455498,0.885279655456543,0.3057824871762872,0.8500556945800781,0.3055231103969918,0.8706207275390625,0.22580441179151,1.2696192264556885,0.3245727974053851,0.9154458045959472,0.3141639797848039,0.9127657413482666,0.966867469879518,0.4470784664154053,6435,0.7492990493774414,0.0,0.4373350143432617,0.0294639594154297,0.0342872142791748,6.865993872445736,0.0039238929748535,0.03704466158403912,6.05446982383728,0.1746987951807229,0.0028407573699951,0,0,0,"['cluster','lip_cluster']","['intersecting','separated']"
figure_ascending_markersize110_ecoliproteins_umap.png,ecoliproteins_umap,332,8,110,0.6109181220779024,0.6581051349639893,0.5729461588440161,0.93226957321167,0.4880553972233866,1.611619234085083,0.637502169198787,0.93957781791687,0.6209385432118624,0.892427921295166,0.3315286555459327,0.9486963748931884,0.3187943136522714,0.6475441455841064,0.2238415628821369,1.6445927619934082,0.3469501696525053,0.9601044654846193,0.3287202230780899,0.9807839393615724,0.2274908877025053,0.6780321598052979,0.220834745794509,0.9711415767669678,0.1452233832032762,1.2957093715667725,0.2383282066998816,0.929302215576172,0.2235268272469022,0.9863224029541016,0.9307228915662652,0.4948868751525879,16555,0.4770979881286621,0.0,0.806499719619751,0.0294639594154297,0.0350050926208496,6.865993872445736,0.0038514137268066,0.04734648421941624,6.965693235397339,0.1746987951807229,0.0028824806213378,0,0,0,"['cluster','lip_cluster']","['intersecting','separated']"
figure_ascending_markersize160_ecoliproteins_umap.png,ecoliproteins_umap,332,8,160,0.5493528413427108,1.0126686096191406,0.5034701978965259,0.7249186038970947,0.3782560333215848,1.729517698287964,0.5797359624307868,0.7252805233001709,0.5500834592784638,1.055655002593994,0.2880443509264151,0.7139110565185547,0.2713056896567204,0.6870424747467041,0.1718381628369431,1.6551189422607422,0.3010755450055604,1.062929630279541,0.2791440805422464,0.7361598014831543,0.1951961644337925,1.0983517169952393,0.1856822797001258,0.726752758026123,0.1111710671963095,1.7134990692138672,0.2033376712020229,0.7098748683929443,0.1870259076265078,1.0293359756469729,0.8885542168674698,0.5319168567657471,26366,0.5166232585906982,0.0,0.4994330406188965,0.0294639594154297,0.034712791442871,6.865993872445736,0.0038330554962158,0.054577226913432746,8.519340991973877,0.1746987951807229,0.0029108524322509,0,0,0,"['cluster','lip_cluster']","['intersecting','separated']"
figure_descending_markersize10_ecoliproteins_umap.png,ecoliproteins_umap,332,8,10,0.8988091946425036,0.9861347675323486,0.8875786906989285,1.052431344985962,1.0032368251362116,1.354640245437622,0.8543594948541899,0.6796770095825195,0.8484127185761823,1.0501410961151123,0.7547457316749384,0.6941745281219482,0.7507391389490238,1.0303308963775637,0.7607325583950252,1.3296856880187988,0.7433697972143165,1.0372803211212158,0.7354060950636516,0.6962063312530518,0.650484407944143,1.083523511886597,0.6504570441970601,0.7151546478271484,0.6126432865049007,1.3659017086029053,0.6579018756902213,1.0569205284118652,0.6489653963222176,0.6779072284698486,0.9879518072289156,0.5216801166534424,280,0.5189206600189209,0.0,0.5277881622314453,0.0294639594154297,0.0340652465820312,6.865993872445734,0.0037674903869628,0.02027337163131957,5.584615230560303,0.1746987951807229,0.0029678344726562,0,0,40,"['cluster','lip_cluster']","['intersecting','separated']"
figure_descending_markersize60_ecoliproteins_umap.png,ecoliproteins_umap,332,8,60,0.5542134035236002,0.7347416877746582,0.543418438611925,1.0873191356658936,0.989401959088428,1.3655741214752195,0.4825243112344574,1.119105339050293,0.5193790648372274,0.7406787872314453,0.3499647844110214,0.7301242351531982,0.354087515475573,1.142892837524414,0.4374875881479426,1.403432846069336,0.3293330244574332,1.1301817893981934,0.3436429336691394,0.7290918827056885,0.2557216689738891,0.7159113883972168,0.2625968644075223,1.1780710220336914,0.2808320838217086,1.4563732147216797,0.2499721436600835,0.7793588638305664,0.2567645572312204,0.7604727745056152,0.966867469879518,0.5827429294586182,6435,0.5603675842285156,0.0,0.5537319183349609,0.0294639594154297,0.0333833694458007,6.865993872445734,0.0037126541137695,0.0370446615840391,6.754714012145996,0.1746987951807229,0.0030198097229003,0,0,1296,"['cluster','lip_cluster']","['intersecting','separated']"
figure_descending_markersize110_ecoliproteins_umap.png,ecoliproteins_umap,332,8,110,0.3800668529432062,0.8059196472167969,0.388338558552781,0.8035886287689209,0.9809459510163396,1.467270851135254,0.3335446217829001,1.199049711227417,0.3702396159516498,0.7880580425262451,0.2304847111176318,0.8097498416900635,0.2405457761666425,0.8128437995910645,0.3320578293991356,1.4776861667633057,0.2185519406862676,1.2906451225280762,0.2315912514787399,0.8095331192016602,0.1653917965883183,0.7916088104248047,0.1742356636322021,1.230177402496338,0.1998551807952023,1.4981389045715332,0.1625212082208874,0.8247983455657959,0.1684933802793216,0.8182055950164795,0.9307228915662652,0.6254048347473145,16555,0.6118583679199219,0.0,0.6040911674499512,0.0294639594154297,0.035306692123413,6.865993872445734,0.0038437843322753,0.04734648421941624,7.370797634124756,0.1746987951807229,0.0028996467590332,0,0,4278,"['cluster','lip_cluster']","['intersecting','separated']"
figure_descending_markersize160_ecoliproteins_umap.png,ecoliproteins_umap,332,8,160,0.2898011896748951,0.8523321151733398,0.3058870574690139,0.8709867000579834,0.9753518216969284,1.539658784866333,0.257298217462976,0.8505234718322754,0.2942502175272322,0.8394870758056641,0.1759578861698131,0.8679234981536865,0.1881501408326397,0.8672339916229248,0.2848223063749576,2.02280855178833,0.1673586805307597,0.8867654800415039,0.1811953038829151,0.8821744918823242,0.1263309808662631,0.8880417346954346,0.1358579694721432,0.8671913146972656,0.1667597500551048,1.5346226692199707,0.124010392396761,0.8853516578674316,0.1309012666477005,0.8748044967651367,0.8885542168674698,0.666752815246582,26366,0.6565539836883545,0.0,0.6454010009765625,0.0294639594154297,0.03434419631958,6.865993872445734,0.0037848949432373,0.05457722691343273,8.175118923187256,0.1746987951807229,0.0029397010803222,1,0,8040,"['cluster','lip_cluster']","['intersecting','separated']"
figure_category_based_markersize10_ecoliproteins_tsne.png,ecoliproteins_tsne,332,8,10,0.9348020326764672,0.8167405128479004,0.9447501267268116,0.8184707164764404,1.0119732687179868,1.9705250263214111,0.9243840833055488,0.8397014141082764,0.9358780756846876,0.8133642673492432,0.928257028385268,0.831486701965332,0.9352980123016024,0.8533720970153809,0.9955066681615384,1.5175938606262207,0.9200483730832808,0.3240702152252197,0.92920892890076,0.860975980758667,0.9218030363976925,0.841008186340332,0.9260331589480066,0.8333063125610352,0.9795673690876296,1.4922964572906494,0.9157531452180436,0.8415937423706055,0.9226341593910216,0.8427190780639648,0.9969879518072288,0.6676278114318848,33,0.6700270175933838,0.0,0.673682689666748,0.0300069850672326,0.0348737239837646,10.776742719923272,0.0038425922393798,0.007574930272086679,6.836303472518921,0.1777108433734939,0.0030007362365722,0,0,16,['cluster'],"['intersecting','separated']"
figure_category_based_markersize60_ecoliproteins_tsne.png,ecoliproteins_tsne,332,8,60,0.812832101767371,0.3452627658843994,0.8390701061290238,0.8884990215301514,0.9555716902477248,2.0954477787017822,0.7877373145838693,0.9310977458953856,0.8076125646182186,0.9338557720184326,0.686985631674706,0.3343913555145263,0.6936900514788986,1.391688108444214,0.743108710026378,1.564277410507202,0.6752810865921903,0.912623405456543,0.6831100407253738,0.9136009216308594,0.5948830532816272,0.3461103439331054,0.5912484027168812,1.4483201503753662,0.607938842939094,1.5513486862182615,0.590921934653588,0.8908402919769287,0.5918670974288427,0.3256459236145019,0.9969879518072288,0.7210292816162109,2069,0.7004096508026123,0.0,0.6956782341003418,0.0300069850672326,0.0346662998199462,10.776742719923272,0.0037994384765625,0.01906536630771972,7.768961191177368,0.1777108433734939,0.0029575824737548,0,0,393,['cluster'],"['intersecting','separated']"
figure_category_based_markersize110_ecoliproteins_tsne.png,ecoliproteins_tsne,332,8,110,0.6552408692183163,0.908849000930786,0.69770714927327,0.9285292625427246,0.8483137753151943,1.617839813232422,0.6235475869664633,0.954291820526123,0.6417975684651838,0.9269697666168212,0.4600579336141033,0.9205472469329834,0.4665952394133306,1.4665100574493408,0.47211667989077,1.6240270137786863,0.4479382317308022,0.3737125396728515,0.4482598854132916,1.525214910507202,0.3544688643505163,0.3731031417846679,0.3504954287429989,1.538816213607788,0.3270718886027604,1.0418431758880615,0.349506822447305,1.493562936782837,0.3444031650481012,0.3495519161224365,0.9969879518072288,0.765925407409668,10294,0.7458388805389404,0.0,0.7366149425506592,0.0300069850672326,0.0348236560821533,10.776742719923272,0.0038313865661621,0.0284235022331478,8.494860410690308,0.1777108433734939,0.0029778480529785,0,0,1495,['cluster'],"['intersecting','separated']"
figure_category_based_markersize160_ecoliproteins_tsne.png,ecoliproteins_tsne,332,8,160,0.564715482299887,0.9691078662872314,0.6116000021322228,0.9874067306518556,0.7621060880818177,1.6747257709503174,0.5334236435149333,0.9966180324554444,0.5465380546556082,1.00350022315979,0.3508571194454832,0.9927794933319092,0.3572042277309213,0.9854793548583984,0.3431561913206747,1.640742540359497,0.3414614363381847,1.0153048038482666,0.3374675349103826,1.0135760307312012,0.2544838214886785,0.4023044109344482,0.2522715610881746,1.0045166015625,0.2214301658216693,2.282347679138184,0.2510989197234314,0.3812501430511474,0.2440931141968503,0.9829823970794678,0.9879518072289156,0.820307731628418,21923,0.7903532981872559,0.0,0.7739953994750977,0.0300069850672326,0.0347070693969726,10.776742719923272,0.0038623809814453,0.0354134821404999,9.500601053237917,0.1777108433734939,0.00295090675354,0,0,3013,['cluster'],"['intersecting','separated']"
figure_ascending_markersize10_ecoliproteins_tsne.png,ecoliproteins_tsne,332,8,10,0.9703808251415011,0.9584457874298096,0.9643407957477128,0.9662394523620604,0.9879065582496854,1.0039372444152832,0.9615003845497,1.5897822380065918,0.9560996704390607,0.3210124969482422,0.9633982132642284,0.9457268714904784,0.9546660743292534,0.9351773262023926,0.9721700790283788,1.6375272274017334,0.9569090157522268,0.9548137187957764,0.9491735958218768,0.9608473777770996,0.9565153736247574,0.9609746932983398,0.9451835474556964,0.9955801963806152,0.956927075612786,1.6514246463775637,0.9523612880837898,0.9610147476196288,0.942347145767897,0.9529657363891602,0.9969879518072288,0.8052482604980469,33,0.8289265632629395,0.0,0.1160533428192138,0.0300069850672326,0.035097599029541,10.776742719923272,0.0039393901824951,0.007574930272086678,5.849894762039185,0.1777108433734939,0.0030958652496337,0,0,0,['cluster'],"['intersecting','separated']"
figure_ascending_markersize60_ecoliproteins_tsne.png,ecoliproteins_tsne,332,8,60,0.8905296160487213,1.0359163284301758,0.8772940170216772,1.007981777191162,0.874754090650389,0.9957776069641112,0.8922405572144139,1.013988018035889,0.880814391250378,0.9967632293701172,0.746917039545684,1.0194694995880127,0.7213754135309418,1.0177063941955566,0.6863675704562373,1.6779887676239014,0.7554542117271108,1.0000824928283691,0.7371080063145747,1.0059826374053955,0.6431917672806639,1.0280215740203855,0.6125151026546427,0.3454053401947021,0.5647445256271535,1.6771361827850342,0.6550332989853374,1.0206587314605713,0.6337161285148644,1.0068626403808594,0.9969879518072288,0.8373539447784424,2069,0.8255565166473389,0.0,0.8244507312774658,0.0300069850672326,0.0337297916412353,10.776742719923272,0.0037145614624023,0.019065366307719718,5.92087721824646,0.1777108433734939,0.0030367374420166,0,0,0,['cluster'],"['intersecting','separated']"
figure_ascending_markersize110_ecoliproteins_tsne.png,ecoliproteins_tsne,332,8,110,0.7640418927529993,1.0542654991149902,0.7425832843727077,1.0569310188293457,0.7126248744452872,1.6849915981292725,0.784368437212704,1.0762097835540771,0.7632719229483247,1.070887565612793,0.5234537594834405,1.0781431198120115,0.4898044141797375,0.3709156513214111,0.4160022271397984,1.7440307140350342,0.5381303820526677,1.1082470417022705,0.5113531403425944,1.0688214302062988,0.3980973998436061,1.0629405975341797,0.3654153103103945,1.0782394409179688,0.2937371937958209,1.0477983951568604,0.4095573721989214,1.0791583061218262,0.3844612569831894,1.1051421165466309,0.9969879518072288,0.9281349182128906,10294,0.8887038230895996,0.0,0.1181201934814453,0.0300069850672326,0.034759521484375,10.776742719923272,0.0038671493530273,0.0284235022331478,7.251267671585083,0.1777108433734939,0.0029594898223876,0,0,0,['cluster'],"['intersecting','separated']"
figure_ascending_markersize160_ecoliproteins_tsne.png,ecoliproteins_tsne,332,8,160,0.6851989870863165,0.3969318866729736,0.6546613948839366,1.136115312576294,0.6002836915041915,1.792874097824097,0.7165953796623545,0.371854305267334,0.6885483455335952,1.0927410125732422,0.4115470069609193,1.1266231536865234,0.3768968995731561,1.1421031951904297,0.2950337984205763,1.8309688568115237,0.4269419108653217,0.3956081867218017,0.3978973925483466,1.1388089656829834,0.2940932448846011,1.117265701293945,0.2646214059441002,1.1261131763458252,0.1955796898632066,1.805138111114502,0.3040446716323906,0.4056878089904785,0.279791449754617,1.1365203857421875,0.9879518072289156,0.9645683765411376,21923,0.9277455806732178,0.0,0.12054443359375,0.0300069850672326,0.0347697734832763,10.776742719923272,0.0038454532623291,0.03541348214049988,8.369202852249146,0.1777108433734939,0.0029718875885009,0,0,0,['cluster'],"['intersecting','separated']"
figure_descending_markersize10_ecoliproteins_tsne.png,ecoliproteins_tsne,332,8,10,0.932048340815446,0.3247416019439697,0.9415638717490432,1.1385715007781982,1.0122009184270049,1.0086381435394287,0.9237393816658672,1.104682683944702,0.9349364581590373,1.0563786029815674,0.9251356114442696,1.087892770767212,0.9321412229515232,1.1122815608978271,0.9967610853727036,1.010472536087036,0.9191819030596752,1.123673915863037,0.928172888128591,1.0985865592956543,0.9183246665429212,1.112518548965454,0.9229052987992908,1.099527359008789,0.9817852052015498,0.9651045799255372,0.9146691743866882,1.1038503646850586,0.9215064740462968,1.1145999431610107,0.9969879518072288,0.9310266971588136,33,0.1171023845672607,0.0,0.9240808486938475,0.0300069850672326,0.0341734886169433,10.776742719923272,0.0038292407989501,0.007574930272086679,5.924031734466553,0.1777108433734939,0.0028622150421142,0,0,24,['cluster'],"['intersecting','separated']"
figure_descending_markersize60_ecoliproteins_tsne.png,ecoliproteins_tsne,332,8,60,0.7476994096791469,0.3351335525512695,0.7561581868628727,1.1522893905639648,1.0284249647816668,1.8248469829559328,0.7190076613768677,0.3481526374816894,0.7607633345676337,1.139939785003662,0.6326866236908764,1.1621713638305664,0.6340927342930824,1.1544547080993652,0.8016304432197037,0.9871950149536132,0.6203776005925585,1.1227941513061523,0.6472928070372985,1.1493816375732422,0.5483397793856304,1.1666269302368164,0.5459593556098312,0.3533110618591308,0.6567909192818586,1.828869104385376,0.5455426476577396,1.1542932987213137,0.5632779233025795,1.144512414932251,0.9969879518072288,0.1532130241394043,2069,0.94903564453125,0.0,0.9745104312896729,0.0300069850672326,0.0350205898284912,10.776742719923272,0.0038304328918457,0.019065366307719718,5.961439609527588,0.1777108433734939,0.0030806064605712,0,0,540,['cluster'],"['intersecting','separated']"
figure_descending_markersize110_ecoliproteins_tsne.png,ecoliproteins_tsne,332,8,110,0.5517608799188368,1.3195507526397705,0.5653967612540705,1.1607139110565186,1.0315327826442875,1.8375697135925293,0.5141717382101862,1.2276265621185305,0.563937119764987,0.3757896423339844,0.3950472624929881,1.2068779468536377,0.3980764277923626,1.2283217906951904,0.5471596009035324,1.045442819595337,0.3800141275032631,1.1848905086517334,0.4035998851088344,1.1720905303955078,0.307663332949312,1.224689245223999,0.3071732932513374,0.3819036483764648,0.372327228027982,1.8986947536468504,0.3013784966069209,1.235234260559082,0.3142524036042433,0.3682892322540283,0.9969879518072288,1.0408477783203125,10294,0.9977591037750244,0.0,0.1140317916870117,0.0300069850672326,0.033696174621582,10.776742719923272,0.0036680698394775,0.0284235022331478,7.453963756561279,0.1777108433734939,0.0029981136322021,0,0,2262,['cluster'],"['intersecting','separated']"
figure_descending_markersize160_ecoliproteins_tsne.png,ecoliproteins_tsne,332,8,160,0.4511990279015953,1.2684473991394043,0.4709747638744378,0.403860330581665,1.015401373640313,1.8940629959106443,0.4173867026919861,1.2312688827514648,0.4628573915750861,0.3938431739807129,0.2900131266008497,1.2538073062896729,0.2970252964731893,1.2694883346557615,0.4108182302413262,1.9518892765045168,0.2792198330172541,0.3993475437164306,0.2966405258917108,1.234083652496338,0.2136787411987029,1.249220848083496,0.2169114015060084,0.3911011219024658,0.2574996186172998,1.978602647781372,0.2097775106238391,1.294100046157837,0.2182608149442783,1.3195819854736328,0.9879518072289156,0.1832387447357177,21923,1.0509607791900637,0.0,1.0452723503112793,0.0300069850672326,0.0335090160369873,10.776742719923272,0.0037043094635009,0.035413482140499886,7.656706809997559,0.1777108433734939,0.0030450820922851,0,0,4585,['cluster'],"['intersecting','separated']"
figure_category_based_markersize10_UnEvenDensity-noName_pca.png,UnEvenDensity-noName_pca,905,2,10,1.0,1.2412540912628174,1.0,1.2224798202514648,1.0,0.4926271438598633,1.0,1.1842234134674072,1.0,1.205148696899414,0.4958559224879734,1.2612931728363037,0.4545827816100206,0.3245072364807129,0.3699592864668978,1.424955129623413,0.536360453319183,0.3345057964324951,0.5657690757011556,1.223104476928711,0.3296598576568266,1.21600079536438,0.2941489043868726,1.2249209880828855,0.2269632184002408,0.4952178001403808,0.3664566556263936,1.250532150268555,0.3944755799891459,1.261751413345337,0.5193370165745856,0.128213882446289,1750,1.067530632019043,0.3370165745856354,0.1166074275970459,0.0284857667884175,0.1409661769866943,3.100372502500746,0.009657859802246,-,15.0,0.0,0.0025513172149658,0,0,0,"['cluster',linear']",['separated']
figure_category_based_markersize60_UnEvenDensity-noName_pca.png,UnEvenDensity-noName_pca,905,2,60,1.0,1.2835633754730225,1.0,0.3583769798278808,1.0,1.4836971759796145,1.0,1.3130462169647217,1.0,0.3777446746826172,0.4209787225303963,1.350127935409546,0.3277699426672081,1.2990758419036863,0.2176929589868318,0.5355675220489502,0.5264794041208333,1.2672600746154783,0.4574579163413611,1.3329238891601562,0.2666073779607446,1.3365767002105713,0.1960076852045116,0.3780872821807861,0.1221411092350746,1.5100822448730469,0.3572935496070978,0.3897106647491455,0.2965610605944385,1.309908390045166,0.3425414364640884,1.122612714767456,11006,0.1363730430603027,0.3370165745856354,1.0805060863494873,0.0284857667884175,0.1351494789123535,3.100372502500746,0.0085828304290771,-,15.0,0.0,0.0024678707122802,0,0,0,"['cluster',linear']",['separated']
figure_category_based_markersize110_UnEvenDensity-noName_pca.png,UnEvenDensity-noName_pca,905,2,110,1.0,1.4169111251831057,1.0,0.4251072406768799,1.0,1.5495774745941162,1.0,0.4125275611877441,1.0,1.3541440963745115,0.3442200868833174,1.391726016998291,0.2707145180405408,0.4279758930206299,0.1752992583845922,1.5679090023040771,0.4131649308589732,1.4044325351715088,0.356199890413882,0.4167554378509521,0.2078900004502351,1.359088659286499,0.1565470368338449,1.4472887516021729,0.0960701414684579,0.6198654174804688,0.2603704309879063,1.4055638313293457,0.2166929472364905,0.4330065250396728,0.2784530386740331,1.2013351917266846,21229,1.1781713962554932,0.3370165745856354,0.1218855381011962,0.0284857667884175,0.1363177299499511,3.100372502500746,0.0087144374847412,-,15.0,0.0,0.0025315284729003,0,0,0,"['cluster',linear']",['separated']
figure_category_based_markersize160_UnEvenDensity-noName_pca.png,UnEvenDensity-noName_pca,905,2,160,1.0,1.4971346855163574,1.0,1.471100091934204,1.0,0.6624739170074463,1.0,1.4266197681427002,1.0,1.431899070739746,0.2867844760885477,0.4593319892883301,0.2393885426560544,1.4546144008636477,0.162837115120256,1.6755764484405518,0.3216097655291255,0.4866504669189453,0.2905502508759282,1.4992499351501465,0.1673954456318424,0.4684643745422363,0.1359689792188423,1.437037229537964,0.0886350995115574,1.666982889175415,0.1916179914086043,0.4777719974517822,0.1699671201360597,1.4820945262908936,0.2386740331491712,0.1813452243804931,30230,1.2026190757751465,0.3370165745856354,1.164719581604004,0.0284857667884175,0.1394984722137451,3.100372502500746,0.0090036392211914,-,15.0,0.0,0.0023729801177978,0,0,0,"['cluster',linear']",['separated']
figure_ascending_markersize10_UnEvenDensity-noName_pca.png,UnEvenDensity-noName_pca,905,2,10,1.0,1.3254427909851074,1.0,1.3447535037994385,1.0,0.5103309154510498,1.0,1.352975845336914,1.0,0.3142046928405761,0.5012250108052303,1.3015787601470947,0.4558732270294667,0.3098745346069336,0.3663978322328363,1.5267736911773682,0.5376137860392507,1.382812738418579,0.566682550930131,0.3348867893218994,0.3344231218286596,1.3476800918579102,0.2952627513573557,1.39093279838562,0.2202940674508524,0.4943809509277344,0.36762777227171,1.3619017601013184,0.3953643006982658,0.3277277946472168,0.5193370165745856,1.2041969299316406,1750,0.12833833694458,0.3370165745856354,1.1857335567474363,0.0284857667884175,0.1417403221130371,3.1003725025007465,0.0090405941009521,-,15.0,0.0,0.0024664402008056,0,0,0,"['cluster',linear']",['separated']
figure_ascending_markersize60_UnEvenDensity-noName_pca.png,UnEvenDensity-noName_pca,905,2,60,1.0,0.6576046943664551,1.0,0.6078314781188965,1.0,0.8881096839904785,1.0,0.7083489894866943,1.0,0.674755334854126,0.4376449370463994,0.6536691188812256,0.3308734215095256,0.7295408248901367,0.1990696149529851,0.8841073513031006,0.5315851692615595,0.6619317531585693,0.4591000542811014,0.6403536796569824,0.2801187434430178,0.757957935333252,0.1982401419567191,0.7608737945556641,0.1065128165978775,0.8900265693664551,0.3620129394867488,0.6885561943054199,0.2979428064467292,0.7796704769134521,0.3425414364640884,0.404620885848999,11006,0.3899762630462646,0.3370165745856354,0.2545242309570312,0.0284857667884175,0.1413908004760742,3.1003725025007465,0.0086123943328857,-,15.0,0.0,0.0026783943176269,0,0,0,"['cluster',linear']",['separated']
figure_ascending_markersize110_UnEvenDensity-noName_pca.png,UnEvenDensity-noName_pca,905,2,110,1.0,0.5341672897338867,1.0,0.7592575550079346,1.0,1.050288200378418,1.0,0.7992713451385498,1.0,0.8840525150299072,0.3650661563099294,0.7976193428039551,0.2744931289522541,0.7718663215637207,0.1475394810096183,0.963507890701294,0.4179796446513055,0.7836151123046875,0.3577854991321846,0.8184003829956055,0.2232910877213046,0.8596978187561035,0.1590796802948798,0.8689134120941162,0.0751786845084255,0.8788406848907471,0.2642062368149355,0.8269166946411133,0.2178677017789794,0.9584486484527588,0.2784530386740331,0.479715347290039,21229,0.3079097270965576,0.3370165745856354,0.4347758293151855,0.0284857667884175,0.1362688541412353,3.1003725025007465,0.0084438323974609,-,15.0,0.0,0.0025224685668945,0,0,0,"['cluster',linear']",['separated']
figure_ascending_markersize160_UnEvenDensity-noName_pca.png,UnEvenDensity-noName_pca,905,2,160,1.0,0.9412853717803956,1.0,0.7749290466308594,1.0,1.2408936023712158,1.0,0.7805907726287842,1.0,0.900111198425293,0.3077101461835675,0.9059617519378662,0.2435535204760526,0.9196109771728516,0.1254212939108153,1.110414981842041,0.3256864636008177,0.9370622634887696,0.2920828717176148,0.9391250610351562,0.1818306394082687,0.941457748413086,0.1386583377549323,0.9947192668914796,0.0619434928567509,1.1578376293182373,0.1945193994556401,0.9752888679504396,0.1710170047954001,0.847996711730957,0.2386740331491712,0.5762324333190918,30230,0.3699347972869873,0.3370165745856354,0.5302836894989014,0.0284857667884175,0.144536018371582,3.1003725025007465,0.009484052658081,-,15.0,0.0,0.0025062561035156,0,0,0,"['cluster',linear']",['separated']
figure_descending_markersize10_UnEvenDensity-noName_pca.png,UnEvenDensity-noName_pca,905,2,10,1.0,0.5289342403411865,1.0,0.910353660583496,1.0,0.8532905578613281,1.0,0.8651726245880127,1.0,0.8995270729064941,0.4907415258839591,0.7479145526885986,0.4532033008237007,0.7549586296081543,0.3748934790571729,0.9684221744537354,0.5356074736886973,0.900743007659912,0.5649866641729564,0.7208874225616455,0.3251540636015856,0.927044153213501,0.2929947426607781,0.9172616004943848,0.2337346781107886,0.9229214191436768,0.3657540338845167,0.7299554347991943,0.3937152708391638,0.740772008895874,0.5193370165745856,0.5919303894042969,1750,0.6130807399749756,0.3370165745856354,0.3652467727661133,0.0284857667884175,0.1419510841369629,3.100372502500746,0.0093812942504882,-,15.0,0.0,0.0028002262115478,0,0,0,"['cluster',linear']",['separated']
figure_descending_markersize60_UnEvenDensity-noName_pca.png,UnEvenDensity-noName_pca,905,2,60,1.0,0.6067888736724854,1.0,0.984300136566162,1.0,0.9700419902801514,1.0,0.7899949550628662,1.0,1.0096824169158936,0.4013017744834406,0.8077747821807861,0.3243961687087782,1.032442331314087,0.2319889903366411,1.007863998413086,0.5203797221552744,0.8253896236419678,0.455415991273718,0.821160078048706,0.2510178394385689,0.8269500732421875,0.1935995625283323,0.842066764831543,0.1346848042969086,1.056379318237305,0.3516981552275563,0.9062585830688475,0.2948470194568892,0.8428609371185303,0.3425414364640884,0.6800827980041504,11006,0.4012250900268554,0.3370165745856354,0.3781778812408447,0.0284857667884175,0.1331524848937988,3.100372502500746,0.0085022449493408,-,15.0,0.0,0.0024135112762451,0,0,0,"['cluster',linear']",['separated']
figure_descending_markersize110_UnEvenDensity-noName_pca.png,UnEvenDensity-noName_pca,905,2,110,1.0,0.6850111484527588,1.0,0.9075682163238524,1.0,1.0886030197143557,1.0,1.1629362106323242,1.0,0.919248104095459,0.3222425952225832,0.9204845428466796,0.2666310669956747,0.671971321105957,0.2011078641489673,1.3458502292633057,0.4059295914545464,0.9450993537902832,0.3539276970944399,0.9498615264892578,0.1920674552262425,0.6985194683074951,0.153822456327022,0.9538476467132568,0.1145377750606414,1.1280441284179688,0.2546497251805497,0.945525884628296,0.2150134574706744,0.951181411743164,0.2784530386740331,0.4813075065612793,21229,0.4484341144561767,0.3370165745856354,0.7162876129150391,0.0284857667884175,0.1400830745697021,3.100372502500746,0.0088512897491455,-,15.0,0.0,0.0025615692138671,0,0,0,"['cluster',linear']",['separated']
figure_descending_markersize160_UnEvenDensity-noName_pca.png,UnEvenDensity-noName_pca,905,2,160,1.0,0.739783525466919,1.0,1.000274896621704,1.0,1.18739652633667,1.0,1.033935546875,1.0,1.1159179210662842,0.2660507594255589,0.81443190574646,0.235088293285953,1.0720462799072266,0.1970530802141044,1.206108570098877,0.3150580426128685,1.308889865875244,0.2882207505899062,0.7567591667175293,0.1534363020554274,1.0440115928649902,0.1332011637701955,1.070282220840454,0.1111840169727302,1.258998155593872,0.1869845078233049,1.0795702934265137,0.1683749529556639,0.7818877696990967,0.2386740331491712,0.8266501426696777,30230,0.4966077804565429,0.3370165745856354,0.451345682144165,0.0284857667884175,0.1368591785430908,3.100372502500746,0.0085577964782714,-,15.0,0.0,0.0024740695953369,0,0,0,"['cluster',linear']",['separated']
figure_category_based_markersize10_twosquare_pca.png,twosquare_pca,968,4,10,0.7165919424845402,0.9794754981994628,0.6847450262438548,0.6527566909790039,0.9453787884209596,1.325664758682251,0.6988215562284171,0.9497663974761964,0.697771128663101,0.6295294761657715,0.7165919424845402,0.9477035999298096,0.6847450262438548,0.9615871906280518,0.9453787884209596,1.0065836906433103,0.6988215562284171,0.959064483642578,0.697771128663101,0.9532649517059326,0.7165919424845402,1.0590872764587402,0.6847450262438548,1.0455584526062012,0.9453787884209596,1.029799461364746,0.6988215562284171,1.0008690357208252,0.697771128663101,0.6635966300964355,1.0,0.5424885749816895,704,0.864013671875,0.0,0.5094444751739502,0.0289856347290432,0.1065030097961425,11.583686084794715,0.0094759464263916,-,15.0,0.2272727272727272,0.0043134689331054,0,0,0,['cluster'],['intersecting']
figure_category_based_markersize60_twosquare_pca.png,twosquare_pca,968,4,60,0.3479627018619402,1.0871379375457764,0.3408219038322757,0.7354574203491211,0.4500862708360194,1.4601354598999023,0.3596295683037956,0.7658460140228271,0.360557441740965,1.0865519046783447,0.3479627018619402,0.7609343528747559,0.3408219038322757,1.079423904418945,0.4500862708360194,1.4708709716796875,0.3596295683037956,0.7508256435394287,0.360557441740965,1.1365983486175537,0.3479627018619402,0.7825276851654053,0.3408219038322757,0.7691736221313477,0.4500862708360194,1.5336763858795166,0.3596295683037956,1.1418867111206057,0.360557441740965,0.756293773651123,1.0,0.7676587104797363,15840,0.9348268508911132,0.0,0.5315709114074707,0.0289856347290432,0.1056158542633056,11.583686084794715,0.0093762874603271,-,15.0,0.2272727272727272,0.0044100284576416,0,0,0,['cluster'],['intersecting']
figure_category_based_markersize110_twosquare_pca.png,twosquare_pca,968,4,110,0.2638594677078578,0.5005795955657959,0.2638571892263113,1.4035313129425049,0.2639155786533205,1.2006523609161377,0.2835321945458013,1.2307085990905762,0.2850567624536455,0.8820171356201172,0.2385284394710758,1.2586946487426758,0.2378682922535857,1.261472225189209,0.2473858093757472,1.2634639739990234,0.2563406840810489,0.865999698638916,0.2577225574927453,1.2297017574310305,0.2176350466374665,0.8909311294555664,0.2165399568548849,1.2475101947784424,0.2328046070784106,1.2648539543151855,0.2339082456113366,1.3293964862823486,0.2351718375796169,1.2796595096588137,0.6818181818181818,0.7962090969085693,48356,0.6095490455627441,0.0,0.5635085105895996,0.0289856347290432,0.1027059555053711,11.583686084794715,0.0092322826385498,-,15.0,0.2272727272727272,0.0043439865112304,0,0,294,['cluster'],['intersecting']
figure_category_based_markersize160_twosquare_pca.png,twosquare_pca,968,4,160,0.2314382903432259,0.9600996971130372,0.2344461856945657,1.3635611534118652,0.2044158163709543,1.3506882190704346,0.2548169788124552,1.3489038944244385,0.2566277370771849,1.00128436088562,0.2067444703754066,1.4531981945037842,0.208650007457365,0.9945523738861084,0.1879715640917311,1.815998077392578,0.2274699755491842,1.1532330513000488,0.2290744840544871,0.9598772525787354,0.1868121365317574,1.3951714038848877,0.1879678529447368,1.0067710876464844,0.1739760426734163,1.4149188995361328,0.205423851455386,1.4587678909301758,0.2068641763981732,1.0497820377349854,0.5909090909090909,1.3049838542938232,76296,0.1821010112762451,0.0,0.5934879779815674,0.0289856347290432,0.1023685932159423,11.583686084794715,0.0090944766998291,-,15.0,0.2272727272727272,0.004582405090332,0,0,714,['cluster'],['intersecting']
figure_ascending_markersize10_twosquare_pca.png,twosquare_pca,968,4,10,0.7165919424845408,0.3499965667724609,0.6847382351777461,0.7890326976776123,1.0048046939668966,1.6027882099151611,0.6988215562284171,0.7971909046173096,0.697771128663101,0.7753655910491943,0.7165919424845402,0.7761414051055908,0.6847381389348333,1.250718355178833,1.0048046939668966,1.1899049282073977,0.6988215562284171,0.812981128692627,0.697771128663101,0.7987513542175293,0.7165919424845402,1.269268274307251,0.6847381389348333,0.8128354549407959,1.0048046939668966,1.1614875793457031,0.6988215562284171,0.8002622127532959,0.697771128663101,0.7903580665588379,1.0,1.1674835681915283,704,0.1347148418426513,0.0,0.6123991012573242,0.0289856347290432,0.1076126098632812,11.583686084794715,0.0094900131225585,-,15.0,0.2272727272727272,0.0042660236358642,0,0,0,['cluster'],['intersecting']
figure_ascending_markersize60_twosquare_pca.png,twosquare_pca,968,4,60,0.3660060262459608,0.4200539588928222,0.3436998093792682,1.3724522590637207,0.718310554281542,1.252371311187744,0.3596295683037956,0.8938848972320557,0.360557441740965,1.3732590675354004,0.3660060262459608,0.9131641387939452,0.3437071393637962,0.90730619430542,0.718310554281542,1.2899224758148191,0.3596295683037956,0.8939573764801025,0.360557441740965,1.3672921657562256,0.3660060262459608,0.9159882068634032,0.3437071393637962,0.9179928302764891,0.718310554281542,1.280193567276001,0.3596295683037956,1.3883140087127686,0.360557441740965,0.9145324230194092,1.0,0.9199910163879396,15840,0.6830503940582275,0.0,0.6651608943939209,0.0289856347290432,0.1039202213287353,11.583686084794715,0.0090680122375488,-,15.0,0.2272727272727272,0.0043292045593261,0,0,0,['cluster'],['intersecting']
figure_ascending_markersize110_twosquare_pca.png,twosquare_pca,968,4,110,0.2898004252751771,1.0014262199401855,0.2676834520166725,1.559178590774536,0.5314062297480584,1.467756748199463,0.2845242298646453,1.057816743850708,0.2851372636104792,1.0091283321380615,0.257923897724852,1.061600923538208,0.2367050055241663,1.050607442855835,0.4889675718787085,1.937335968017578,0.2574380372453154,1.0520117282867432,0.2579294114810332,1.1317737102508545,0.2323649692424308,1.0331547260284424,0.2121484883340876,1.042289972305298,0.4528060098609,1.4543607234954834,0.2350606847524802,1.040295124053955,0.235461618857511,1.0474212169647217,0.6818181818181818,0.9635624885559082,48356,0.7548246383666992,0.0,0.720313310623169,0.0289856347290432,0.1029295921325683,11.583686084794715,0.008882999420166,-,15.0,0.2272727272727272,0.0041255950927734,0,0,0,['cluster'],['intersecting']
figure_ascending_markersize160_twosquare_pca.png,twosquare_pca,968,4,160,0.2603496113411606,0.5749478340148926,0.2386848981404287,1.1506052017211914,0.4696221380580505,1.5346660614013672,0.2562650274573262,1.1484222412109375,0.2567236369775439,1.6969325542449951,0.2245524058402022,0.5848431587219238,0.2039194925041992,1.7142293453216553,0.4113925647955271,1.5649666786193848,0.2289262777922659,1.2254066467285156,0.2292952866153874,1.2924938201904297,0.1974092857374306,1.2306618690490725,0.1779901024360494,1.1963443756103516,0.3660100966181202,1.5852866172790527,0.2068583128877748,1.1801066398620603,0.2071620912203553,1.1699693202972412,0.5909090909090909,1.0285930633544922,76296,0.8267173767089844,0.0,0.7713994979858398,0.0289856347290432,0.1149170398712158,11.583686084794715,0.0099508762359619,-,15.0,0.2272727272727272,0.0040221214294433,0,0,0,['cluster'],['intersecting']
figure_descending_markersize10_twosquare_pca.png,twosquare_pca,968,4,10,0.6532724359998228,0.350435733795166,0.6733152431436901,0.9625194072723388,0.6084487677271342,1.3585426807403564,0.6491085655821007,0.9504439830780028,0.6552120263706269,0.963343858718872,0.6532724359998227,0.9692728519439696,0.673280201422377,0.9599347114562988,0.6084487677271342,1.3438324928283691,0.6491085655821007,0.9762580394744872,0.6552120263706269,0.959226369857788,0.6532724359998227,0.9798996448516846,0.673280201422377,0.9736723899841307,0.6084487677271342,1.3774325847625732,0.6491085655821007,0.9860825538635254,0.6552120263706269,0.9455928802490234,1.0,0.811800479888916,704,0.1347074508666992,0.0,0.7736983299255371,0.0289856347290432,0.1074550151824951,11.583686084794715,0.0092444419860839,-,15.0,0.2272727272727272,0.0046207904815673,0,0,704,['cluster'],['intersecting']
figure_descending_markersize60_twosquare_pca.png,twosquare_pca,968,4,60,0.2955212655232065,1.7037286758422852,0.3311005718207407,1.0847082138061523,0.1956295844430889,0.7933921813964844,0.3053803253124405,1.668731451034546,0.3121586143955532,1.0946073532104492,0.2955212655232065,0.4403660297393799,0.3310792938806391,1.0460877418518066,0.1956295844430889,2.119995355606079,0.3053803253124405,0.4349479675292969,0.3121586143955532,1.702244520187378,0.2955212655232065,0.4191994667053222,0.3310792938806391,1.6969380378723145,0.1956295844430889,1.4916470050811768,0.3053803253124405,0.4346694946289062,0.3121586143955532,1.063547134399414,1.0,1.1060991287231443,15840,0.8458011150360107,0.0,0.839745044708252,0.0289856347290432,0.1048722267150878,11.583686084794715,0.0091593265533447,-,15.0,0.2272727272727272,0.0041215419769287,0,0,15840,['cluster'],['intersecting']
figure_descending_markersize110_twosquare_pca.png,twosquare_pca,968,4,110,0.2193867237345393,0.5149915218353271,0.2554885474397634,1.330458164215088,0.1104523784641839,1.6836764812469482,0.2367087938117472,1.3820455074310305,0.2425772283158125,1.1764061450958252,0.1892533379898529,1.213092565536499,0.2173350682325379,1.231781244277954,0.0983320597857839,0.9107117652893066,0.2026898428011452,1.8893625736236568,0.2074703955741904,0.5108351707458496,0.1663980905750598,1.1669931411743164,0.1891068607704764,1.1420292854309082,0.0886087206679394,2.1962931156158447,0.1772203592905814,0.5291938781738281,0.1812404836068853,1.1647789478302002,0.6818181818181818,1.1111946105957031,48356,0.8963148593902588,0.0,0.8599503040313721,0.0289856347290432,0.1086933612823486,11.583686084794715,0.0095529556274414,-,15.0,0.2272727272727272,0.0043234825134277,0,0,36764,['cluster'],['intersecting']
figure_descending_markersize160_twosquare_pca.png,twosquare_pca,968,4,160,0.1910718065142915,0.5646708011627197,0.2266999814103664,1.3204052448272705,0.0782078546694959,1.6999521255493164,0.2116126623873957,0.5960679054260254,0.2170642458303557,1.3025879859924316,0.1529494655574407,0.604135274887085,0.1785855574061119,1.2851793766021729,0.0660871780611389,1.7131032943725586,0.1672194448542016,1.33068585395813,0.1712548565298579,1.2576110363006592,0.1275090616925082,1.3536872863769531,0.147326597110139,1.3078737258911133,0.0572193120402235,1.7258498668670654,0.1382224187175286,1.2735774517059326,0.1414113144474669,1.286795139312744,0.5909090909090909,1.198648452758789,76296,0.9518063068389891,0.0,0.1368341445922851,0.0289856347290432,0.1061840057373046,11.583686084794715,0.0093770027160644,-,15.0,0.2272727272727272,0.0042331218719482,0,0,56372,['cluster'],['intersecting']
figure_category_based_markersize10_JavierGeneratedData_3dinterleaved_4classes_pca.png,JavierGeneratedData_3dinterleaved_4classes_pca,400,4,10,0.9334049404186604,0.314479112625122,0.9484072429213212,1.0394539833068848,0.9702304781392708,1.4421448707580566,0.9541288107866314,1.076359510421753,0.9455403365042648,1.0984551906585691,0.8502931758276053,0.348757266998291,0.8508932440621042,1.0412254333496094,0.8414028627180381,1.3919298648834229,0.8895872583062757,1.0341253280639648,0.8778034805049647,1.036076307296753,0.7807720691753648,1.099412441253662,0.7715622203518149,1.0848352909088137,0.74277666174862,1.46077299118042,0.8332242337320718,0.3386521339416504,0.8191229453122808,1.0354299545288086,0.995,0.8922684192657471,183,0.9535677433013916,0.0,0.9421043395996094,0.0305828601494793,0.0490360260009765,11.607025593739111,0.0044252872467041,0.012831513178000643,9.567808628082275,0.12,0.0021913051605224,0,0,32,"['lip_cluster','linear','cluster']","['intersecting','separated']"
figure_category_based_markersize60_JavierGeneratedData_3dinterleaved_4classes_pca.png,JavierGeneratedData_3dinterleaved_4classes_pca,400,4,60,0.8257590152689661,1.0867795944213867,0.8596526804905442,1.093496322631836,0.9048772681154248,1.4636201858520508,0.8376603814112129,1.1562492847442627,0.840370771847615,1.1495745182037354,0.5946268565316064,0.3690447807312011,0.5951100784703203,1.1120848655700684,0.583225267583023,1.4414262771606443,0.6353892360530583,1.1053190231323242,0.6332824493460754,1.1399564743041992,0.4645875560117812,1.1636765003204346,0.4550703797665597,1.1648259162902832,0.4302769614362538,0.7192435264587402,0.5118033025407214,1.1045587062835691,0.5080790874083652,1.0961859226226809,0.9925,0.9621796607971193,4028,0.9453330039978028,0.0,0.1202523708343505,0.0305828601494793,0.0508661270141601,11.607025593739111,0.0044755935668945,0.023119168716187466,11.91059923171997,0.12,0.0020811557769775,0,0,543,"['lip_cluster','linear','cluster']","['intersecting','separated']"
figure_category_based_markersize110_JavierGeneratedData_3dinterleaved_4classes_pca.png,JavierGeneratedData_3dinterleaved_4classes_pca,400,4,110,0.7331162441085286,1.2043378353118896,0.7782728219305314,1.216088056564331,0.8364386480212049,1.5843393802642822,0.7189252784623693,0.4020712375640869,0.7415074262587735,1.1609773635864258,0.4591163563700834,1.2354731559753418,0.4606067054197189,1.2664759159088137,0.4472345457407066,1.596564769744873,0.4821213704310445,0.4024512767791748,0.488800494772552,1.1782495975494385,0.3342073949044488,1.2346115112304688,0.327096399126903,1.1788272857666016,0.3052147607413734,1.5415098667144775,0.3626647018716756,1.2116813659667969,0.3645584013239245,1.223564863204956,0.975,0.2090787887573242,12339,0.9929778575897216,0.0,1.0009050369262695,0.0305828601494793,0.0529754161834716,11.607025593739111,0.0047652721405029,0.029776508008797723,12.991782188415527,0.12,0.0019588470458984,0,0,1602,"['lip_cluster','linear','cluster']","['intersecting','separated']"
figure_category_based_markersize160_JavierGeneratedData_3dinterleaved_4classes_pca.png,JavierGeneratedData_3dinterleaved_4classes_pca,400,4,160,0.6681224942931774,0.3973875045776367,0.7182654035935105,1.2016232013702393,0.7830238391266402,1.5746431350708008,0.6402821421540208,1.2780401706695557,0.6731252676433694,1.272451639175415,0.386926568026547,0.4314630031585693,0.389559816843596,1.2384822368621826,0.3779885279529706,1.6039369106292725,0.400855349143236,1.2756762504577637,0.4094744463915538,0.4403259754180908,0.2723157353101318,1.2366068363189695,0.2672541471060222,1.2600224018096924,0.2491239836238366,1.6213138103485107,0.2917561836464032,1.256067991256714,0.2942299655038279,0.4111158847808838,0.95,1.1065242290496826,22206,1.0800869464874268,0.0,0.1257057189941406,0.0305828601494793,0.0514180660247802,11.607025593739111,0.0045552253723144,0.0348090270992294,14.723453998565674,0.12,0.0023126602172851,1,0,3006,"['lip_cluster','linear','cluster']","['intersecting','separated']"
figure_ascending_markersize10_JavierGeneratedData_3dinterleaved_4classes_pca.png,JavierGeneratedData_3dinterleaved_4classes_pca,400,4,10,0.9453459974053512,1.2056939601898191,0.950357862385216,1.1412334442138672,0.9494086471551266,1.5346107482910156,0.9599552703611508,1.1924488544464111,0.9661353404981536,0.3402426242828369,0.8636305581366881,1.143794298171997,0.8544786514719364,1.169797658920288,0.8247670258650159,1.5413217544555664,0.8961693847392378,1.1982498168945312,0.8967335556688045,0.318857192993164,0.7949180664550644,1.188122034072876,0.7761725572450514,1.2105491161346436,0.7290542810237072,1.5764851570129397,0.8403320692823383,0.3362288475036621,0.8366343976979099,1.1750025749206543,0.995,1.0212347507476809,183,0.1161816120147705,0.0,1.0066657066345217,0.0305828601494793,0.0485131740570068,11.607025593739111,0.0043404102325439,0.012831513178000643,8.39883542060852,0.12,0.0019915103912353,0,0,0,"['lip_cluster','linear','cluster']","['intersecting','separated']"
figure_ascending_markersize60_JavierGeneratedData_3dinterleaved_4classes_pca.png,JavierGeneratedData_3dinterleaved_4classes_pca,400,4,60,0.8576839153597086,0.3579905033111572,0.8652745093695062,1.2112038135528564,0.8515265800857879,1.5390198230743408,0.8532128967017834,1.2474920749664309,0.8759944185193478,1.303391933441162,0.6256929035251699,0.3697137832641601,0.6065671278806823,1.3348300457000732,0.5611667162773276,1.5991952419281006,0.6521329301453029,1.3509564399719238,0.6591481174448275,0.3551032543182373,0.4924833323365882,1.254899024963379,0.4669533185946807,1.2642033100128174,0.4184727626154947,0.7036540508270264,0.5277549016544903,1.2425012588500977,0.5283570254170143,1.2708652019500732,0.9925,1.1075403690338137,4028,0.1298391819000244,0.0,1.046158790588379,0.0305828601494793,0.0484118461608886,11.607025593739111,0.0042815208435058,0.023119168716187466,8.97899603843689,0.12,0.0019671916961669,0,0,0,"['lip_cluster','linear','cluster']","['intersecting','separated']"
figure_ascending_markersize110_JavierGeneratedData_3dinterleaved_4classes_pca.png,JavierGeneratedData_3dinterleaved_4classes_pca,400,4,110,0.7743008693141551,1.262366771697998,0.7860832694852182,1.2668890953063965,0.7663817538477917,1.650381326675415,0.7393331774615438,0.389857530593872,0.7774912339429226,1.258110523223877,0.4902061667077213,1.2743737697601318,0.470097963565905,1.340449333190918,0.4211954356487526,0.7355904579162598,0.4985677562022389,1.2615010738372805,0.5089601030036297,1.2735483646392822,0.358624951856304,1.3241395950317385,0.3353113884429367,0.3941686153411865,0.2903974167688923,1.6527292728424072,0.3760924501411881,1.3120887279510498,0.3783016805348721,1.3216686248779297,0.975,0.1979937553405761,12339,1.1428029537200928,0.0,1.106400728225708,0.0305828601494793,0.0486476421356201,11.607025593739111,0.0043261051177978,0.029776508008797723,9.840386867523192,0.12,0.0020868778228759,0,0,0,"['lip_cluster','linear','cluster']","['intersecting','separated']"
figure_ascending_markersize160_JavierGeneratedData_3dinterleaved_4classes_pca.png,JavierGeneratedData_3dinterleaved_4classes_pca,400,4,160,0.7150170689579709,1.415668487548828,0.7274062143949149,1.377157211303711,0.7020486970479599,0.758507251739502,0.6638806376252069,1.3406317234039309,0.7090017607402512,1.3559274673461914,0.4175478300209909,1.3757424354553225,0.3979718442552247,0.4128265380859375,0.3494865753581789,1.678403615951538,0.4159332587183149,1.3535685539245603,0.4258630319874534,0.4178276062011719,0.294871963446186,1.350385665893555,0.2739175585246259,1.3813951015472412,0.2326513160178234,0.7700562477111816,0.3028312708109503,1.3523335456848145,0.3043295205778368,1.363030195236206,0.95,0.208688735961914,22206,1.1243972778320312,0.0,0.1194179058074951,0.0305828601494793,0.0492599010467529,11.607025593739111,0.0043768882751464,0.03480902709922941,13.286041736602783,0.12,0.0019822120666503,0,0,0,"['lip_cluster','linear','cluster']","['intersecting','separated']"
figure_descending_markersize10_JavierGeneratedData_3dinterleaved_4classes_pca.png,JavierGeneratedData_3dinterleaved_4classes_pca,400,4,10,0.9320689649535,0.3280582427978515,0.9481787540484288,1.316711664199829,0.9735138519895994,0.6748108863830566,0.95383777962178,1.2572236061096191,0.9455375291068672,1.3054862022399902,0.8483517127651415,0.3283615112304687,0.8504934356358117,1.2919371128082275,0.8447031289958484,1.645568609237671,0.888708398546593,0.3424127101898193,0.8775876394336091,1.4380125999450684,0.7784337781806178,1.336707353591919,0.7710560362112138,1.3271222114562988,0.745996429326486,0.6571202278137207,0.8319047740666146,1.3129825592041016,0.8187492343649952,0.3197364807128906,0.995,1.1217079162597656,183,1.1365370750427246,0.0,0.1166434288024902,0.0305828601494793,0.0501716136932373,11.607025593739111,0.0043942928314208,0.012831513178000638,8.535133600234985,0.12,0.001889944076538,0,0,32,"['lip_cluster','linear','cluster']","['intersecting','separated']"
figure_descending_markersize60_JavierGeneratedData_3dinterleaved_4classes_pca.png,JavierGeneratedData_3dinterleaved_4classes_pca,400,4,60,0.8156534124701184,0.3551909923553467,0.857716994766556,1.3212409019470217,0.934888850345568,1.693389654159546,0.8353749691098089,0.3649303913116455,0.839983560570359,1.3048651218414309,0.5853562239248555,1.359313726425171,0.5938900755640926,1.360344648361206,0.6033270661836225,0.6851954460144043,0.6311871783592946,1.3665931224822998,0.6324824331625979,0.3596277236938476,0.4564726107441761,1.337482452392578,0.4541860594935121,1.3717381954193115,0.4453736544623486,0.7000143527984619,0.5072112911155501,1.344921350479126,0.507191038020425,1.3564109802246094,0.9925,0.1588518619537353,4028,1.159498691558838,0.0,0.1153161525726318,0.0305828601494793,0.050530195236206,11.607025593739111,0.0044813156127929,0.02311916871618747,10.059179782867432,0.12,0.0021111965179443,0,0,590,"['lip_cluster','linear','cluster']","['intersecting','separated']"
figure_descending_markersize110_JavierGeneratedData_3dinterleaved_4classes_pca.png,JavierGeneratedData_3dinterleaved_4classes_pca,400,4,110,0.7184016885509629,0.6720349788665771,0.7742859699188122,0.6171393394470215,0.8904546713812619,1.0610404014587402,0.7133887112524222,0.7022078037261963,0.7387587778759708,0.6708559989929199,0.4464173061636182,0.655707597732544,0.4579908136373681,0.7503652572631836,0.4726996270622123,1.0629889965057373,0.4742764725339847,0.6606738567352295,0.485773626450524,0.6479156017303467,0.32382013030784,0.7492101192474365,0.3251622945159959,0.7663307189941406,0.3217508523489263,1.0712482929229736,0.3552158992898855,0.6886453628540039,0.3618570479717956,0.6838598251342773,0.975,0.4435417652130127,12339,0.2547299861907959,0.0,0.3568055629730224,0.0305828601494793,0.0492951869964599,11.607025593739111,0.004270315170288,0.029776508008797723,10.132947206497192,0.12,0.0022826194763183,0,0,1909,"['lip_cluster','linear','cluster']","['intersecting','separated']"
figure_descending_markersize160_JavierGeneratedData_3dinterleaved_4classes_pca.png,JavierGeneratedData_3dinterleaved_4classes_pca,400,4,160,0.649927455854914,0.5207269191741943,0.7126877415915169,0.8480820655822754,0.8537155114768569,1.081881046295166,0.6315547676006281,0.6357088088989258,0.668127529029436,0.8679289817810059,0.3718943681650755,0.7813103199005127,0.3856511152338681,0.7852602005004883,0.4052327588882021,1.1691410541534424,0.3913748877648503,0.7796330451965332,0.4051853947889082,0.7818090915679932,0.2604683595974982,0.7752857208251953,0.2643477741128729,0.7812726497650146,0.2656688321341631,1.2714591026306152,0.2835434808217644,0.7236771583557129,0.2907575311479606,0.9772262573242188,0.95,0.560612678527832,22206,0.308746337890625,0.0,0.4369986057281494,0.0305828601494793,0.0499405860900878,11.607025593739111,0.0043506622314453,0.03480902709922941,12.055670261383057,0.12,0.002063512802124,1,0,3775,"['lip_cluster','linear','cluster']","['intersecting','separated']"
figure_category_based_markersize10_grid6_3d_umap.png,grid6_3d_umap,216,8,10,1.0,0.6251325607299805,1.0,0.7002804279327393,1.0,1.5265369415283203,1.0,0.6266484260559082,1.0,0.7821378707885742,0.9520586119813376,0.8385248184204102,0.9605096176018896,0.7999260425567627,0.9543307459047204,1.4695367813110352,0.958231449711927,0.7913811206817627,0.9597963884206018,0.8030955791473389,0.9085036843342832,0.6413924694061279,0.9240197253061524,0.7932388782501221,0.9126506705319684,1.4483609199523926,0.9198122264748289,0.6584441661834717,0.9227004960723896,0.8093228340148926,1.0,0.4800100326538086,29,0.4920930862426758,0.0,0.5036590099334717,0.0299757616937021,0.0224037170410156,13.346525175729688,0.0027883052825927,0.009118219533284606,3.094428539276123,0.0,0.0023236274719238,0,0,0,['cluster'],['separated']
figure_category_based_markersize60_grid6_3d_umap.png,grid6_3d_umap,216,8,60,1.0,0.7121961116790771,1.0,0.8557655811309814,1.0,1.5210468769073486,1.0,0.718198299407959,1.0,0.7205817699432373,0.7512700058398787,0.9071195125579834,0.7776049780126377,0.7381696701049805,0.7870851469408585,1.3859329223632812,0.759962616617443,0.724414587020874,0.7714492670209592,0.8928709030151367,0.6016272607795992,0.7206161022186279,0.6361323173162243,0.9492781162261964,0.6489203631695327,1.416196346282959,0.612854601644692,0.7584793567657471,0.6279343997055107,0.7376527786254883,1.0,0.6089048385620117,1172,0.3635213375091553,0.0,0.6032443046569824,0.0299757616937021,0.0229191780090332,13.346525175729688,0.0028631687164306,0.019238014602786322,3.5365781784057617,0.0,0.0020160675048828,0,0,0,['cluster'],['separated']
figure_category_based_markersize110_grid6_3d_umap.png,grid6_3d_umap,216,8,110,1.0,0.7658309936523438,1.0,1.0071682929992676,1.0,1.4925944805145264,1.0,0.8479399681091309,1.0,0.7869844436645508,0.6115124925676853,1.0155041217803955,0.6324463247792755,0.5990729331970215,0.6313039599595349,1.6737887859344482,0.6198371151167137,0.7913589477539062,0.6286579544636712,0.7938652038574219,0.4404162725947284,0.8107147216796875,0.4624654492462229,1.0548598766326904,0.461244820976373,1.505359172821045,0.4491043208781333,0.5970959663391113,0.4584253480084937,1.045928955078125,1.0,0.3865652084350586,4403,0.6291875839233398,0.0,0.3716530799865722,0.0299757616937021,0.0223689079284667,13.346525175729688,0.0028269290924072,0.025712552108208022,4.033437967300415,0.0,0.0021979808807373,0,0,0,['cluster'],['separated']
figure_category_based_markersize160_grid6_3d_umap.png,grid6_3d_umap,216,8,160,1.0,0.8526253700256348,1.0,1.097614288330078,1.0,1.54087495803833,1.0,0.8683140277862549,1.0,0.8789918422698975,0.5253041039699194,0.627392053604126,0.5405132820179158,0.8681132793426514,0.5340828002765781,1.7996151447296145,0.5312770015300562,0.6468074321746826,0.537769329404944,0.8821077346801758,0.356211816540652,1.1555180549621582,0.3703447762547921,0.6343750953674316,0.3643335383317317,1.803725242614746,0.3617271616795808,0.6767838001251221,0.3677732523460874,0.942725419998169,1.0,0.7724251747131348,9004,0.4582915306091308,0.0,0.4112617969512939,0.0299757616937021,0.0222864151000976,13.346525175729688,0.0027847290039062,0.030223490185479828,4.596623659133911,0.0,0.0020792484283447,0,0,0,['cluster'],['separated']
figure_ascending_markersize10_grid6_3d_umap.png,grid6_3d_umap,216,8,10,1.0,0.8636453151702881,1.0,0.6007447242736816,1.0,1.851691484451294,1.0,0.6157376766204834,1.0,0.8806993961334229,0.9523847153809902,0.9012577533721924,0.9605213356325676,0.8973629474639893,0.9505257049335132,1.307356357574463,0.9585318241738324,0.9543302059173584,0.9599295303612968,0.9060609340667723,0.909097766483378,0.9262630939483644,0.9240414147577396,0.9384536743164062,0.90571604221454,1.291234254837036,0.9203659280452388,0.9085466861724854,0.922946625621199,0.8959560394287109,1.0,0.7461721897125244,29,0.4413692951202392,0.0,0.4384808540344238,0.0299757616937021,0.022773265838623,13.346525175729688,0.0027432441711425,0.009118219533284606,2.706216335296631,0.0,0.0021338462829589,0,0,0,['cluster'],['separated']
figure_ascending_markersize60_grid6_3d_umap.png,grid6_3d_umap,216,8,60,1.0,0.6601161956787109,1.0,0.95166015625,1.0,1.6398327350616455,1.0,0.9647111892700196,1.0,0.9902889728546144,0.755616813255324,0.6546623706817627,0.7781454310947225,0.998258113861084,0.7553350219797539,1.3560378551483154,0.763679088687149,0.9796314239501952,0.7733489736612539,0.9953851699829102,0.6072219725437051,0.6820058822631836,0.6368560145352675,0.9934327602386476,0.6068580986195847,1.310743808746338,0.6177029618274408,0.9685826301574708,0.6304555713530944,0.98630690574646,1.0,0.5215132236480713,1172,0.8372056484222412,0.0,0.474961519241333,0.0299757616937021,0.021998643875122,13.346525175729688,0.0028150081634521,0.019238014602786322,3.031765937805176,0.0,0.0021347999572753,0,0,0,['cluster'],['separated']
figure_ascending_markersize110_grid6_3d_umap.png,grid6_3d_umap,216,8,110,1.0,0.6824533939361572,1.0,1.0296432971954346,1.0,1.3451640605926514,1.0,1.059265375137329,1.0,0.7835848331451416,0.6210514732170345,0.7559504508972168,0.6333609821407044,1.0910725593566897,0.5848921284851882,1.7187232971191406,0.6272433772983572,0.7009389400482178,0.6321695638183242,1.049665927886963,0.450380461021213,0.7187387943267822,0.4634442408448146,1.0670044422149658,0.4133198184100881,1.7519910335540771,0.4569224922506044,0.7239212989807129,0.4621695402414332,1.0836200714111328,1.0,0.5245754718780518,4403,0.5109541416168213,0.0,0.499157190322876,0.0299757616937021,0.0218825340270996,13.346525175729688,0.0027508735656738,0.025712552108208022,3.7487969398498535,0.0,0.0020694732666015,0,0,0,['cluster'],['separated']
figure_ascending_markersize160_grid6_3d_umap.png,grid6_3d_umap,216,8,160,1.0,0.7548701763153076,1.0,0.7463481426239014,1.0,1.4238498210906982,1.0,1.111710548400879,1.0,1.1136579513549805,0.5378849095231979,0.7481200695037842,0.5417949245225282,0.7625491619110107,0.4803267682525353,1.8039305210113523,0.5413168473508485,0.766538143157959,0.5424597779540092,1.1403729915618896,0.3678813747471762,0.7838640213012695,0.3715491967720136,1.1441397666931152,0.3160724017624564,1.41424822807312,0.37109967738213,0.7703142166137695,0.372174825606214,1.148878574371338,1.0,0.564319372177124,9004,0.5558230876922607,0.0,0.5367081165313721,0.0299757616937021,0.0226123332977294,13.346525175729688,0.0028245449066162,0.030223490185479814,3.9245026111602783,0.0,0.0020751953125,0,0,0,['cluster'],['separated']
figure_descending_markersize10_grid6_3d_umap.png,grid6_3d_umap,216,8,10,1.0,0.3151545524597168,1.0,1.1338505744934082,1.0,1.4081151485443115,1.0,0.7361795902252197,1.0,1.1752290725708008,0.9513143177689634,0.7413990497589111,0.960478501098962,1.1484639644622805,0.9570577312048796,1.3748023509979248,0.9578313549797238,1.1705586910247805,0.9595748506410332,0.7739472389221191,0.9071491428633603,0.8331303596496582,0.923962132687358,0.7487850189208984,0.91765168585078,1.8367741107940676,0.9190751991594304,0.760200023651123,0.9222910953587125,0.7380304336547852,1.0,0.5552024841308594,29,0.5505361557006836,0.0,0.5560381412506104,0.0299757616937021,0.0219879150390625,13.346525175729688,0.0027568340301513,0.009118219533284608,3.270104169845581,0.0,0.0020608901977539,0,0,0,['cluster'],['separated']
figure_descending_markersize60_grid6_3d_umap.png,grid6_3d_umap,216,8,60,1.0,0.7935395240783691,1.0,0.7963526248931885,1.0,1.4942729473114014,1.0,0.7680361270904541,1.0,1.2161965370178225,0.7462704066384105,0.787649393081665,0.7770989366803367,0.8097319602966309,0.8062359539982198,1.4556336402893066,0.7553013905090205,0.7844817638397217,0.7692251826481087,1.2372629642486572,0.5952403218284549,0.8133001327514648,0.6354552792446178,0.7938888072967529,0.6753729572426892,1.8981504440307615,0.6068146816825815,0.8128237724304199,0.6249926239985614,0.8014984130859375,1.0,0.6167745590209961,1172,0.6091582775115967,0.0,0.6102926731109619,0.0299757616937021,0.0231039524078369,13.346525175729688,0.0028719902038574,0.019238014602786322,3.2283003330230717,0.0,0.0020606517791748,0,0,0,['cluster'],['separated']
figure_descending_markersize110_grid6_3d_umap.png,grid6_3d_umap,216,8,110,1.0,0.3507022857666015,1.0,1.2890043258666992,1.0,1.5074517726898191,1.0,0.831611156463623,1.0,0.8254432678222656,0.60178406332522,1.401258945465088,0.6315392347411712,0.9545259475708008,0.6689542524328213,1.4746346473693848,0.6109123062087836,0.8190553188323975,0.6247769503149174,1.3350565433502195,0.4303942241971404,0.8522624969482422,0.4614960478035501,0.8541686534881592,0.5025779569601598,1.5088787078857422,0.4397939085770961,1.3289830684661863,0.4543095394292492,0.8435008525848389,1.0,0.659609317779541,4403,0.645017147064209,0.0,0.1158442497253418,0.0299757616937021,0.0226490497589111,13.346525175729688,0.0027880668640136,0.025712552108208022,4.075171709060669,0.0,0.0020961761474609,0,0,0,['cluster'],['separated']
figure_descending_markersize160_grid6_3d_umap.png,grid6_3d_umap,216,8,160,1.0,0.3705630302429199,1.0,1.371314287185669,1.0,1.5137815475463867,1.0,0.8869538307189941,1.0,0.867030143737793,0.5118188001825204,0.8913373947143555,0.5392583417620347,0.8852393627166748,0.5878958246785894,2.049471855163574,0.5191504139328845,0.8965034484863281,0.5324435753822441,0.888164758682251,0.3439223666078386,0.909353733062744,0.3691674970182753,0.8915960788726807,0.416326100405997,1.527484655380249,0.3505760604030418,0.8875999450683594,0.3628096108951489,1.4252068996429443,1.0,0.7207810878753662,9004,0.6951780319213867,0.0,0.1177973747253418,0.0299757616937021,0.0232336521148681,13.346525175729688,0.0028588771820068,0.030223490185479814,4.523051738739014,0.0,0.0020358562469482,0,0,0,['cluster'],['separated']
figure_category_based_markersize10_cars03Cropped_d1_tsne.png,cars03Cropped_d1_tsne,7404,2,10,0.7321854732508788,0.6110057830810547,0.7902887805316057,1.1541883945465088,0.9993560388045212,1.8698997497558596,0.7260998801942327,1.2431788444519043,0.7523702288583771,1.5257272720336914,0.2097975553127863,1.1298227310180664,0.2181941379582523,1.1272978782653809,0.2303443459547296,1.402350664138794,0.2093227660312929,1.2430963516235352,0.2123775531082655,0.9233603477478028,0.1224406028394974,1.6875665187835691,0.126569639854527,1.1230309009552002,0.1301742895517478,1.3304295539855957,0.1222882361064681,1.2040719985961914,0.1236390704705766,1.5011818408966064,0.4504321988114532,0.4313254356384277,31229,0.8160521984100342,0.0690167477039438,0.7715506553649902,0.0306349703455387,0.8494293689727783,0.9712684806916893,0.0650467872619628,-,15.0,0.1366828741220961,0.0172321796417236,2,0,1728,['three_order'],"['intersecting','separated']"
figure_category_based_markersize60_cars03Cropped_d1_tsne.png,cars03Cropped_d1_tsne,7404,2,60,0.4232808488118289,1.0148954391479492,0.4899747094183889,1.592536211013794,1.0284436729081314,1.8094699382781985,0.4185797538895112,1.6468439102172852,0.451432970991085,2.062252759933472,0.1446861413136774,1.5991888046264648,0.1524099775761015,1.6108970642089844,0.1782484873774592,1.8225090503692627,0.1440355925047114,1.0740070343017578,0.1475793523275571,2.5050389766693115,0.0872560273056634,1.0230958461761477,0.0902398493074235,2.184215784072876,0.0975805052819659,1.8428537845611568,0.0869835559462567,1.075200080871582,0.0882078225546605,2.532961130142212,0.1595083738519719,0.3832128047943115,86531,0.9995958805084229,0.0690167477039438,0.8399312496185303,0.0306349703455387,0.8278892040252686,0.9712684806916893,0.0664379596710205,-,15.0,0.1366828741220961,0.0178604125976562,30,0,25414,['three_order'],"['intersecting','separated']"
figure_category_based_markersize110_cars03Cropped_d1_tsne.png,cars03Cropped_d1_tsne,7404,2,110,0.3254538806959324,2.143286943435669,0.3822321796251516,2.237649440765381,1.0647642096065977,2.959239959716797,0.3219777367095642,1.6551873683929443,0.3504300605885704,3.152698278427124,0.1290427084946666,1.6065897941589355,0.1374415983713515,2.727337598800659,0.1750328529161283,1.7517242431640625,0.128365238945375,2.833162784576416,0.1324862081473371,1.855079174041748,0.0804756900695887,2.7639319896698,0.0837842020965942,1.514298677444458,0.0953538705864238,2.347349166870117,0.0801620091776951,2.767551898956299,0.0816841675592298,1.871748924255371,0.1108860075634792,1.2203290462493896,108660,1.2401454448699951,0.0690167477039438,0.9082322120666504,0.0306349703455387,0.8550961017608643,0.9712684806916893,0.0651435852050781,-,15.0,0.1366828741220961,0.0182423591613769,48,0,59875,['three_order'],"['intersecting','separated']"
figure_category_based_markersize160_cars03Cropped_d1_tsne.png,cars03Cropped_d1_tsne,7404,2,160,0.2770849983632613,3.257273435592652,0.3266243647364956,2.0304439067840576,1.1095428207913307,2.8721303939819336,0.2742293759049221,2.6356797218322754,0.2994308582432101,2.957153081893921,0.1200254405854579,3.326935052871704,0.1286692989786834,2.038736343383789,0.1748910860808723,2.805320501327514,0.1193783388248576,2.71811318397522,0.1237661171795311,3.0759763717651367,0.0766040908212311,3.2794830799102783,0.0801147082728764,2.138468742370605,0.0949269473686666,2.997389554977417,0.0762958325801094,2.6961920261383057,0.0780040790581149,3.674243688583374,0.0952188006482982,0.763624906539917,122385,1.487999677658081,0.0690167477039438,0.9753644466400146,0.0306349703455387,0.8498725891113281,0.9712684806916893,0.067150592803955,-,15.0,0.1366828741220961,0.0173969268798828,59,0,96369,['three_order'],"['intersecting','separated']"
figure_ascending_markersize10_cars03Cropped_d1_tsne.png,cars03Cropped_d1_tsne,7404,2,10,0.8074183822973166,0.5868103504180908,0.8120442651680002,0.5869419574737549,0.8245679748007564,0.7926151752471924,0.8196731754013202,1.306260108947754,0.8140804697505766,1.5905439853668213,0.2180475107501882,1.2857179641723633,0.2229152068140023,1.2379403114318848,0.2161169789912758,0.7961578369140625,0.2180060492627978,1.3760347366333008,0.2180233974620637,1.7060627937316897,0.1260430432932588,1.3095636367797852,0.1291895958003569,1.4180490970611572,0.1243550457751491,1.4645376205444336,0.1257219755623217,1.3114571571350098,0.1258661545638179,1.5957398414611816,0.4504321988114532,1.1701292991638184,31229,0.2443306446075439,0.0690167477039438,0.9335947036743164,0.0306349703455387,0.8558835983276367,0.9712684806916893,0.0656268596649169,-,15.0,0.1366828741220961,0.0184979438781738,2,0,0,['three_order'],"['intersecting','separated']"
figure_ascending_markersize60_cars03Cropped_d1_tsne.png,cars03Cropped_d1_tsne,7404,2,60,0.5548533862583849,1.6967194080352783,0.5560327432391894,1.7314424514770508,0.5179499225649276,1.882657527923584,0.5725270405360936,1.7292332649230957,0.5545852992648908,1.3624091148376465,0.1648443775542092,1.6818056106567385,0.1670691481009749,1.7172753810882568,0.1457985314836295,1.8731906414031985,0.1651211321723554,1.8291640281677248,0.162080583086058,2.009455919265747,0.0968018852049179,1.7309796810150146,0.0983029382830446,1.8044581413269043,0.0848401602539832,1.909277439117432,0.0964722262260336,1.7424113750457764,0.0949091503553585,2.0597457885742188,0.1595083738519719,1.1651654243469238,86531,0.3518135547637939,0.0690167477039438,0.9866819381713868,0.0306349703455387,0.8464655876159668,0.9712684806916893,0.0636720657348632,-,15.0,0.1366828741220961,0.0181524753570556,3,0,0,['three_order'],"['intersecting','separated']"
figure_ascending_markersize110_cars03Cropped_d1_tsne.png,cars03Cropped_d1_tsne,7404,2,110,0.4619757922272965,2.116398334503174,0.4600313160510358,2.3614962100982666,0.3886834934246995,2.4059462547302246,0.4794576475628144,2.1741504669189453,0.455814465522197,2.579555988311768,0.1553554321284264,2.2779135704040527,0.1576891184243551,2.4191935062408447,0.1282280421808234,1.6590425968170166,0.1558545246854616,2.141621351242065,0.1515226065856482,2.460695266723633,0.0933786210315138,2.1858837604522705,0.0951527451757066,2.3022282123565674,0.0767788218519204,2.431996583938598,0.0930510448502589,1.4624695777893066,0.0908638616900699,2.4938361644744877,0.1108860075634792,1.273387432098389,108660,1.281930923461914,0.0690167477039438,0.211085557937622,0.0306349703455387,0.8225681781768799,0.9712684806916893,0.0642344951629638,-,15.0,0.1366828741220961,0.0185580253601074,4,0,0,['three_order'],"['intersecting','separated']"
figure_ascending_markersize160_cars03Cropped_d1_tsne.png,cars03Cropped_d1_tsne,7404,2,160,0.4128776376066388,2.8207507133483887,0.409708846104643,2.7778561115264893,0.3179297333758092,2.8993539810180664,0.4296719371670161,2.7142367362976074,0.4034685135359522,2.879800319671631,0.149915816223795,2.6544265747070312,0.1527979694624629,2.094665288925171,0.1169789555831535,2.836541652679444,0.1506399167572716,2.649341106414795,0.1455347683106022,2.958080768585205,0.091585194115331,1.8588614463806152,0.093910632433201,2.8185060024261475,0.0716756312072359,2.9513447284698486,0.0913297352946759,2.67882776260376,0.0887790990433703,2.9569578170776367,0.0952188006482982,1.5412116050720217,122385,0.6410753726959229,0.0690167477039438,1.1107230186462402,0.0306349703455387,0.8505806922912598,0.9712684806916893,0.0664839744567871,-,15.0,0.1366828741220961,0.0174207687377929,11,0,0,['three_order'],"['intersecting','separated']"
figure_descending_markersize10_cars03Cropped_d1_tsne.png,cars03Cropped_d1_tsne,7404,2,10,0.7090559139306168,0.5898823738098145,0.7433993089122921,0.5870521068572998,1.0312084791790408,0.7876124382019043,0.71175645770447,1.4552247524261477,0.7473605926956132,0.8854882717132568,0.2060569845710425,1.3818950653076172,0.2120069892890144,1.369694709777832,0.2357636896965592,1.6125221252441406,0.2073360614641876,0.6154983043670654,0.211741766955754,1.7019505500793457,0.1205439872012679,1.3952696323394775,0.1236326359493596,1.3742599487304688,0.1330966966028393,0.7639808654785156,0.121341546818198,1.4056949615478516,0.123343718672777,1.7123055458068848,0.4504321988114532,1.3320157527923584,31229,0.2427053451538086,0.0690167477039438,1.1121695041656494,0.0306349703455387,0.8246626853942871,0.9712684806916893,0.0631306171417236,-,15.0,0.1366828741220961,0.0176639556884765,1,0,2148,['three_order'],"['intersecting','separated']"
figure_descending_markersize60_cars03Cropped_d1_tsne.png,cars03Cropped_d1_tsne,7404,2,60,0.3964307717518158,1.8333077430725095,0.4334136666782433,1.0157883167266846,1.0621327118965622,2.019118547439575,0.4012599424372221,1.8363842964172363,0.4452603010361131,2.132094144821167,0.1388090828662542,0.9924538135528564,0.1427090278665012,1.8370909690856931,0.1874273440039897,2.0223371982574463,0.1403794547995605,1.879738569259644,0.1462911691860113,1.3091957569122314,0.0841342172968898,1.8110556602478027,0.0854170410646575,1.8890788555145264,0.1027823209631414,2.1579222679138184,0.0850705520970357,1.002760648727417,0.0875236145634238,2.1939663887023926,0.1595083738519719,1.3146417140960691,86531,1.325746774673462,0.0690167477039438,0.2039220333099365,0.0306349703455387,0.8188369274139404,0.9712684806916893,0.0640850067138671,-,15.0,0.1366828741220961,0.0180146694183349,29,0,30719,['three_order'],"['intersecting','separated']"
figure_descending_markersize110_cars03Cropped_d1_tsne.png,cars03Cropped_d1_tsne,7404,2,110,0.2990657881270587,2.251767635345459,0.3268193882095417,2.427849769592285,1.0903710657407109,1.6187570095062256,0.3045006347050756,2.3005521297454834,0.3440989146884231,2.608510255813598,0.1217912479040944,1.4786779880523682,0.1255508948571223,2.428096055984497,0.1863215440616832,2.516951560974121,0.1236204108809313,2.550256967544556,0.1307604992895105,1.8255414962768557,0.076465487748187,2.3119051456451416,0.0777000724292328,2.4036386013031006,0.1018639808726719,1.6729562282562256,0.077552488760701,2.2890889644622803,0.0807167791984569,2.592950820922852,0.1108860075634792,1.4384026527404783,108660,0.4741401672363281,0.0690167477039438,1.1590816974639893,0.0306349703455387,0.8444681167602539,0.9712684806916893,0.0657827854156494,-,15.0,0.1366828741220961,0.0184040069580078,46,0,72107,['three_order'],"['intersecting','separated']"
figure_descending_markersize160_cars03Cropped_d1_tsne.png,cars03Cropped_d1_tsne,7404,2,160,0.2513648221918756,2.912651777267456,0.2732401195506801,2.905790090560913,1.1290027090918724,3.06976318359375,0.256905187096614,1.943913459777832,0.2930540124704087,3.056486129760742,0.1119885027327207,2.733797311782837,0.1154639214929109,2.94750714302063,0.187762108707774,2.096092700958252,0.1139630681174128,2.6992435455322266,0.1217860825077994,3.027284383773804,0.0720425035306004,1.851271390914917,0.0731976364318863,2.8979179859161377,0.1023956596915834,3.028328418731689,0.0732222098084027,2.775877952575684,0.0768645564216742,2.1241021156311035,0.0952188006482982,1.55302095413208,122385,0.5992426872253418,0.0690167477039438,1.2191636562347412,0.0306349703455387,0.8310339450836182,0.9712684806916893,0.0650544166564941,-,15.0,0.1366828741220961,0.018233299255371,57,0,116445,['three_order'],"['intersecting','separated']"
figure_category_based_markersize10_JavierGeneratedData_3dinterleaved_4classes_tsne.png,JavierGeneratedData_3dinterleaved_4classes_tsne,400,4,10,1.0,0.3180408477783203,1.0,0.3286871910095215,1.0,1.5695123672485352,1.0,0.3320388793945312,1.0,1.2309892177581787,0.7887072507298492,1.256995439529419,0.7976513292181119,0.3314425945281982,0.8073793269337771,1.5698082447052002,0.781607116162936,1.2419090270996094,0.793002481044035,0.3221704959869385,0.6511285163764703,1.23034930229187,0.6634109959961936,1.256239891052246,0.6769791478274547,1.609250545501709,0.6415066326564827,0.3343422412872314,0.6570042345488585,1.265645980834961,1.0,1.0816607475280762,304,0.1172361373901367,0.0,1.0688247680664062,0.0293610150069285,0.037644624710083,5.041248006912545,0.0042269229888916,0.018361033224601215,9.472487926483154,0.0,0.0021007061004638,0,0,0,"['lip_cluster','linear','cluster']",['separated']
figure_category_based_markersize60_JavierGeneratedData_3dinterleaved_4classes_tsne.png,JavierGeneratedData_3dinterleaved_4classes_tsne,400,4,60,1.0,1.311476230621338,1.0,1.3348510265350342,1.0,0.7047793865203857,1.0,1.2880244255065918,1.0,1.328498363494873,0.3060397220442419,0.364393949508667,0.3073751376163179,1.3516199588775637,0.2963984905466035,1.724287986755371,0.2934797246674988,0.3533327579498291,0.3003149399209104,1.302320957183838,0.1806652293013418,1.4552156925201416,0.1815967285175341,0.3608884811401367,0.1739834632112432,1.6432952880859375,0.171975527574858,1.323693037033081,0.1766885801225648,0.3490724563598633,0.945,1.108884334564209,11395,1.1098060607910156,0.0,0.1138660907745361,0.0293610150069285,0.0382564067840576,5.041248006912545,0.0042891502380371,0.04194974848481568,11.8872492313385,0.0,0.0020196437835693,0,0,0,"['lip_cluster','linear','cluster']",['separated']
figure_category_based_markersize110_JavierGeneratedData_3dinterleaved_4classes_tsne.png,JavierGeneratedData_3dinterleaved_4classes_tsne,400,4,110,1.0,0.373694896697998,1.0,1.3631603717803955,1.0,1.697763442993164,1.0,0.3820581436157226,1.0,1.348320484161377,0.2271805382640732,1.3420014381408691,0.2241199543576401,0.3666930198669433,0.2131303231870071,1.6598126888275146,0.2206817685195833,1.3994321823120115,0.2222108253237902,0.3867487907409668,0.1281464600132605,1.335817575454712,0.1262021919259602,1.390918493270874,0.1192758072693583,0.7224433422088623,0.1240260255951927,1.415144443511963,0.1249927879464456,1.4279279708862305,0.7375,0.1387608051300048,23557,1.188875436782837,0.0,1.2144136428833008,0.0293610150069285,0.0399057865142822,5.041248006912545,0.0044643878936767,0.05623825065261334,11.962520599365234,0.0,0.0020880699157714,0,0,0,"['lip_cluster','linear','cluster']",['separated']
figure_category_based_markersize160_JavierGeneratedData_3dinterleaved_4classes_tsne.png,JavierGeneratedData_3dinterleaved_4classes_tsne,400,4,160,1.0,0.8759219646453857,1.0,0.8218522071838379,1.0,1.3175365924835205,1.0,0.9514939785003662,1.0,0.8094615936279297,0.2078733902575299,0.8254873752593994,0.2044462459115348,0.9767990112304688,0.1937321456543111,1.296544313430786,0.2032205324663706,0.7757692337036133,0.203769776057034,0.8801143169403076,0.1159925806176169,1.018186092376709,0.1138625036683038,1.00970458984375,0.1072554910326352,1.298966646194458,0.113102657359127,0.869563102722168,0.1134430171260185,1.088961839675903,0.5975,0.4936332702636719,30433,0.5083785057067871,0.0,0.3116886615753174,0.0293610150069285,0.0423440933227539,5.041248006912545,0.0053036212921142,-,15.0,0.0,0.0037596225738525,0,0,0,"['lip_cluster','linear','cluster']",['separated']
figure_ascending_markersize10_JavierGeneratedData_3dinterleaved_4classes_tsne.png,JavierGeneratedData_3dinterleaved_4classes_tsne,400,4,10,1.0,1.0066807270050049,1.0,0.8680768013000488,1.0,1.270207166671753,1.0,0.8785288333892822,1.0,0.7073915004730225,0.7932666883926781,1.0155556201934814,0.798364272826418,0.8756968975067139,0.7959491251575397,1.2713866233825684,0.7834895611498243,1.0659139156341553,0.7938529004590075,0.7346911430358887,0.6573670261377618,1.067613124847412,0.6643979159177333,0.7442514896392822,0.6610593802871352,1.4871854782104492,0.6440467225997376,0.762282133102417,0.6581725402822869,1.1104836463928225,1.0,0.5935380458831787,304,0.3680267333984375,0.0,0.5840499401092529,0.0293610150069285,0.0443215370178222,5.041248006912544,0.0052793025970458,0.018361033224601208,8.98854374885559,0.0,0.0023870468139648,0,0,0,"['lip_cluster','linear','cluster']",['separated']
figure_ascending_markersize60_JavierGeneratedData_3dinterleaved_4classes_tsne.png,JavierGeneratedData_3dinterleaved_4classes_tsne,400,4,60,1.0,0.832275390625,1.0,1.013066053390503,1.0,1.38962721824646,1.0,1.0414917469024658,1.0,1.0487046241760254,0.3291234771700543,1.0476288795471191,0.3093140897431664,1.0618231296539309,0.2528671516413209,1.2728328704833984,0.3023838851985645,1.03045654296875,0.3042877727546382,1.0270986557006836,0.1969765405600537,1.2420642375946045,0.1829518350313679,0.8658063411712646,0.1447326411834532,1.4663686752319336,0.1781226524430897,0.8587219715118408,0.179445408168664,1.127973556518555,0.945,0.6953003406524658,11395,0.4113285541534424,0.0,0.6714153289794922,0.0293610150069285,0.0430679321289062,5.041248006912544,0.0049693584442138,0.04194974848481565,10.843417644500732,0.0,0.0022287368774414,0,0,0,"['lip_cluster','linear','cluster']",['separated']
figure_ascending_markersize110_JavierGeneratedData_3dinterleaved_4classes_tsne.png,JavierGeneratedData_3dinterleaved_4classes_tsne,400,4,110,1.0,0.6878111362457275,1.0,1.4035229682922363,1.0,1.3596360683441162,1.0,0.9608595371246338,1.0,1.2061700820922852,0.258412089066527,0.9662966728210448,0.2266252409999769,0.9774799346923828,0.1558268426110396,1.6065897941589355,0.233622341552016,0.9818732738494872,0.2276582116815212,0.9633941650390624,0.1483772868680632,1.2602617740631104,0.1277932032413539,1.0037343502044678,0.084496860821716,1.3686881065368652,0.1322606977249059,1.24261474609375,0.1284505128649669,0.9645416736602784,0.7375,0.757697343826294,23557,0.660236120223999,0.0,0.4255142211914062,0.0293610150069285,0.0414104461669921,5.041248006912544,0.004554271697998,0.05623825065261334,11.905696392059326,0.0,0.0018486976623535,0,0,0,"['lip_cluster','linear','cluster']",['separated']
figure_ascending_markersize160_JavierGeneratedData_3dinterleaved_4classes_tsne.png,JavierGeneratedData_3dinterleaved_4classes_tsne,400,4,160,1.0,1.0724718570709229,1.0,1.0585424900054932,1.0,1.4789996147155762,1.0,1.062220573425293,1.0,1.3497600555419922,0.2432762044466566,1.099116325378418,0.2074139637266929,1.0970971584320068,0.1258499401102887,1.5343914031982422,0.2188199364328521,1.1012797355651855,0.2103043621788596,1.1014444828033447,0.1384828992824271,1.1269118785858154,0.115706559980739,1.093724012374878,0.0671504074319933,1.5224032402038574,0.1228511035513298,1.3810768127441406,0.1175084510095213,1.1101560592651367,0.5975,0.4970674514770508,30433,0.8477954864501953,0.0,0.4902105331420898,0.0293610150069285,0.0420670509338378,5.041248006912544,0.0050122737884521,0.06610503399760495,14.752922058105469,0.0,0.0020399093627929,0,0,0,"['lip_cluster','linear','cluster']",['separated']
figure_descending_markersize10_JavierGeneratedData_3dinterleaved_4classes_tsne.png,JavierGeneratedData_3dinterleaved_4classes_tsne,400,4,10,1.0,1.0250399112701416,1.0,1.0654113292694092,1.0,1.4882173538208008,1.0,0.737152099609375,1.0,1.3710458278656006,0.7830934117876458,1.0810282230377195,0.7970873763051962,1.0853724479675293,0.8237126937721887,1.1520287990570068,0.7795353863835667,1.4098832607269287,0.7919571346095754,1.1032021045684814,0.6435115228836229,0.7306983470916748,0.662631150928406,1.0937941074371338,0.7002648837669769,1.8534915447235107,0.638720187120934,1.14849591255188,0.6555703918284593,0.7469596862792969,1.0,0.9532976150512696,304,0.5219733715057373,0.0,0.548008918762207,0.0293610150069285,0.0427620410919189,5.041248006912544,0.0049695968627929,0.01836103322460122,9.177813053131104,0.0,0.0022740364074707,0,0,0,"['lip_cluster','linear','cluster']",['separated']
figure_descending_markersize60_JavierGeneratedData_3dinterleaved_4classes_tsne.png,JavierGeneratedData_3dinterleaved_4classes_tsne,400,4,60,1.0,0.8040430545806885,1.0,1.1744849681854248,1.0,1.6109960079193115,1.0,0.8311388492584229,1.0,1.1825029850006104,0.2839855974764167,1.1809465885162354,0.3054378510726492,1.1688377857208252,0.3451069300810707,2.000978708267212,0.2842219051650144,0.8177802562713623,0.2963516202279228,1.1946187019348145,0.1654913834398974,1.2246391773223877,0.1802458831421377,1.2042150497436523,0.2085372984841715,1.6528925895690918,0.1656519022014612,0.8132381439208984,0.1739511648921184,1.2126941680908203,0.945,1.0615601539611816,11395,0.6010525226593018,0.0,0.6018130779266357,0.0293610150069285,0.0442335605621337,5.041248006912544,0.0050442218780517,0.04194974848481565,11.051263093948364,0.0,0.0025324821472167,0,0,0,"['lip_cluster','linear','cluster']",['separated']
figure_descending_markersize110_JavierGeneratedData_3dinterleaved_4classes_tsne.png,JavierGeneratedData_3dinterleaved_4classes_tsne,400,4,110,1.0,1.3332297801971436,1.0,0.883791446685791,1.0,1.7084414958953855,1.0,1.274726390838623,1.0,1.2843832969665527,0.2018443238228439,1.2916622161865234,0.221872058460639,1.314556360244751,0.2634634858916856,1.701878547668457,0.2080893704591447,0.8936445713043213,0.217309397035934,1.3069307804107666,0.1122507503087614,1.333406686782837,0.1247784556315784,1.342362403869629,0.1517177921403917,1.788243532180786,0.1161270919590805,0.9397103786468506,0.1218996704613886,1.3609473705291748,0.7375,0.6278293132781982,23557,0.6451263427734375,0.0,0.6203410625457764,0.0293610150069285,0.0437602996826171,5.041248006912544,0.0051279067993164,0.05623825065261334,12.98750376701355,0.0,0.0022821426391601,0,0,0,"['lip_cluster','linear','cluster']",['separated']
figure_descending_markersize160_JavierGeneratedData_3dinterleaved_4classes_tsne.png,JavierGeneratedData_3dinterleaved_4classes_tsne,400,4,160,1.0,1.3840584754943848,1.0,0.9718828201293944,1.0,1.6500492095947266,1.0,0.7918965816497803,1.0,1.110985279083252,0.1797187714754117,1.1485543251037598,0.2018478757039805,1.173677682876587,0.2496483965102245,1.2358176708221436,0.1880618848735706,1.4579663276672363,0.198065166625616,0.9704484939575196,0.098731321654666,1.4740188121795654,0.1122529473322533,0.9967055320739746,0.1426275703764239,1.3948044776916504,0.1037904569165976,1.455681324005127,0.109918051950142,1.437396764755249,0.5975,0.6832211017608643,30433,0.6946456432342529,0.0,0.6620965003967285,0.0293610150069285,0.0407400131225585,5.041248006912544,0.0050826072692871,-,15.0,0.0,0.0022041797637939,0,0,0,"['lip_cluster','linear','cluster']",['separated']
figure_category_based_markersize10_n100-d5-c5-spr0.2-out0_pca.png,n100-d5-c5-spr0.2-out0_pca,100,5,10,0.9667466967861158,1.3093233108520508,0.9773745211336878,1.504279613494873,1.0023101778402697,1.3712332248687744,0.946692569077457,0.8918263912200928,0.9557720066843732,1.331098556518555,0.964152896782592,1.4280357360839844,0.974514680104238,0.9114723205566406,0.99826218081956,1.866424322128296,0.9433574163516872,0.9079716205596924,0.952787686847882,0.8867416381835938,0.961572977966289,1.427279710769653,0.9716715262896616,0.9185712337493896,0.9942467493014496,1.8912327289581297,0.940045680297766,0.920168161392212,0.9498219455899932,1.4532585144042969,1.0,0.7033195495605469,5,0.7206528186798096,0.0,0.7171812057495117,0.0302634913758275,0.0152957439422607,26.455659073585707,0.0025892257690429,0.009909806500176052,1.422400951385498,0.38,0.0007979869842529,0,0,4,['cluster'],['intersecting']
figure_category_based_markersize60_n100-d5-c5-spr0.2-out0_pca.png,n100-d5-c5-spr0.2-out0_pca,100,5,60,0.9033610005477396,0.920051336288452,0.8814266611888563,1.4877183437347412,0.8607880218603183,1.401017665863037,0.855490360998186,1.4997351169586182,0.8466552428613433,0.9535303115844728,0.8624828047511034,0.957329273223877,0.8192010988931591,1.516355037689209,0.7626554189123496,1.4337923526763916,0.8142366048886386,1.5275249481201172,0.7941863271284478,0.9362740516662598,0.8251440233275575,0.957406759262085,0.7651819933972293,1.540384292602539,0.6846079147978075,1.4809865951538086,0.7767785188273879,0.982085943222046,0.7478411198775711,1.545945167541504,1.0,0.7597968578338623,315,0.7671136856079102,0.0,0.7366843223571777,0.0302634913758275,0.0139610767364501,26.455659073585707,0.0024249553680419,0.02324055629261321,1.600165843963623,0.38,0.0008304119110107,0,0,82,['cluster'],['intersecting']
figure_category_based_markersize110_n100-d5-c5-spr0.2-out0_pca.png,n100-d5-c5-spr0.2-out0_pca,100,5,110,0.8560780535026897,1.0027055740356443,0.787406760872706,0.9497148990631104,0.6946630798307822,1.474649429321289,0.8051479212696944,1.6239845752716064,0.7657420361027429,1.011364221572876,0.7738779036820884,1.532515287399292,0.6865648957749242,1.0219035148620603,0.5692192627478853,1.5023252964019775,0.7288857094573047,0.984978199005127,0.6798997244850311,1.6213428974151611,0.7060804429713881,1.012587547302246,0.6086199571886528,1.652040719985962,0.4821512996019486,1.491572618484497,0.6658203619246157,1.0479025840759275,0.6113637489539268,1.0419659614562988,0.99,0.7745463848114014,1238,0.8152554035186768,0.0,0.8050632476806641,0.0302634913758275,0.0157020092010498,26.455659073585707,0.0023009777069091,0.03178829314084166,1.7335293292999268,0.38,0.0008072853088378,0,0,266,['cluster'],['intersecting']
figure_category_based_markersize160_n100-d5-c5-spr0.2-out0_pca.png,n100-d5-c5-spr0.2-out0_pca,100,5,160,0.8094970073940639,1.6787171363830566,0.7210719695216242,1.0647759437561035,0.6030099173989495,1.5252068042755127,0.761541554183516,1.0587217807769775,0.7075745239326199,1.034909963607788,0.7059614460067243,1.689671754837036,0.608683645906354,1.0595169067382812,0.4787169821411267,1.541853904724121,0.6670513817873369,1.0693707466125488,0.6101571022882892,1.734046459197998,0.6259072210761885,1.086510419845581,0.5266054291769438,1.0799415111541748,0.3969063049923608,1.5658648014068604,0.5934211668021566,1.0048811435699463,0.5363179390152981,1.7333858013153076,0.99,0.849010705947876,2470,0.8017475605010986,0.0,0.8632550239562988,0.0302634913758275,0.0149087905883789,26.455659073585707,0.0024335384368896,0.03752686344857029,1.9304447174072263,0.38,0.0011341571807861,0,0,524,['cluster'],['intersecting']
figure_ascending_markersize10_n100-d5-c5-spr0.2-out0_pca.png,n100-d5-c5-spr0.2-out0_pca,100,5,10,0.9667468619193854,0.3792529106140136,0.9773745211336878,1.7569913864135742,0.9841473814105512,1.551565647125244,0.9714372451327544,1.0715100765228271,0.9760771191908844,1.0524821281433103,0.9641769502191306,1.048705816268921,0.974514680104238,1.7932231426239014,0.9802373170477344,1.5481629371643066,0.9679832605231116,1.0807099342346191,0.9729876516516022,1.0813896656036377,0.9616206655318954,1.0506775379180908,0.9716715262896616,1.0700464248657229,0.9763581994752826,2.236842155456543,0.9645537504585656,1.104827642440796,0.969917679895378,1.0665760040283203,1.0,0.873450756072998,5,0.8871748447418213,0.0,0.9003887176513672,0.0302634913758275,0.0153725147247314,26.455659073585707,0.0023589134216308,0.009909806500176052,1.4263460636138916,0.38,0.0008127689361572,0,0,0,['cluster'],['intersecting']
figure_ascending_markersize60_n100-d5-c5-spr0.2-out0_pca.png,n100-d5-c5-spr0.2-out0_pca,100,5,60,0.9042572208850392,0.3891243934631347,0.8814292829692464,1.8554494380950928,0.8248494324123959,1.6257529258728027,0.9160444831902216,1.1468074321746826,0.892225258262889,1.136810541152954,0.865231414371374,1.1519343852996826,0.8192861658817228,0.4107956886291504,0.7322483332270651,1.6200711727142334,0.8709531831759891,1.1383657455444336,0.8350364679054864,1.1346914768218994,0.8294347841066276,1.1396677494049072,0.7653284662589765,1.1218397617340088,0.6583402605864952,1.6179358959197998,0.830092763693943,1.0988852977752686,0.7847373117330758,1.1424431800842283,1.0,0.9082131385803224,315,0.8968002796173096,0.0,0.9284474849700928,0.0302634913758275,0.0136430263519287,26.455659073585707,0.0021545886993408,0.02324055629261321,1.6189508438110352,0.38,0.0007383823394775,0,0,0,['cluster'],['intersecting']
figure_ascending_markersize110_n100-d5-c5-spr0.2-out0_pca.png,n100-d5-c5-spr0.2-out0_pca,100,5,110,0.8579717561642262,1.1131887435913086,0.787462691145051,1.1679120063781738,0.6648349094958115,1.635631799697876,0.8746855979310277,1.171297550201416,0.8136664557171911,1.9466252326965328,0.7793063917583675,1.212960958480835,0.6868954970980027,1.1888487339019775,0.545640512706911,0.8873772621154785,0.7896945018790529,1.9493443965911863,0.7191593704317119,1.1941845417022705,0.7138547670628068,1.2119190692901611,0.609106276376274,0.4067680835723877,0.462687884209028,2.474452495574951,0.7197574056864202,1.157322883605957,0.644321629750336,1.2233576774597168,0.99,0.9633915424346924,1238,0.138763427734375,0.0,0.939795970916748,0.0302634913758275,0.0128376483917236,26.455659073585707,0.0018434524536132,0.03178829314084166,1.73820161819458,0.38,0.0007510185241699,0,0,0,['cluster'],['intersecting']
figure_ascending_markersize160_n100-d5-c5-spr0.2-out0_pca.png,n100-d5-c5-spr0.2-out0_pca,100,5,160,0.8197081158453727,1.1991980075836182,0.721203901684073,1.0429308414459229,0.5699616729017016,1.6286580562591553,0.8395906611288154,1.2198894023895264,0.7552788128467643,1.2164885997772217,0.7185199335548883,1.215461492538452,0.6091547678547078,1.2350130081176758,0.4538938211638521,2.5446999073028564,0.7317290005263508,0.4060108661651611,0.647404338447773,2.014748334884644,0.6395688875325705,0.4222621917724609,0.5272405578883528,2.0630273818969727,0.3771005071045932,0.8835525512695312,0.6484261225899338,1.9890429973602293,0.5664935619198656,0.412583589553833,0.99,1.0007853507995603,2470,0.9749698638916016,0.0,1.0099291801452637,0.0302634913758275,0.0160355567932128,26.455659073585707,0.00242280960083,0.03752686344857029,1.9306764602661133,0.38,0.0007250308990478,0,0,0,['cluster'],['intersecting']
figure_descending_markersize10_n100-d5-c5-spr0.2-out0_pca.png,n100-d5-c5-spr0.2-out0_pca,100,5,10,0.965028201697983,1.2382705211639404,0.9767058826143082,1.2606797218322754,1.0023100953213595,0.8444948196411133,0.946692569077457,1.2337710857391355,0.9557720066843732,2.0737695693969727,0.962443129495588,0.3865320682525635,0.9738494174449408,1.295412302017212,0.9984398424614014,2.551060676574707,0.9433574163516872,0.3708875179290771,0.952787686847882,1.2060728073120115,0.95987186983271,2.121149778366089,0.9710096115383194,0.3786959648132324,0.9945993633039948,1.7208852767944336,0.940045680297766,2.116612434387207,0.9498219455899932,0.3841328620910644,1.0,1.0512738227844238,5,1.005730390548706,0.0,1.061922550201416,0.0302634913758275,0.0151188373565673,26.45565907358572,0.0022535324096679,0.009909806500176052,1.6190898418426514,0.38,0.000730276107788,0,0,4,['cluster'],['intersecting']
figure_descending_markersize60_n100-d5-c5-spr0.2-out0_pca.png,n100-d5-c5-spr0.2-out0_pca,100,5,60,0.8555400922635015,0.3863215446472168,0.8773239538888651,1.27820086479187,0.957487170313109,1.758284091949463,0.8125415759906301,1.2779576778411863,0.8330206420683711,1.2952067852020264,0.8169081304555664,1.2821838855743408,0.8098694814990273,1.29899263381958,0.827411451123582,1.778867483139038,0.7735920710155323,1.30165433883667,0.7777975303473792,1.2851099967956543,0.7816142923707653,1.293494462966919,0.7520471211871786,1.299452543258667,0.7284506088501131,1.822742223739624,0.7382058774402072,0.3919315338134765,0.7294409843751226,1.307335615158081,1.0,1.076751470565796,315,1.0876243114471436,0.0,1.0717215538024902,0.0302634913758275,0.0153837203979492,26.45565907358572,0.0023298263549804,0.023240556292613207,0.8321449756622314,0.38,0.0007839202880859,0,0,140,['cluster'],['intersecting']
figure_descending_markersize110_n100-d5-c5-spr0.2-out0_pca.png,n100-d5-c5-spr0.2-out0_pca,100,5,110,0.7567753603561386,1.330836296081543,0.7809489247658421,1.2936220169067385,0.88356521905787,2.8236489295959477,0.7208603099399978,0.4063844680786133,0.7411052766594249,1.3289825916290283,0.687334500268016,1.3085639476776123,0.6729639678889779,1.3609933853149414,0.6783189173305015,1.8234026432037356,0.6549873507218134,1.3518459796905518,0.6533149444189053,1.3228716850280762,0.6295662094915555,1.3699390888214111,0.5912143726121251,1.37595796585083,0.550452480838918,0.8833441734313965,0.6001454408472138,1.362175703048706,0.5841207836435205,1.3594040870666504,0.99,1.1290979385375977,1238,1.1017379760742188,0.0,1.1460115909576416,0.0302634913758275,0.0140125751495361,26.45565907358572,0.002948522567749,0.03178829314084166,0.9311325550079346,0.38,0.0008368492126464,0,0,528,['cluster'],['intersecting']
figure_descending_markersize160_n100-d5-c5-spr0.2-out0_pca.png,n100-d5-c5-spr0.2-out0_pca,100,5,160,0.6835478985116314,1.381322145462036,0.7133729635873114,1.3195207118988037,0.8379656585926796,1.870309352874756,0.65593464631515,1.3884227275848389,0.6769661507465963,1.4112141132354736,0.6020647902534637,0.4091980457305908,0.590053210895086,1.3774964809417725,0.5965318176159544,1.8456265926361084,0.5787871083859566,1.3902909755706787,0.5765055070312777,1.395435094833374,0.53793914037975,1.440605640411377,0.5030855408926546,1.410768747329712,0.4631030286927527,1.9261367321014404,0.5178771567368556,0.402116060256958,0.5020083135278364,1.408458948135376,0.99,1.1829445362091064,2470,1.2030153274536133,0.0,0.1303038597106933,0.0302634913758275,0.0144271850585937,26.45565907358572,0.0023798942565917,0.03752686344857029,2.0437488555908203,0.38,0.0008306503295898,0,0,1080,['cluster'],['intersecting']
figure_category_based_markersize10_parkinsons_abs_croped_pca.png,parkinsons_abs_croped_pca,195,2,10,0.8720295276088197,1.3757145404815674,0.8534514579874094,1.4059503078460691,0.8155020763068139,1.6290581226348877,0.8776719489471895,0.3871955871582031,0.8798228989723318,1.445750713348389,0.7105080013581575,1.374384880065918,0.6816401729895518,1.4149625301361084,0.5898019526419465,1.6002612113952637,0.7189692247636414,0.3752892017364502,0.7143846549773962,1.3886077404022217,0.5994710706094224,1.409414291381836,0.567412405689146,1.4253156185150146,0.4619513068666218,1.62021803855896,0.6088716147656694,1.4040987491607666,0.6013157404276003,1.4213132858276367,0.9846153846153848,0.1247034072875976,243,1.2074964046478271,0.0,1.205838918685913,0.0302672545751587,0.0367937088012695,9.514970049942274,0.0031170845031738,0.03278695746999437,2.7127277851104736,0.2769230769230769,0.0009458065032958,0,0,0,['cluster'],['intersecting']
figure_category_based_markersize60_parkinsons_abs_croped_pca.png,parkinsons_abs_croped_pca,195,2,60,0.642173373934471,1.4529519081115725,0.597914356218834,1.4453487396240234,0.528518331737815,1.6572515964508057,0.6594814682668869,1.466684103012085,0.6591748564348815,0.3935606479644775,0.4281055386561907,1.460108757019043,0.3877545123151584,1.421217441558838,0.2952144915670738,1.659379005432129,0.4388580082767528,0.3983440399169922,0.4252230467036987,1.4530162811279297,0.3210753876371419,1.4485864639282229,0.2869092832894757,1.46574068069458,0.2048066810617659,1.6375463008880615,0.328845702787061,1.5014140605926514,0.3138371648524888,0.392453670501709,0.8769230769230769,1.2294280529022217,3586,1.2393476963043213,0.0,0.1257112026214599,0.0302672545751587,0.0380725860595703,9.514970049942274,0.0032010078430175,0.06222422047821612,4.233697175979614,0.2769230769230769,0.0007429122924804,0,0,20,['cluster'],['intersecting']
figure_category_based_markersize110_parkinsons_abs_croped_pca.png,parkinsons_abs_croped_pca,195,2,110,0.5467945595454113,1.204676389694214,0.5038598761311863,1.2074060440063477,0.4237653824034374,1.5268068313598633,0.5700243084270158,0.4170930385589599,0.5692979587967752,1.5121498107910156,0.3533460196913407,1.510636568069458,0.3216522705184185,1.3163259029388428,0.2337344684508344,0.5808086395263672,0.3660549857127242,1.517470359802246,0.3545493214628129,1.490320920944214,0.2610057173933662,1.5306508541107178,0.2362270148247702,1.5230929851531982,0.1613704367262515,0.6024777889251709,0.2695890917984327,1.5309135913848877,0.2574390425233139,1.5123388767242432,0.7897435897435897,1.317829132080078,7576,0.137657880783081,0.0,1.2682394981384275,0.0302672545751587,0.037086009979248,9.514970049942274,0.0034077167510986,0.0803248149624859,3.5270466804504395,0.2769230769230769,0.0007901191711425,0,0,98,['cluster'],['intersecting']
figure_category_based_markersize160_parkinsons_abs_croped_pca.png,parkinsons_abs_croped_pca,195,2,160,0.4881395080709638,1.5524849891662598,0.4505371964044655,1.5423338413238523,0.3702138809640362,1.759190797805786,0.5145972183842482,1.5365591049194336,0.515287685038909,0.4298915863037109,0.3121722578405298,1.556269884109497,0.288235127186246,1.5391690731048584,0.2040142220434474,1.7821757793426514,0.3262230636673603,0.4224565029144287,0.3165376302171503,1.5620229244232178,0.2294564999841881,1.57639741897583,0.2119000093374097,1.6201887130737305,0.1408034870462202,0.6180684566497803,0.2388055724025365,1.58734130859375,0.2284304226470183,1.6049339771270752,0.764102564102564,1.4048240184783936,11251,0.1391744613647461,0.0,1.349729299545288,0.0302672545751587,0.036985158920288,9.514970049942274,0.0035655498504638,0.0929664552087918,5.253161668777466,0.2769230769230769,0.000868797302246,1,0,203,['cluster'],['intersecting']
figure_ascending_markersize10_parkinsons_abs_croped_pca.png,parkinsons_abs_croped_pca,195,2,10,0.8831115734259617,0.3550174236297607,0.8720632591882205,1.5536398887634275,0.8152707067688066,1.7245256900787354,0.8797066136667496,0.3719046115875244,0.8798389981039331,1.532844305038452,0.7190218085060017,1.5766851902008057,0.6948729430655383,1.5561015605926514,0.5869111006160735,0.5684385299682617,0.7212377673199135,1.5741965770721436,0.7147770382071319,1.573397159576416,0.6063556809813434,0.3694088459014892,0.5775278519035683,1.5279264450073242,0.4584874757712188,1.7770321369171145,0.6111468228398169,1.5736324787139893,0.6018644239422907,0.3758871555328369,0.9846153846153848,1.356513738632202,243,1.348371505737305,0.0,0.1313376426696777,0.0302672545751587,0.0371861457824707,9.514970049942276,0.0037415027618408,0.032786957469994375,3.425325870513916,0.2769230769230769,0.0011613368988037,0,0,0,['cluster'],['intersecting']
figure_ascending_markersize60_parkinsons_abs_croped_pca.png,parkinsons_abs_croped_pca,195,2,60,0.6747206927159102,1.6197476387023926,0.6438983709809787,0.3803136348724365,0.5246325670212566,1.814690113067627,0.6679163695753557,1.6179146766662598,0.6612354123456539,1.632253885269165,0.4460837337610909,0.3918261528015136,0.4059940457618857,1.597876787185669,0.2899273669396522,1.8263781070709229,0.445246797366449,0.39272141456604,0.4270426439150847,1.6910037994384766,0.3331813543571852,1.6467585563659668,0.2964596341342361,0.3966090679168701,0.2003131483208061,1.834153413772583,0.3339235558403769,1.6316256523132324,0.3153527271093741,0.400498628616333,0.8769230769230769,1.40360689163208,3586,1.3929505348205566,0.0,0.1275558471679687,0.0302672545751587,0.0375125408172607,9.514970049942276,0.0035369396209716,0.06222422047821616,3.9266350269317623,0.2769230769230769,0.0008347034454345,0,0,0,['cluster'],['intersecting']
figure_ascending_markersize110_parkinsons_abs_croped_pca.png,parkinsons_abs_croped_pca,195,2,110,0.5946656230796484,1.6831300258636477,0.5573142228507899,0.3982348442077636,0.4150224581085084,1.839737892150879,0.5855394312327258,1.6181433200836182,0.5739783485340368,0.4075288772583008,0.3783536609356989,1.586197853088379,0.3376717496623285,1.6532163619995115,0.2260879931152152,0.6054487228393555,0.3765207917592268,1.6643099784851074,0.3583356932275435,1.6785893440246582,0.2774354305523255,0.4044344425201416,0.2422133301650804,1.6706593036651611,0.1553614025477063,1.88340425491333,0.2774721928858389,1.708143711090088,0.2604755046018048,0.4098744392395019,0.7897435897435897,1.4713034629821775,7576,0.1433181762695312,0.0,1.4061737060546875,0.0302672545751587,0.0390408039093017,9.514970049942276,0.0033144950866699,0.0803248149624859,4.3183135986328125,0.2769230769230769,0.0007605552673339,0,0,0,['cluster'],['intersecting']
figure_ascending_markersize160_parkinsons_abs_croped_pca.png,parkinsons_abs_croped_pca,195,2,160,0.5468277698777497,0.4283936023712158,0.5086638632445543,1.7212340831756592,0.3575227992926542,1.914600133895874,0.5354310273066722,0.4465498924255371,0.5215869352378245,1.7104413509368896,0.3424011932956252,1.7047932147979736,0.3054071507142158,0.4372422695159912,0.1946991541002439,1.9471979141235352,0.3404228232394487,1.7292776107788086,0.3224792728650958,0.4259703159332275,0.2492291483112638,1.7064456939697266,0.2182119557026718,1.4460468292236328,0.1337750787606837,1.9768521785736084,0.2495388173810123,0.4109184741973877,0.2333873129743084,1.708531618118286,0.764102564102564,0.141585111618042,11251,1.4607152938842771,0.0,1.50834321975708,0.0302672545751587,0.0377345085144043,9.514970049942276,0.0029594898223876,0.0929664552087918,3.474307060241699,0.2769230769230769,0.0007295608520507,1,0,0,['cluster'],['intersecting']
figure_descending_markersize10_parkinsons_abs_croped_pca.png,parkinsons_abs_croped_pca,195,2,10,0.8272595064467922,0.6159491539001465,0.8518451026293444,0.492772102355957,0.900011236141714,0.6263139247894287,0.8004418266179402,0.4888594150543213,0.8132237065944435,0.5800609588623047,0.676663531670365,0.6199424266815186,0.676851918566799,0.5047998428344727,0.6307020004715975,0.7423651218414307,0.6627679052494744,0.5226600170135498,0.6667384147456863,0.5891010761260986,0.5724530362502378,0.6448268890380859,0.5615032079626853,0.5062205791473389,0.485443384226356,0.691871166229248,0.5655028751412905,0.545396089553833,0.5649707211747896,0.5501213073730469,0.9846153846153848,0.4601690769195556,243,0.2061257362365722,0.0,0.3050758838653564,0.0302672545751587,0.0278923511505126,9.514970049942274,0.0023019313812255,0.032786957469994375,1.8516547679901123,0.2769230769230769,0.0006227493286132,0,0,51,['cluster'],['intersecting']
figure_descending_markersize60_parkinsons_abs_croped_pca.png,parkinsons_abs_croped_pca,195,2,60,0.5607410059563414,0.6085903644561768,0.5957019300627171,0.6106827259063721,0.7374346994478194,0.7543435096740723,0.5161425192133988,0.5163412094116211,0.537084896402497,0.7546451091766357,0.3827904953417481,0.5458803176879883,0.3758391210270816,0.7310910224914551,0.3443476444465362,0.7622570991516113,0.3648777913804713,0.6280064582824707,0.3650528940659945,0.6480956077575684,0.2905764078960398,0.6445024013519287,0.2745190897247808,0.5803399085998535,0.2246165548682769,0.7884211540222168,0.2821799482723687,0.6670503616333008,0.2764909370225454,0.6589329242706299,0.8769230769230769,0.3813843727111816,3586,0.3561735153198242,0.0,0.214470624923706,0.0302672545751587,0.0289621353149414,9.514970049942274,0.0021719932556152,0.06222422047821615,2.265442132949829,0.2769230769230769,0.0005576610565185,2,0,1079,['cluster'],['intersecting']
figure_descending_markersize110_parkinsons_abs_croped_pca.png,parkinsons_abs_croped_pca,195,2,110,0.4676016496425507,0.5213406085968018,0.5022388802660488,0.8277320861816406,0.6683947637665836,0.727867603302002,0.426772734630959,0.8471662998199463,0.4457283779421861,0.538609504699707,0.309856441127778,0.869391918182373,0.3100151676002172,0.5867226123809814,0.2856858963767905,0.8633477687835693,0.2946388711872851,0.6320552825927734,0.2952405599115733,0.7179062366485596,0.2316944286738075,0.7678556442260742,0.2242045464013849,0.7430341243743896,0.1816671083232112,0.9624502658843994,0.2249818435107915,0.6176803112030029,0.2207204312144001,0.7565698623657227,0.7897435897435897,0.2562301158905029,7576,0.4570732116699219,0.0,0.4572494029998779,0.0302672545751587,0.0277233123779296,9.514970049942274,0.0023624897003173,0.0803248149624859,2.501056909561157,0.2769230769230769,0.0006337165832519,2,0,2804,['cluster'],['intersecting']
figure_descending_markersize160_parkinsons_abs_croped_pca.png,parkinsons_abs_croped_pca,195,2,160,0.4148455842124803,0.5661890506744385,0.4493087124097745,0.7814724445343018,0.6311222347759473,0.8077554702758789,0.3791273051767353,0.7837128639221191,0.3966927327491494,0.6908042430877686,0.2717041067331897,0.8076238632202148,0.2779986724982045,0.8051230907440186,0.2581144846864047,0.9913246631622314,0.2591904043653154,0.612682580947876,0.2601476307924588,0.6394786834716797,0.20200333776363,0.8515901565551758,0.201262409691286,0.6731219291687012,0.1622317756252881,0.8731346130371094,0.1969008363164928,0.8420925140380859,0.1935321686883095,0.5891380310058594,0.764102564102564,0.5119597911834717,11251,0.5140302181243896,0.0,0.3065626621246338,0.0302672545751587,0.0307235717773437,9.514970049942274,0.0023796558380126,0.09296645520879175,2.971477746963501,0.2769230769230769,0.0005366802215576,3,0,4737,['cluster'],['intersecting']
figure_category_based_markersize10_JavierGeneratedData_3dinterleaved_3classes_umap.png,JavierGeneratedData_3dinterleaved_3classes_umap,600,3,10,0.9192760393927568,0.6083486080169678,0.7381306616183796,0.6747639179229736,1.1114400940515423,0.9367070198059082,0.908079259194188,0.8958709239959717,0.9290509489052048,0.6688988208770752,0.3282566950603218,0.6688070297241211,0.3116603281235517,0.8372170925140381,0.3383955392897009,0.9578638076782228,0.3274628896718022,0.716583251953125,0.3342224127199946,0.8982460498809814,0.1998009911113623,0.6704587936401367,0.1975320690634276,0.8893539905548096,0.1995804902160348,0.9644274711608888,0.1997468471934175,0.7064199447631836,0.203762602437341,0.9094414710998536,0.8383333333333334,0.5909757614135742,2321,0.3484926223754883,0.0,0.3404896259307861,0.0280023438200349,0.0531985759735107,2.118052522683553,0.0055339336395263,-,15.0,0.0016666666666666,0.0020935535430908,0,0,12,"['three_order','linear']",['separated']
figure_category_based_markersize60_JavierGeneratedData_3dinterleaved_3classes_umap.png,JavierGeneratedData_3dinterleaved_3classes_umap,600,3,60,0.7957858740513644,0.5565316677093506,0.4951078120415216,1.0237457752227783,1.4107915831541873,1.0255084037780762,0.7690799906704644,0.5213468074798584,0.818634324908528,1.0088388919830322,0.1940782463068497,0.7834093570709229,0.1717985668003899,0.827505350112915,0.2109389774286686,0.790076494216919,0.1917212125734704,0.9759361743927002,0.1968005900627055,0.8139362335205078,0.1105155241675037,0.8109431266784668,0.1039308892251419,0.5631794929504395,0.1139913800521471,1.215580701828003,0.1095103259038731,0.5509953498840332,0.1118440059094802,1.0711491107940674,0.53,0.393620491027832,13099,0.3888556957244873,0.0,0.6512629985809326,0.0280023438200349,0.0551390647888183,2.118052522683553,0.0054535865783691,-,15.0,0.0016666666666666,0.0020170211791992,0,0,96,"['three_order','linear']",['separated']
figure_category_based_markersize110_JavierGeneratedData_3dinterleaved_3classes_umap.png,JavierGeneratedData_3dinterleaved_3classes_umap,600,3,110,0.7177041446788642,0.614267110824585,0.3890236177893716,0.8372142314910889,1.8102377987439693,1.1120944023132324,0.6844138738301596,0.8647744655609131,0.7461429467000614,0.8886382579803467,0.172808575472761,0.613593339920044,0.1448538500003562,0.8823885917663574,0.1989566628056456,1.3809819221496582,0.1714009654792672,0.6428215503692627,0.1755528009800036,0.8835024833679199,0.098230206683027,0.8582735061645508,0.0889958266484159,0.9155993461608888,0.1052628607931924,1.140627145767212,0.0979677425856654,0.9098899364471436,0.099479146517019,0.609062910079956,0.4283333333333333,0.7333738803863525,19435,0.4412794113159179,0.0,0.4258034229278564,0.0280023438200349,0.0538327693939209,2.118052522683553,0.005763292312622,-,15.0,0.0016666666666666,0.0022623538970947,0,0,193,"['three_order','linear']",['separated']
figure_category_based_markersize160_JavierGeneratedData_3dinterleaved_3classes_umap.png,JavierGeneratedData_3dinterleaved_3classes_umap,600,3,160,0.6634687280732242,0.9772119522094728,0.3295708657949013,0.948451280593872,2.346887512007971,0.938164234161377,0.6276205235624556,0.9466433525085448,0.6950936867885169,0.9269304275512696,0.1645676987401192,0.6940493583679199,0.1325232359365644,0.978391170501709,0.1996127798999983,1.2131001949310305,0.1634350699340842,0.942112922668457,0.1679361980725472,0.9818692207336426,0.0939335534749944,0.6791152954101562,0.0829363153137601,0.9908692836761476,0.1042393921131467,0.8993721008300781,0.0939500298619163,0.9930808544158936,0.0955052393509141,1.0089945793151855,0.3816666666666666,0.8390200138092041,23375,0.5019452571868896,0.0,0.4612836837768554,0.0280023438200349,0.0519487857818603,2.118052522683553,0.0055503845214843,-,15.0,0.0016666666666666,0.0021359920501708,0,0,289,"['three_order','linear']",['separated']
figure_ascending_markersize10_JavierGeneratedData_3dinterleaved_3classes_umap.png,JavierGeneratedData_3dinterleaved_3classes_umap,600,3,10,0.9922774550193872,0.6233127117156982,0.9821545361619476,0.9460701942443848,0.9788563430420044,1.1796250343322754,0.9941796702530464,0.9613173007965088,0.9845971600488584,0.6110711097717285,0.3474790041522161,0.9249513149261476,0.3569806751647594,0.6332504749298096,0.2946241594709108,1.157219648361206,0.3425654588837289,0.626636266708374,0.3435300559581993,0.984337329864502,0.2106167347971002,0.6694817543029785,0.2181322684616953,0.9859452247619628,0.1734091256698401,0.8609087467193604,0.2069345491899545,0.978278875350952,0.2080618519758764,0.63517165184021,0.8383333333333334,0.4701478481292724,2321,0.8536210060119629,0.0,0.5066306591033936,0.0280023438200349,0.0541634559631347,2.118052522683553,0.0051324367523193,0.040125937898419096,14.871928215026855,0.0016666666666666,0.0022006034851074,0,0,0,"['three_order','linear']",['separated']
figure_ascending_markersize60_JavierGeneratedData_3dinterleaved_3classes_umap.png,JavierGeneratedData_3dinterleaved_3classes_umap,600,3,60,0.9821794374167958,0.6624164581298828,0.953310348636956,1.054474115371704,0.9171518832193865,0.9446630477905272,0.983889195062588,0.656137228012085,0.957452323859215,0.9758012294769288,0.2251776348040577,0.6953051090240479,0.2255628181839359,1.0359022617340088,0.1443982955768369,1.2846007347106934,0.213961631540871,0.6674010753631592,0.2100124473322476,1.0352051258087158,0.1271660696310975,0.6719558238983154,0.1279143160489319,0.700129508972168,0.0783683886498203,1.279000759124756,0.1200322305056285,1.0178275108337402,0.1179411259504119,0.7074613571166992,0.53,0.5300500392913818,13099,0.5508561134338379,0.0,0.5120565891265869,0.0280023438200349,0.0562429428100585,2.118052522683553,0.0058784484863281,-,15.0,0.0016666666666666,0.0021367073059082,0,0,0,"['three_order','linear']",['separated']
figure_ascending_markersize110_JavierGeneratedData_3dinterleaved_3classes_umap.png,JavierGeneratedData_3dinterleaved_3classes_umap,600,3,110,0.9751803700471636,1.1554296016693115,0.9331273205641556,0.7470481395721436,0.8496847985467276,1.3487505912780762,0.9758531870047856,0.756263017654419,0.937037310244631,0.7422127723693848,0.214106656734222,1.1113831996917725,0.2121021610027181,0.7262845039367676,0.110740476071646,1.327134132385254,0.2016315806064886,0.7181651592254639,0.1930232696962323,1.1694910526275637,0.1202546394244163,0.7569260597229004,0.1196493815172989,0.7663478851318359,0.0592299976481505,1.387486457824707,0.1124310922466587,0.7835562229156494,0.1075933851547462,1.1827576160430908,0.4283333333333333,0.5756592750549316,19435,0.580167293548584,0.0,0.5550081729888916,0.0280023438200349,0.0527675151824951,2.118052522683553,0.0052244663238525,-,15.0,0.0016666666666666,0.0020956993103027,0,0,0,"['three_order','linear']",['separated']
figure_ascending_markersize160_JavierGeneratedData_3dinterleaved_3classes_umap.png,JavierGeneratedData_3dinterleaved_3classes_umap,600,3,160,0.9671160152970448,1.2227087020874023,0.9181034892324228,0.7813217639923096,0.790006089766019,1.3942737579345703,0.968941848279831,0.8050398826599121,0.921096439805788,0.784839391708374,0.2137378032544455,1.240483045578003,0.2120241345539503,0.8178606033325195,0.0935770005247602,1.0385372638702393,0.2002549215884757,0.8083839416503906,0.1892602079704795,1.2204139232635498,0.1201452753034879,0.7929534912109375,0.1198510983324643,1.277972936630249,0.0497340222571769,1.0491268634796145,0.111666759117918,0.8185129165649414,0.105465217518771,0.7627370357513428,0.3816666666666666,0.6092517375946045,23375,0.6069989204406738,0.0,0.5915265083312988,0.0280023438200349,0.0543141365051269,2.118052522683553,0.0053369998931884,-,15.0,0.0016666666666666,0.001908540725708,0,0,0,"['three_order','linear']",['separated']
figure_descending_markersize10_JavierGeneratedData_3dinterleaved_3classes_umap.png,JavierGeneratedData_3dinterleaved_3classes_umap,600,3,10,0.9183947939827516,1.191806077957153,0.7376851993468401,0.746924638748169,1.1068215321020043,0.9896600246429444,0.9077289793669844,0.7600221633911133,0.9289432927879424,0.7121472358703613,0.3209867436115917,1.208117961883545,0.3103433797433738,0.7837941646575928,0.3651244773968689,0.9591658115386964,0.3249549038828269,0.6959917545318604,0.3332184721048237,0.7595069408416748,0.1944794835083008,0.7543153762817383,0.1965067884504814,0.76120924949646,0.2186224343994167,1.4021868705749512,0.1979002876121673,0.7622804641723633,0.2030219311074332,0.7616493701934814,0.8383333333333334,0.6213986873626709,2321,0.6322588920593262,0.0,0.6113348007202148,0.0280023438200349,0.0515575408935546,2.118052522683553,0.0052824020385742,0.04012593789841905,14.869753122329712,0.0016666666666666,0.0020577907562255,0,0,12,"['three_order','linear']",['separated']
figure_descending_markersize60_JavierGeneratedData_3dinterleaved_3classes_umap.png,JavierGeneratedData_3dinterleaved_3classes_umap,600,3,60,0.7845787680817855,1.2819948196411133,0.4924172089420701,0.8116657733917236,1.3370897203982413,1.0322134494781494,0.7639841622970944,0.8067615032196045,0.8171163320281704,0.8173294067382812,0.1793848300822692,0.8158280849456787,0.1696664897625642,0.7982699871063232,0.2515901760095753,1.522651195526123,0.1854067658289417,0.8364341259002686,0.1944792278111031,0.7735576629638672,0.1012694582233887,0.8155927658081055,0.102490169764652,0.7952163219451904,0.1388591301815983,1.0832395553588867,0.1055056520509277,1.3263323307037354,0.1103745608686365,0.7961018085479736,0.53,0.6539995670318604,13099,0.6547954082489014,0.0,0.665158748626709,0.0280023438200349,0.0524744987487793,2.118052522683553,0.0057251453399658,-,15.0,0.0016666666666666,0.0021798610687255,0,0,96,"['three_order','linear']",['separated']
figure_descending_markersize110_JavierGeneratedData_3dinterleaved_3classes_umap.png,JavierGeneratedData_3dinterleaved_3classes_umap,600,3,110,0.6947145979050968,0.9110667705535888,0.3851393450071098,0.8746562004089355,1.5836697313067054,1.0978858470916748,0.673714815002118,0.8869733810424805,0.7429123054061817,0.8606314659118652,0.1539174250712742,0.8723702430725098,0.1423688062843014,1.3596014976501465,0.2455966167122056,1.1275126934051514,0.1627544946641234,0.8616034984588623,0.1724652248482188,0.8847489356994629,0.086546065040746,0.8858084678649902,0.0873243601073255,0.8511536121368408,0.1331205203579399,1.1437740325927734,0.0925571162865031,0.8981831073760986,0.0975563422804691,0.8776719570159912,0.4283333333333333,0.6674976348876953,19435,0.7047727108001709,0.0,0.6959011554718018,0.0280023438200349,0.0532586574554443,2.118052522683553,0.0057375431060791,-,15.0,0.0016666666666666,0.0021557807922363,0,0,193,"['three_order','linear']",['separated']
figure_descending_markersize160_JavierGeneratedData_3dinterleaved_3classes_umap.png,JavierGeneratedData_3dinterleaved_3classes_umap,600,3,160,0.6320471457395282,0.9464635848999025,0.3251767676815708,0.9217419624328612,1.8557095089596145,1.1740548610687256,0.6125555804444232,0.8823831081390381,0.6904786486958872,0.9208898544311525,0.1434910418027349,0.9259705543518066,0.1298660515999073,0.9865045547485352,0.2493289338976126,1.1588523387908936,0.1532972791712867,0.9517362117767334,0.1643591750368279,0.9793848991394044,0.0809323937234752,0.976710319519043,0.0811343676998689,0.3723511695861816,0.1336424131850158,1.181272268295288,0.0876113898364893,0.968172550201416,0.0932818315225787,0.9691314697265624,0.3816666666666666,0.7361083030700684,23375,0.132636547088623,0.0,0.6886892318725586,0.0280023438200349,0.0480115413665771,2.118052522683553,0.0053043365478515,-,15.0,0.0016666666666666,0.0019657611846923,0,0,289,"['three_order','linear']",['separated']
figure_category_based_markersize10_twosquare-noName_pca.png,twosquare-noName_pca,968,4,10,0.7165919424845402,0.8684632778167725,0.6847450262438548,1.4210233688354492,0.9453787884209596,1.1965970993041992,0.6988215562284171,0.926584005355835,0.697771128663101,0.3112480640411377,0.7165919424845402,1.445566177368164,0.6847450262438548,0.90740966796875,0.9453787884209596,0.6420674324035645,0.6988215562284171,1.4606165885925293,0.697771128663101,0.2969744205474853,0.7165919424845402,1.4986705780029297,0.6847450262438548,0.911118984222412,0.9453787884209596,0.6425001621246338,0.6988215562284171,1.4931836128234863,0.697771128663101,0.2903022766113281,1.0,0.7780551910400391,704,0.7448251247406006,0.0,0.7729287147521973,0.0289856347290432,0.0935156345367431,11.583686084794715,0.0084037780761718,-,15.0,0.2272727272727272,0.0037338733673095,0,0,0,['cluster'],['intersecting']
figure_category_based_markersize60_twosquare-noName_pca.png,twosquare-noName_pca,968,4,60,0.3479627018619402,0.9840350151062012,0.3408219038322757,0.982417106628418,0.4500862708360194,1.3282451629638672,0.3596295683037956,1.0470259189605713,0.360557441740965,0.3575665950775146,0.3479627018619402,0.9557094573974608,0.3408219038322757,1.614729642868042,0.4500862708360194,0.6599256992340088,0.3596295683037956,0.9530375003814696,0.360557441740965,1.5979225635528564,0.3479627018619402,0.3699424266815185,0.3408219038322757,1.6427524089813232,0.4500862708360194,0.6795854568481445,0.3596295683037956,1.0047760009765625,0.360557441740965,0.936964750289917,1.0,0.9959564208984376,15840,0.7989797592163086,0.0,0.8059463500976562,0.0289856347290432,0.0927402973175048,11.583686084794715,0.0083992481231689,-,15.0,0.2272727272727272,0.0037014484405517,0,0,0,['cluster'],['intersecting']
figure_category_based_markersize110_twosquare-noName_pca.png,twosquare-noName_pca,968,4,110,0.2638594677078578,1.065110206604004,0.2638571892263113,1.0802280902862549,0.2639155786533205,1.4262468814849854,0.2835321945458013,1.761993169784546,0.2850567624536455,0.4267551898956299,0.2385284394710758,1.0768327713012695,0.2378682922535857,1.0677759647369385,0.2473858093757472,2.0630650520324707,0.2563406840810489,0.4638571739196777,0.2577225574927453,1.0466115474700928,0.2176350466374665,1.0835139751434326,0.2165399568548849,1.094214677810669,0.2328046070784106,1.4051518440246582,0.2339082456113366,1.106348752975464,0.2351718375796169,1.147536039352417,0.6818181818181818,0.9653854370117188,48356,0.851752758026123,0.0,0.8097758293151855,0.0289856347290432,0.0937306880950927,11.583686084794715,0.0086104869842529,-,15.0,0.2272727272727272,0.0038816928863525,0,0,294,['cluster'],['intersecting']
figure_category_based_markersize160_twosquare-noName_pca.png,twosquare-noName_pca,968,4,160,0.2314382903432259,0.49593186378479,0.2344461856945657,1.1871371269226074,0.2044158163709543,1.5555298328399658,0.2548169788124552,0.4996340274810791,0.2566277370771849,1.170910120010376,0.2067444703754066,1.2046623229980469,0.208650007457365,1.1865050792694092,0.1879715640917311,1.5367720127105713,0.2274699755491842,1.2197303771972656,0.2290744840544871,1.177903175354004,0.1868121365317574,1.1889152526855469,0.1879678529447368,1.1890060901641846,0.1739760426734163,1.5423789024353027,0.205423851455386,1.18684720993042,0.2068641763981732,1.222569465637207,0.5909090909090909,1.0934019088745115,76296,0.1690254211425781,0.0,0.8859367370605469,0.0289856347290432,0.0971720218658447,11.583686084794715,0.0086894035339355,-,15.0,0.2272727272727272,0.0035102367401123,0,0,714,['cluster'],['intersecting']
figure_ascending_markersize10_twosquare-noName_pca.png,twosquare-noName_pca,968,4,10,0.7165919424845408,1.0393874645233154,0.6847382351777461,0.976682424545288,1.0048046939668966,1.329625368118286,0.6988215562284171,1.0423717498779297,0.697771128663101,0.9932746887207032,0.7165919424845402,1.0354928970336914,0.6847381389348333,0.2949104309082031,1.0048046939668966,1.3232109546661377,0.6988215562284171,1.0824713706970217,0.697771128663101,1.020702600479126,0.7165919424845402,1.0185329914093018,0.6847381389348333,1.041490077972412,1.0048046939668966,1.3565349578857422,0.6988215562284171,0.3149828910827636,0.697771128663101,1.0177481174468994,1.0,0.936781406402588,704,0.893517017364502,0.0,0.1110894680023193,0.0289856347290432,0.0927214622497558,11.583686084794715,0.0086925029754638,-,15.0,0.2272727272727272,0.0035979747772216,0,0,0,['cluster'],['intersecting']
figure_ascending_markersize60_twosquare-noName_pca.png,twosquare-noName_pca,968,4,60,0.3660060262459608,1.113247632980347,0.3436998093792682,1.1050910949707031,0.718310554281542,1.4933502674102783,0.3596295683037956,0.3640656471252441,0.360557441740965,1.1194705963134766,0.3660060262459608,1.1279008388519287,0.3437071393637962,1.1542751789093018,0.718310554281542,1.460076093673706,0.3596295683037956,0.3702466487884521,0.360557441740965,1.070468187332153,0.3660060262459608,1.135545015335083,0.3437071393637962,1.113529920578003,0.718310554281542,1.3885703086853027,0.3596295683037956,1.127833604812622,0.360557441740965,1.150542974472046,1.0,0.3462073802947998,15840,0.9484202861785888,0.0,0.9956059455871582,0.0289856347290432,0.094468355178833,11.583686084794715,0.007962942123413,-,15.0,0.2272727272727272,0.0039358139038085,0,0,0,['cluster'],['intersecting']
figure_ascending_markersize110_twosquare-noName_pca.png,twosquare-noName_pca,968,4,110,0.2898004252751771,1.2435917854309082,0.2676834520166725,0.4286651611328125,0.5314062297480584,1.6073377132415771,0.2845242298646453,1.2510888576507568,0.2851372636104792,1.1752910614013672,0.257923897724852,0.4551815986633301,0.2367050055241663,1.2425096035003662,0.4889675718787085,1.5147080421447754,0.2574380372453154,1.2430262565612793,0.2579294114810332,1.2274022102355957,0.2323649692424308,1.2813990116119385,0.2121484883340876,0.4382786750793457,0.4528060098609,1.52691388130188,0.2350606847524802,1.2693328857421875,0.235461618857511,1.2500402927398682,0.6818181818181818,0.3377614021301269,48356,0.9941692352294922,0.0,0.9679579734802246,0.0289856347290432,0.0959093570709228,11.583686084794715,0.0083322525024414,-,15.0,0.2272727272727272,0.0036909580230712,0,0,0,['cluster'],['intersecting']
figure_ascending_markersize160_twosquare-noName_pca.png,twosquare-noName_pca,968,4,160,0.2603496113411606,1.3360333442687988,0.2386848981404287,1.3311200141906738,0.4696221380580505,1.6423215866088867,0.2562650274573262,0.4869461059570312,0.2567236369775439,1.312045335769653,0.2245524058402022,1.365025520324707,0.2039194925041992,1.2924387454986572,0.4113925647955271,1.7081239223480225,0.2289262777922659,0.5137465000152588,0.2292952866153874,1.2785913944244385,0.1974092857374306,1.3345909118652344,0.1779901024360494,1.3636727333068848,0.3660100966181202,1.6912131309509275,0.2068583128877748,0.4915273189544678,0.2071620912203553,1.3333232402801514,0.5909090909090909,1.2497179508209229,76296,0.1715295314788818,0.0,0.9678375720977784,0.0289856347290432,0.0848424434661865,11.583686084794715,0.0072600841522216,-,15.0,0.2272727272727272,0.0036842823028564,0,0,0,['cluster'],['intersecting']
figure_descending_markersize10_twosquare-noName_pca.png,twosquare-noName_pca,968,4,10,0.6532724359998228,1.1175801753997805,0.6733152431436901,0.3062629699707031,0.6084487677271342,1.4538211822509766,0.6491085655821007,1.1566717624664309,0.6552120263706269,1.1801927089691162,0.6532724359998227,0.3328588008880615,0.673280201422377,1.1642780303955078,0.6084487677271342,1.45636248588562,0.6491085655821007,1.2118096351623535,0.6552120263706269,0.3101050853729248,0.6532724359998227,1.1440143585205078,0.673280201422377,1.1816012859344482,0.6084487677271342,1.5195608139038086,0.6491085655821007,0.3321213722229004,0.6552120263706269,1.1567904949188232,1.0,1.0267963409423828,704,0.1197834014892578,0.0,1.0175869464874268,0.0289856347290432,0.102039098739624,11.583686084794715,0.0094630718231201,-,15.0,0.2272727272727272,0.0037899017333984,0,0,704,['cluster'],['intersecting']
figure_descending_markersize60_twosquare-noName_pca.png,twosquare-noName_pca,968,4,60,0.2955212655232065,1.2212915420532229,0.3311005718207407,0.3771734237670898,0.1956295844430889,1.6115081310272217,0.3053803253124405,1.2126836776733398,0.3121586143955532,0.3575882911682129,0.2955212655232065,1.2750205993652344,0.3310792938806391,1.3097107410430908,0.1956295844430889,0.7107863426208496,0.3053803253124405,1.1996054649353027,0.3121586143955532,1.2673392295837402,0.2955212655232065,1.3061137199401855,0.3310792938806391,0.357616662979126,0.1956295844430889,1.5879366397857666,0.3053803253124405,1.3200645446777344,0.3121586143955532,0.3689672946929931,1.0,1.2654547691345217,15840,1.08555006980896,0.0,0.1083290576934814,0.0289856347290432,0.0846757888793945,11.583686084794715,0.0075652599334716,-,15.0,0.2272727272727272,0.0037465095520019,0,0,15840,['cluster'],['intersecting']
figure_descending_markersize110_twosquare-noName_pca.png,twosquare-noName_pca,968,4,110,0.2193867237345393,1.3191468715667725,0.2554885474397634,1.376845121383667,0.1104523784641839,1.7186288833618164,0.2367087938117472,0.4395143985748291,0.2425772283158125,1.3571524620056152,0.1892533379898529,1.4103007316589355,0.2173350682325379,1.3808207511901855,0.0983320597857839,0.7787582874298096,0.2026898428011452,1.3774008750915527,0.2074703955741904,1.3261549472808838,0.1663980905750598,0.4673230648040771,0.1891068607704764,1.346916437149048,0.0886087206679394,0.7996997833251953,0.1772203592905814,1.3511018753051758,0.1812404836068853,1.368354558944702,0.6818181818181818,1.3126873970031738,48356,0.1517689228057861,0.0,1.0904240608215332,0.0289856347290432,0.089137315750122,11.583686084794715,0.0085787773132324,-,15.0,0.2272727272727272,0.0037689208984375,0,0,36764,['cluster'],['intersecting']
figure_descending_markersize160_twosquare-noName_pca.png,twosquare-noName_pca,968,4,160,0.1910718065142915,1.444512128829956,0.2266999814103664,1.468470811843872,0.0782078546694959,0.8387713432312012,0.2116126623873957,1.4373397827148438,0.2170642458303557,1.4674949645996094,0.1529494655574407,0.5056722164154053,0.1785855574061119,1.5097079277038574,0.0660871780611389,1.7434544563293457,0.1672194448542016,0.5084655284881592,0.1712548565298579,1.493192195892334,0.1275090616925082,1.464064598083496,0.147326597110139,0.5112762451171875,0.0572193120402235,1.8265419006347656,0.1382224187175286,0.5063860416412354,0.1414113144474669,1.4148118495941162,0.5909090909090909,1.339627981185913,76296,0.1701874732971191,0.0,1.117694854736328,0.0289856347290432,0.0879271030426025,11.583686084794715,0.0088031291961669,-,15.0,0.2272727272727272,0.0035083293914794,0,0,56372,['cluster'],['intersecting']
figure_category_based_markersize10_n500-d5-c5-spr0.2-out0_umap.png,n500-d5-c5-spr0.2-out0_umap,500,5,10,0.91863571879647,0.2931122779846191,0.914599391417831,1.3147680759429932,0.908669604779606,0.693840742111206,0.9207360168289496,1.261185884475708,0.9179377095093312,1.3188128471374512,0.864838916930331,0.3015844821929931,0.8479320289569626,1.326024055480957,0.8073077152052797,0.6744544506072998,0.8628854951615544,1.253367900848389,0.8528199001617554,1.2746264934539795,0.8169943962344118,0.3006119728088379,0.7903234411869122,1.228992223739624,0.7262902064062274,1.6790878772735596,0.8118748036482344,0.3028192520141601,0.7963289262530526,1.2583441734313965,0.996,1.139807939529419,227,0.1057643890380859,0.0,1.13163161277771,0.0300762093757196,0.04286789894104,9.797933709272682,0.0043277740478515,0.01140829466938051,12.492550134658812,0.38,0.0021407604217529,0,0,26,['cluster'],['intersecting']
figure_category_based_markersize60_n500-d5-c5-spr0.2-out0_umap.png,n500-d5-c5-spr0.2-out0_umap,500,5,60,0.5678750422083512,0.6489884853363037,0.5927579836229859,0.5600903034210205,0.6577203141480346,1.0246193408966064,0.5771992004189961,0.6528177261352539,0.5925235165548928,0.5816831588745117,0.4726023003877352,0.6938261985778809,0.4804097909173634,0.6069638729095459,0.4721857706399354,0.9641683101654052,0.4742727413845111,0.6939201354980469,0.4800383508412958,0.6809909343719482,0.404704739643265,0.5616459846496582,0.4038636286802236,0.638434886932373,0.3682945560073791,0.9738123416900636,0.4024989254597937,0.7863531112670898,0.4034475303289621,0.5369265079498291,0.996,0.4144706726074219,6403,0.352186918258667,0.0,0.3563840389251709,0.0300762093757196,0.0475220680236816,9.797933709272682,0.005145788192749,0.021537692281720623,14.61564803123474,0.38,0.0027010440826416,0,0,1306,['cluster'],['intersecting']
figure_category_based_markersize110_n500-d5-c5-spr0.2-out0_umap.png,n500-d5-c5-spr0.2-out0_umap,500,5,110,0.3944722683127099,0.7171487808227539,0.4323730601996699,0.6860759258270264,0.5287159685935344,1.0941815376281738,0.404713859736854,0.7297990322113037,0.4282765474644501,0.7076425552368164,0.3217538258266256,0.625572919845581,0.3395270369680774,0.8538994789123535,0.3544143276935894,0.9397389888763428,0.3257504766365738,0.8381795883178711,0.3370460105598479,0.5926868915557861,0.2716726993460753,0.8518695831298828,0.2795068736560983,0.5834212303161621,0.2665431306691597,1.285566329956055,0.2725696415597053,0.6449580192565918,0.2778574269387521,0.8869872093200684,0.98,0.4944295883178711,18658,0.2817180156707763,0.0,0.4315848350524902,0.0300762093757196,0.0448672771453857,9.797933709272682,0.0047981739044189,-,15.0,0.38,0.002387523651123,0,0,4765,['cluster'],['intersecting']
figure_category_based_markersize160_n500-d5-c5-spr0.2-out0_umap.png,n500-d5-c5-spr0.2-out0_umap,500,5,160,0.3170309404275138,0.918996810913086,0.3562860583685252,0.6636970043182373,0.4598263383498848,1.1926872730255127,0.3267696814267486,0.8252506256103516,0.3509168186086203,0.863483190536499,0.2552105637206011,0.8196747303009033,0.274450967578159,0.8396234512329102,0.2957067445440607,1.2594122886657717,0.2594564668943355,0.8628714084625244,0.2712353263384998,0.8059341907501221,0.2135656954695793,1.0260591506958008,0.2231872477317747,0.7450697422027588,0.2179255325846637,1.1116297245025637,0.2151387636979672,0.8445823192596436,0.221043685979011,0.8739161491394043,0.964,0.5271201133728027,32640,0.5237758159637451,0.0,0.3273370265960693,0.0300762093757196,0.0461230278015136,9.797933709272682,0.0047347545623779,-,15.0,0.38,0.0022153854370117,0,0,9387,['cluster'],['intersecting']
figure_ascending_markersize10_n500-d5-c5-spr0.2-out0_umap.png,n500-d5-c5-spr0.2-out0_umap,500,5,10,0.931828971580453,0.4691381454467773,0.9194761444945754,0.6590049266815186,0.9039923299736202,1.1884403228759766,0.9348915779318834,0.8541011810302734,0.9240024876923044,0.6301651000976562,0.8769162051562489,0.8542370796203613,0.8522858305495215,0.6710555553436279,0.8028738671883311,1.0400738716125488,0.8757031499717488,0.6735038757324219,0.8582354415262747,0.6677379608154297,0.8281152951585434,0.8884532451629639,0.7942466096601173,0.6995930671691895,0.7221013077397151,1.025066614151001,0.8235629877118149,0.8943979740142822,0.8012084185948334,0.658376932144165,0.996,0.5930435657501221,227,0.3405468463897705,0.0,0.575129508972168,0.0300762093757196,0.0455453395843505,9.797933709272684,0.0050032138824462,0.011408294669380509,10.30617904663086,0.38,0.0024604797363281,0,0,0,['cluster'],['intersecting']
figure_ascending_markersize60_n500-d5-c5-spr0.2-out0_umap.png,n500-d5-c5-spr0.2-out0_umap,500,5,60,0.6449869822329819,0.7584235668182373,0.6285139262633292,0.7300477027893066,0.5862761066461387,1.1443681716918943,0.6529326044867219,0.735144853591919,0.6323700337085923,0.9859161376953124,0.5271622046549344,0.5429041385650635,0.5046636346528341,0.8694596290588379,0.431183180691664,1.1536645889282229,0.5277605328432793,0.7747085094451904,0.5070187626104559,0.7968263626098633,0.4457361271041543,0.7544376850128174,0.4215885271023966,0.7661359310150146,0.3409805175439395,1.378084421157837,0.4428607998713735,0.7866857051849365,0.4231416880704484,0.8054430484771729,0.996,0.4304945468902588,6403,0.6514806747436523,0.0,0.366140604019165,0.0300762093757196,0.0418298244476318,9.797933709272684,0.0045168399810791,0.02153769228172063,12.32477569580078,0.38,0.0024459362030029,0,0,0,['cluster'],['intersecting']
figure_ascending_markersize110_n500-d5-c5-spr0.2-out0_umap.png,n500-d5-c5-spr0.2-out0_umap,500,5,110,0.4866463093872298,0.6037330627441406,0.4765223118195464,0.586306095123291,0.4304265616459789,1.502950668334961,0.4917658475931312,0.8511388301849365,0.4758719127294638,0.6188921928405762,0.3843246069971714,0.8525340557098389,0.3684989518719932,0.8311748504638672,0.3036993691449728,1.5235724449157717,0.3836595032504928,0.6143577098846436,0.3675689449933885,1.1117713451385498,0.3175557039803931,0.6307737827301025,0.3004007743625493,0.9025964736938475,0.2346215461390177,1.2618861198425293,0.3145180645802301,0.82576584815979,0.2994235848939022,1.175326585769653,0.98,0.5041666030883789,18658,0.4118440151214599,0.0,0.7242581844329834,0.0300762093757196,0.0456600189208984,9.797933709272684,0.0051279067993164,0.027780327900089174,13.448566198349,0.38,0.0020365715026855,0,0,0,['cluster'],['intersecting']
figure_ascending_markersize160_n500-d5-c5-spr0.2-out0_umap.png,n500-d5-c5-spr0.2-out0_umap,500,5,160,0.4095089389305759,0.3512628078460693,0.4010816196299936,0.9382326602935792,0.353735965623831,1.6456263065338137,0.4133117297038352,0.6964991092681885,0.3988829693617505,0.9054253101348876,0.3172859864553813,0.9702310562133788,0.3036658432455336,0.7046968936920166,0.2442205641274379,1.376270771026611,0.3159168583605561,0.9635491371154784,0.3018366386726024,1.0114006996154783,0.2589658936904258,0.7038428783416748,0.2443238203629423,0.9646940231323242,0.1864853580764461,1.4163634777069092,0.2556695819163002,0.9926466941833496,0.2427714891689805,0.6992661952972412,0.964,0.8912384510040283,32640,0.4814071655273437,0.0,0.4355316162109375,0.0300762093757196,0.0467956066131591,9.797933709272684,0.0051488876342773,-,15.0,0.38,0.0020890235900878,0,0,0,['cluster'],['intersecting']
figure_descending_markersize10_n500-d5-c5-spr0.2-out0_umap.png,n500-d5-c5-spr0.2-out0_umap,500,5,10,0.8560847030810943,0.6100361347198486,0.8888397047389237,0.9003000259399414,0.993995908154672,1.3291938304901123,0.8633248244129103,0.9282140731811525,0.8818814415234066,0.605644941329956,0.8083933515568157,0.8674497604370117,0.8254661376986392,0.9452691078186036,0.8756804109544205,1.351449728012085,0.8114795674578373,0.5875403881072998,0.8212047029559484,0.938786506652832,0.7657352491402607,0.6288290023803711,0.7705280947545589,0.957726001739502,0.7825351256397082,1.335500717163086,0.7655084768975391,0.9839293956756592,0.768340037278948,0.6398451328277588,0.996,0.4781327247619629,227,0.4812116622924804,0.0,0.8780815601348877,0.0300762093757196,0.0456809997558593,9.797933709272684,0.0047216415405273,0.011408294669380509,10.498172283172607,0.38,0.0023841857910156,0,0,79,['cluster'],['intersecting']
figure_descending_markersize60_n500-d5-c5-spr0.2-out0_umap.png,n500-d5-c5-spr0.2-out0_umap,500,5,60,0.4871294797602589,0.7036480903625488,0.5538007127762918,1.0379951000213623,0.8677217180728887,1.0111713409423828,0.488723729546991,1.0193212032318115,0.5340327536408787,1.076016902923584,0.4124593764171514,0.6763253211975098,0.4523580981105917,0.969597578048706,0.5745656131322427,1.041245460510254,0.4093585002517004,1.0395948886871338,0.4381149317985555,1.005333662033081,0.3576384310334352,0.6802792549133301,0.3823255066812513,1.029899835586548,0.4294707428198477,1.0858125686645508,0.3521688106251646,1.071681261062622,0.3714064762304622,0.6924259662628174,0.996,0.5731606483459473,6403,0.5133180618286133,0.0,0.8947327136993408,0.0300762093757196,0.0467100143432617,9.797933709272684,0.0048327445983886,0.02153769228172063,12.256258010864258,0.38,0.0020914077758789,0,0,2924,['cluster'],['intersecting']
figure_descending_markersize110_n500-d5-c5-spr0.2-out0_umap.png,n500-d5-c5-spr0.2-out0_umap,500,5,110,0.3289930591724997,0.7673373222351074,0.3959602196175233,0.746812105178833,0.7740711553384575,1.5021071434020996,0.3312299439015046,0.7495040893554688,0.3766054657024219,1.1485519409179688,0.2728209536463557,0.7488257884979248,0.3118743930021848,1.1465532779693604,0.4475860922536747,1.1291978359222412,0.2722792926109373,1.1152043342590332,0.3000572823778195,0.7583904266357422,0.2330330164117781,0.7468404769897461,0.257245849883155,1.142547607421875,0.3148076197693944,1.1421723365783691,0.2311418249097436,1.121729612350464,0.2493706335807555,0.7377781867980957,0.98,1.0904362201690674,18658,0.5775277614593506,0.0,0.1094691753387451,0.0300762093757196,0.0447471141815185,9.797933709272684,0.0044407844543457,0.027780327900089174,14.077632188796995,0.38,0.0025007724761962,1,0,10061,['cluster'],['intersecting']
figure_descending_markersize160_n500-d5-c5-spr0.2-out0_umap.png,n500-d5-c5-spr0.2-out0_umap,500,5,160,0.2589908996357767,1.2234432697296145,0.3213669833697473,0.7988474369049072,0.7132009323985833,1.1477413177490234,0.2616907391412336,0.8161783218383789,0.3040143682134275,1.271564245223999,0.2121704866699084,0.8085942268371582,0.2480969878096611,1.2371830940246582,0.3810642484270977,1.202589511871338,0.2128447029270024,0.8274452686309814,0.2381226097905465,0.8151469230651855,0.1796866988056339,1.2290115356445312,0.2020342360508626,0.8301830291748047,0.2599881349584566,1.658216953277588,0.1793651897347929,0.8275344371795654,0.1957055846333165,0.8384678363800049,0.964,0.6925594806671143,32640,0.6074399948120117,0.0,0.5767257213592529,0.0300762093757196,0.0444676876068115,9.797933709272684,0.0047051906585693,-,15.0,0.38,0.0022823810577392,2,0,19499,['cluster'],['intersecting']
figure_category_based_markersize10_ms_interleaved_120_240_3d_25_centeredClusters_umap.png,ms_interleaved_120_240_3d_25_centeredClusters_umap,496,3,10,0.8633833819325908,0.7476634979248047,0.8948734190442564,0.7625951766967773,1.0042830681630572,1.371047019958496,0.8741111111618146,0.7330069541931152,0.8974011897847086,0.718599796295166,0.6893175450303148,0.7398993968963623,0.7217451576434506,0.757636547088623,0.7538090671716478,1.3696868419647217,0.6885804802378466,0.7574329376220703,0.7099886635198869,0.753309965133667,0.5736621151656343,0.7405250072479248,0.6047467609132229,0.7040388584136963,0.6033340647352667,1.433014154434204,0.5680182506969544,0.7719366550445557,0.5873309508812575,0.7512238025665283,0.9818548387096774,0.5879249572753906,476,0.5818321704864502,0.0,0.5866363048553467,0.030089895745817,0.0427057743072509,7.259714393391302,0.0045022964477539,0.016239641910187893,12.940945148468018,0.094758064516129,0.0017762184143066,0,0,22,"['three_order','cluster']",['touching']
figure_category_based_markersize60_ms_interleaved_120_240_3d_25_centeredClusters_umap.png,ms_interleaved_120_240_3d_25_centeredClusters_umap,496,3,60,0.6802772826468118,0.3234360218048095,0.7467367032189067,1.2989122867584229,0.9210700590241718,1.045300006866455,0.7006318665254617,0.7824633121490479,0.7405942163016113,0.7507824897766113,0.3894488968634664,1.2962639331817627,0.415851512137899,0.8038530349731445,0.4120229691267906,1.0019588470458984,0.391883951243702,0.8044140338897705,0.4061957439441109,0.8054704666137695,0.2728160754291078,0.8185520172119141,0.2881637695419995,1.2803571224212646,0.2653642890577948,1.0495538711547852,0.2720149434038209,0.8117005825042725,0.2798402461942085,0.7870035171508789,0.9717741935483872,0.6706247329711914,9328,0.6337392330169678,0.0,0.6340672969818115,0.030089895745817,0.0404751300811767,7.259714393391302,0.0043392181396484,0.02951841075704312,14.993203401565552,0.094758064516129,0.0016419887542724,0,0,282,"['three_order','cluster']",['touching']
figure_category_based_markersize110_ms_interleaved_120_240_3d_25_centeredClusters_umap.png,ms_interleaved_120_240_3d_25_centeredClusters_umap,496,3,110,0.5625848773269473,0.8753948211669922,0.64113181986555,0.8680679798126221,0.869061284223835,1.0886521339416504,0.5843388952386923,0.8642086982727051,0.6293356078418153,0.8590981960296631,0.2948550827830063,0.8703808784484863,0.3178064301306217,0.8598940372467041,0.3178154205465978,1.1016912460327148,0.296810695183309,0.8012335300445557,0.3085331188731933,0.8718342781066895,0.1997808977684633,1.3885762691497805,0.2112647537769074,0.8806123733520508,0.1944657378754547,1.0888280868530271,0.1989271468720165,0.9078769683837892,0.2043606908903198,0.8992981910705566,0.939516129032258,0.7257809638977051,23010,0.6788082122802734,0.0,0.6663918495178223,0.030089895745817,0.0430846214294433,7.259714393391302,0.0044944286346435,-,15.0,0.094758064516129,0.0020403861999511,0,0,952,"['three_order','cluster']",['touching']
figure_category_based_markersize160_ms_interleaved_120_240_3d_25_centeredClusters_umap.png,ms_interleaved_120_240_3d_25_centeredClusters_umap,496,3,160,0.494452228903682,0.9440977573394777,0.5758078500400865,0.8857831954956055,0.8331441228889358,1.7208821773529053,0.5155494843508406,0.9541525840759276,0.5615731000106796,0.9057681560516356,0.2512934163875032,0.9299638271331788,0.2724333746830437,0.9501121044158936,0.2761161027257182,1.195648193359375,0.2530552260645005,0.9183893203735352,0.2634675423344023,0.9252197742462158,0.1684527248974717,0.9484078884124756,0.1784263300385914,0.9521608352661132,0.1654791526147656,1.2008819580078125,0.1676801497916329,0.9104046821594238,0.1721064995367134,0.9472126960754396,0.9254032258064516,0.7660832405090332,36400,0.1231026649475097,0.0,0.6885228157043457,0.030089895745817,0.0457637310028076,7.259714393391302,0.004948616027832,-,15.0,0.094758064516129,0.001708984375,0,0,1817,"['three_order','cluster']",['touching']
figure_ascending_markersize10_ms_interleaved_120_240_3d_25_centeredClusters_umap.png,ms_interleaved_120_240_3d_25_centeredClusters_umap,496,3,10,0.9289254541089924,0.873436450958252,0.9335580770439018,0.8377296924591064,0.9393553206867834,1.0617609024047852,0.9329226545997374,0.8648865222930908,0.9307474643739444,0.870187520980835,0.7326370837629451,0.8627026081085205,0.7443203070587514,0.2979099750518799,0.7116488210036787,1.6020607948303225,0.72272833426582,0.8668034076690674,0.7316749652138927,0.8943264484405518,0.6048319181122668,0.8455822467803955,0.6188713971476909,0.267906904220581,0.572798368348997,1.686095952987671,0.5898343309938581,0.8865876197814941,0.6027549880501233,0.2722256183624267,0.9818548387096774,0.7227129936218262,476,0.6781501770019531,0.0,0.6991913318634033,0.030089895745817,0.0411229133605957,7.259714393391303,0.0048365592956542,0.016239641910187886,10.70837950706482,0.094758064516129,0.0017130374908447,0,0,0,"['three_order','cluster']",['touching']
figure_ascending_markersize60_ms_interleaved_120_240_3d_25_centeredClusters_umap.png,ms_interleaved_120_240_3d_25_centeredClusters_umap,496,3,60,0.7530070383269506,0.9105100631713868,0.7937113120608419,0.9038093090057372,0.8214540986618487,1.1339941024780271,0.761485419634981,0.9405906200408936,0.7782417677850301,0.9045937061309814,0.4188872797440741,0.9087073802947998,0.4319185881374691,0.8942039012908936,0.3802759472489333,1.1632771492004397,0.412315590733464,0.911449670791626,0.4188702914943203,0.9245591163635254,0.2901456120937459,0.956892728805542,0.2966832296713353,0.9283215999603271,0.2474031813076691,1.1159381866455078,0.2826910610159536,0.9197068214416504,0.2865493680060119,0.941676378250122,0.9717741935483872,0.8094701766967773,9328,0.1123344898223877,0.0,0.7018017768859863,0.030089895745817,0.0443120002746582,7.259714393391303,0.0047340393066406,0.02951841075704315,12.407385349273682,0.094758064516129,0.0017168521881103,0,0,0,"['three_order','cluster']",['touching']
figure_ascending_markersize110_ms_interleaved_120_240_3d_25_centeredClusters_umap.png,ms_interleaved_120_240_3d_25_centeredClusters_umap,496,3,110,0.6383946025491237,0.973259210586548,0.6897394599895734,0.9639747142791748,0.7318991795898594,1.1877548694610596,0.6498939506767025,0.9806368350982666,0.6715900570256341,0.9597172737121582,0.3244707905105095,0.997589349746704,0.3346589572814344,0.9728331565856934,0.2852497793128618,1.824613332748413,0.3172165838328696,0.3490395545959472,0.3210993686048509,0.969611644744873,0.2175117042511789,1.607436180114746,0.2209256108391782,0.3688175678253174,0.1771450774484445,1.1907193660736084,0.209813919062424,0.96933913230896,0.2109883629380357,1.6070313453674316,0.939516129032258,0.1704447269439697,23010,0.7781784534454346,0.0,0.7745263576507568,0.030089895745817,0.0409975051879882,7.259714393391303,0.004807710647583,0.036961081189361096,13.594768047332764,0.094758064516129,0.0017154216766357,0,0,0,"['three_order','cluster']",['touching']
figure_ascending_markersize160_ms_interleaved_120_240_3d_25_centeredClusters_umap.png,ms_interleaved_120_240_3d_25_centeredClusters_umap,496,3,160,0.5733463067338627,1.0160658359527588,0.6259153908227442,1.0202174186706543,0.667138110666442,1.2782180309295654,0.5859876792342724,0.9655156135559082,0.6078795489329231,1.0270626544952393,0.2817794426757484,1.019733428955078,0.2899901342321018,1.0515108108520508,0.2418705350715301,1.256345272064209,0.2748333070541017,1.0630340576171875,0.276908440543512,0.3739759922027588,0.1867900827822326,1.7039518356323242,0.1887103531034355,0.3543524742126465,0.1477116549491258,1.2629365921020508,0.1795133017374616,1.041651725769043,0.1792904724734331,1.0219638347625732,0.9254032258064516,0.8331966400146484,36400,0.8088219165802002,0.0,0.789046049118042,0.030089895745817,0.0459048748016357,7.259714393391303,0.0047564506530761,-,15.0,0.094758064516129,0.0021111965179443,0,0,0,"['three_order','cluster']",['touching']
figure_descending_markersize10_ms_interleaved_120_240_3d_25_centeredClusters_umap.png,ms_interleaved_120_240_3d_25_centeredClusters_umap,496,3,10,0.8535002174735068,0.9841697216033936,0.8880952194570625,0.9311285018920898,1.0348002460528942,0.5172133445739746,0.8609909368704655,0.9780638217926024,0.8880897417134728,0.9325511455535888,0.6783786280093886,0.9562773704528807,0.716924401842052,0.9530582427978516,0.7722065703523746,1.2069804668426514,0.6794214977260412,0.9211843013763428,0.7005500978575452,0.9718551635742188,0.5628855062475868,0.9668519496917723,0.6010738678528209,0.9848980903625488,0.6159112784530015,1.223597764968872,0.5610953238920379,0.959535837173462,0.5784068042491329,0.2798409461975097,0.9818548387096774,0.810051441192627,476,0.8415584564208984,0.0,0.8229525089263916,0.030089895745817,0.0467233657836914,7.259714393391301,0.0045342445373535,0.01623964191018789,9.934638500213625,0.094758064516129,0.001716136932373,0,0,55,"['three_order','cluster']",['touching']
figure_descending_markersize60_ms_interleaved_120_240_3d_25_centeredClusters_umap.png,ms_interleaved_120_240_3d_25_centeredClusters_umap,496,3,60,0.6438856759409958,0.9723248481750488,0.7064912476773116,1.0007987022399902,1.0813365256803706,1.2068111896514893,0.6454060200440288,1.024048089981079,0.7014059869047828,1.016782283782959,0.3704818559529752,1.0124461650848389,0.3999256412329445,0.9965624809265136,0.4519759174614378,1.2562179565429688,0.3707551280602293,0.3172945976257324,0.391081092138961,1.0199089050292969,0.2600574423917948,1.0188400745391846,0.2789023775943757,1.0198779106140137,0.28569526340699,1.2458276748657229,0.2600791195458436,1.0567138195037842,0.2711260715286071,1.0174198150634766,0.9717741935483872,0.1544654369354248,9328,0.8542065620422363,0.0,0.8456900119781494,0.030089895745817,0.0450389385223388,7.259714393391301,0.0047831535339355,0.029518410757043114,12.7757887840271,0.094758064516129,0.0018341541290283,0,0,1137,"['three_order','cluster']",['touching']
figure_descending_markersize110_ms_interleaved_120_240_3d_25_centeredClusters_umap.png,ms_interleaved_120_240_3d_25_centeredClusters_umap,496,3,110,0.5116544455081782,0.356682538986206,0.5838346462476609,1.066965103149414,1.1475782875401934,1.308912754058838,0.5173340259589793,1.0533454418182373,0.581173093288762,1.0754408836364746,0.272697893410161,1.0940427780151367,0.2986315087695668,0.3441977500915527,0.3628802810664953,1.271111249923706,0.2755584008837373,1.066192388534546,0.2946415279053026,1.0894560813903809,0.1858846857946301,1.0120434761047363,0.2006258238087135,1.0722134113311768,0.2155144855932259,1.3185052871704102,0.1877933401607818,0.3606250286102295,0.1973456365280778,1.0782694816589355,0.939516129032258,0.899653434753418,23010,0.893857479095459,0.0,0.1072521209716796,0.030089895745817,0.0460186004638671,7.259714393391301,0.0047304630279541,0.036961081189361096,13.588042497634888,0.094758064516129,0.0016074180603027,0,0,3568,"['three_order','cluster']",['touching']
figure_descending_markersize160_ms_interleaved_120_240_3d_25_centeredClusters_umap.png,ms_interleaved_120_240_3d_25_centeredClusters_umap,496,3,160,0.43519703636226,1.0876703262329102,0.5107438976347907,1.0592784881591797,1.230980527715003,1.3611807823181152,0.4425614981653041,1.1341056823730469,0.5079681897121662,1.0775439739227295,0.226738333751979,1.1354472637176514,0.2515342633008481,0.3989787101745605,0.3256595450965311,1.4395134449005127,0.230386926682245,1.1119472980499268,0.2488868790028465,1.1307673454284668,0.1533053228673123,1.1489026546478271,0.1668536927137427,0.3959181308746338,0.1876516759171236,1.352996587753296,0.1557274574546626,1.154862403869629,0.1648219799383423,1.1503989696502686,0.9254032258064516,1.0017156600952148,36400,0.1244759559631347,0.0,0.8923957347869873,0.030089895745817,0.0415205955505371,7.259714393391301,0.0045065879821777,-,15.0,0.094758064516129,0.0016839504241943,0,0,6539,"['three_order','cluster']",['touching']
figure_category_based_markersize10_JavierGeneratedData_3dinterleaved_5classes_pca.png,JavierGeneratedData_3dinterleaved_5classes_pca,500,5,10,0.9601624457796064,1.057521104812622,0.9677691256760476,1.076014280319214,0.9876085190533702,0.6385929584503174,0.9281886498401096,1.07250714302063,0.9429693482947,1.0444388389587402,0.8814229196742775,1.060318946838379,0.8858269574097684,1.0523393154144287,0.8804321650399647,0.6715559959411621,0.8751506808005752,1.0891923904418943,0.8887049829334774,1.0133287906646729,0.8146189045970835,1.1055474281311035,0.8166778665904545,1.1010799407958984,0.7942403371050561,0.6716749668121338,0.8278464048869985,1.0814378261566162,0.8403461967915153,1.1013779640197754,0.996,0.9410982131958008,172,0.1088862419128418,0.0,0.8940126895904541,0.0304933448215613,0.0534119606018066,10.68275460464017,0.0046911239624023,0.009920638101599518,13.387144565582275,0.264,0.0025649070739746,0,0,26,['cluster'],['intersecting']
figure_category_based_markersize60_JavierGeneratedData_3dinterleaved_5classes_pca.png,JavierGeneratedData_3dinterleaved_5classes_pca,500,5,60,0.7920571329837677,1.2089059352874756,0.8147134213088019,0.3169136047363281,0.8532206300446138,1.4697158336639404,0.698026038802422,1.1529014110565186,0.7290310279191032,1.1347885131835938,0.5881620361197064,0.3131351470947265,0.5847356432145501,1.133023738861084,0.5567544770802748,1.5361852645874023,0.5693544628263065,1.165635108947754,0.5858410849321563,0.3154239654541015,0.4677512857519748,1.0938215255737305,0.4560122423896608,1.147735357284546,0.4131859326688405,1.5744633674621582,0.4807371320015149,1.1091923713684082,0.4896652827570403,0.3170361518859863,0.992,1.0320684909820557,5241,0.961310863494873,0.0,0.1127493381500244,0.0304933448215613,0.0504586696624755,10.68275460464017,0.0047144889831542,-,15.0,0.264,0.0020830631256103,0,0,1034,['cluster'],['intersecting']
figure_category_based_markersize110_JavierGeneratedData_3dinterleaved_5classes_pca.png,JavierGeneratedData_3dinterleaved_5classes_pca,500,5,110,0.6453709210007705,1.2058165073394775,0.6752932035736344,1.2374966144561768,0.7120684612899242,0.7523517608642578,0.5396378967832471,1.14074444770813,0.5701738515423138,1.2082324028015137,0.4204720956014177,1.2437164783477783,0.4165636824439005,0.3551952838897705,0.3847940519442735,1.5704503059387207,0.4011850691319655,1.2428383827209473,0.4131814587447167,1.1945946216583252,0.3118119005238333,1.2129230499267578,0.3011732114968659,0.3540055751800537,0.2636278327612178,1.6233453750610352,0.3192709457982402,1.2350609302520752,0.3239771724170253,0.3399057388305664,0.98,1.0928361415863037,17418,1.0306882858276367,0.0,0.1096436977386474,0.0304933448215613,0.0547692775726318,10.68275460464017,0.0046257972717285,-,15.0,0.264,0.0025336742401123,0,0,3975,['cluster'],['intersecting']
figure_category_based_markersize160_JavierGeneratedData_3dinterleaved_5classes_pca.png,JavierGeneratedData_3dinterleaved_5classes_pca,500,5,160,0.5503535432428015,1.2924525737762451,0.5824441431091638,1.256977081298828,0.614659379196894,1.6314647197723389,0.4539273723603192,0.4039862155914306,0.4790261128945473,1.26421856880188,0.3353828522660766,1.2301101684570312,0.3331722708063176,1.267435073852539,0.3050247486352127,0.7651708126068115,0.3213459321269989,1.252509593963623,0.3293704805023477,1.265155553817749,0.2411777032981875,0.3864278793334961,0.233317904406815,1.2500417232513428,0.2028427325681516,1.629274845123291,0.2487050688019957,1.2512421607971191,0.2509649153329205,0.4061193466186523,0.934,1.146493911743164,31845,1.082180738449097,0.0,0.1064753532409668,0.0304933448215613,0.0511949062347412,10.68275460464017,0.004650592803955,-,15.0,0.264,0.0022807121276855,0,0,8270,['cluster'],['intersecting']
figure_ascending_markersize10_JavierGeneratedData_3dinterleaved_5classes_pca.png,JavierGeneratedData_3dinterleaved_5classes_pca,500,5,10,0.9642605990831582,1.2106387615203855,0.968239514886016,1.1174120903015137,0.9714577004062332,1.5897164344787598,0.960048951924276,0.2974720001220703,0.9666039942085216,1.2133667469024658,0.8875268527693223,1.2024779319763184,0.8882880161678846,0.2794632911682129,0.8690951395623353,1.5779685974121094,0.906836767333579,1.2339317798614502,0.9123916390192136,0.288813829421997,0.8221054980153282,1.1980791091918943,0.820533229812886,1.2497506141662598,0.7862481238066298,0.679102897644043,0.8592135399956059,1.1692540645599363,0.8639373801944576,1.178163766860962,0.996,0.1156108379364013,172,1.0281944274902344,0.0,0.1054451465606689,0.0304933448215613,0.051973819732666,10.68275460464017,0.0049688816070556,0.009920638101599518,11.048618793487549,0.264,0.002148151397705,0,0,0,['cluster'],['intersecting']
figure_ascending_markersize60_JavierGeneratedData_3dinterleaved_5classes_pca.png,JavierGeneratedData_3dinterleaved_5classes_pca,500,5,60,0.8190741072748475,1.2496347427368164,0.8180010048804205,0.3277933597564697,0.7945970124534687,1.6111962795257568,0.8116229551798597,1.262587547302246,0.8157421887473866,0.3292915821075439,0.6105645202945906,1.2844271659851074,0.5900653936136826,1.2498114109039309,0.5283498957440463,0.7096457481384277,0.6515863543568157,1.2828338146209717,0.6462576289042378,1.2533185482025146,0.4866733407603478,0.3348729610443115,0.4614754636845476,1.26100492477417,0.3957464034038657,0.6795306205749512,0.5442672170625606,1.2321922779083252,0.535084551298695,1.2619493007659912,0.992,1.1580007076263428,5241,0.1109764575958252,0.0,1.1029860973358154,0.0304933448215613,0.0487275123596191,10.68275460464017,0.0044071674346923,0.019760450279153914,11.776055812835692,0.264,0.0022614002227783,0,0,0,['cluster'],['intersecting']
figure_ascending_markersize110_JavierGeneratedData_3dinterleaved_5classes_pca.png,JavierGeneratedData_3dinterleaved_5classes_pca,500,5,110,0.691472905738707,0.6919772624969482,0.6805631208019238,0.5842735767364502,0.630449314484698,1.0496456623077393,0.6966017513773735,0.6642565727233887,0.6926169347386097,0.6292803287506104,0.4503869811838759,0.6214089393615723,0.4221276340485157,0.715517520904541,0.3530011345305907,1.0794954299926758,0.491842367487604,0.6618759632110596,0.4798953484603759,0.6049766540527344,0.3339525448363057,0.7129473686218262,0.3059477380405588,0.7462420463562012,0.245126046321659,1.013474941253662,0.3801120784866152,0.6639950275421143,0.3671374160381808,0.6769075393676758,0.98,0.4508852958679199,17418,0.2500638961791992,0.0,0.4857566356658935,0.0304933448215613,0.0550143718719482,10.68275460464017,0.004854679107666,0.027175796636818052,13.22723150253296,0.264,0.0025064945220947,0,0,0,['cluster'],['intersecting']
figure_ascending_markersize160_JavierGeneratedData_3dinterleaved_5classes_pca.png,JavierGeneratedData_3dinterleaved_5classes_pca,500,5,160,0.6074899535319058,0.5007076263427734,0.5887124502564426,0.7181613445281982,0.5230659442864218,1.1416540145874023,0.6268557090009341,0.7389011383056641,0.6126262337351455,0.6973588466644287,0.3680401403334765,0.7531216144561768,0.3385998305254094,0.7754008769989014,0.2727507799001917,1.128410577774048,0.4087051951081969,0.7900776863098145,0.3924705100126823,0.7621645927429199,0.2639865271791559,0.7721765041351318,0.2376394590686292,0.7794146537780762,0.1844713332708749,1.1932094097137451,0.3031920687809545,0.8234677314758301,0.2887163059286349,0.7935795783996582,0.934,0.5200862884521484,31845,0.4482364654541015,0.0,0.2726354598999023,0.0304933448215613,0.0517308712005615,10.68275460464017,0.0045404434204101,-,15.0,0.264,0.0023839473724365,0,0,0,['cluster'],['intersecting']
figure_descending_markersize10_JavierGeneratedData_3dinterleaved_5classes_pca.png,JavierGeneratedData_3dinterleaved_5classes_pca,500,5,10,0.9566830443840664,0.7096755504608154,0.9649798208079357,0.7021622657775879,0.992448346574094,1.1183128356933594,0.928180456149722,0.722480058670044,0.9429668409085644,0.6054708957672119,0.8773481356587329,0.7401876449584961,0.883240130691387,0.6930410861968994,0.8861601288003195,1.0940425395965576,0.874671879862653,0.768294095993042,0.8885186081138977,0.7678945064544678,0.810163649083067,0.7391104698181152,0.8142667583335438,0.7814090251922607,0.8004358671268508,1.1585450172424316,0.8269964495956875,0.7893631458282471,0.840014961745933,0.5331416130065918,0.996,0.4808928966522217,172,0.4751694202423095,0.0,0.2915518283843994,0.0304933448215613,0.0504031181335449,10.68275460464017,0.0046520233154296,0.009920638101599514,10.496227264404297,0.264,0.0023648738861083,0,0,26,['cluster'],['intersecting']
figure_descending_markersize60_JavierGeneratedData_3dinterleaved_5classes_pca.png,JavierGeneratedData_3dinterleaved_5classes_pca,500,5,60,0.7671681780057299,0.6870012283325195,0.8051325273493387,0.8500499725341797,0.8985797234202465,1.1998426914215088,0.6975650908403912,0.7409965991973877,0.7288789589139026,0.8343346118927002,0.5679541653116584,0.8679792881011963,0.578368557158657,0.8967349529266357,0.5863737916915275,1.0816917419433594,0.5660703185746594,0.7147994041442871,0.5845274697315173,0.8874881267547607,0.4508737499367453,0.7083985805511475,0.4512694240891944,0.8677921295166016,0.4351749604220607,1.2520461082458496,0.4762875526492941,0.7352776527404785,0.4879007305841282,0.9370505809783936,0.992,0.3904588222503662,5241,0.5683715343475342,0.0,0.3261041641235351,0.0304933448215613,0.0523850917816162,10.68275460464017,0.0046861171722412,0.019760450279153918,12.179421186447144,0.264,0.0024209022521972,0,0,1042,['cluster'],['intersecting']
figure_descending_markersize110_JavierGeneratedData_3dinterleaved_5classes_pca.png,JavierGeneratedData_3dinterleaved_5classes_pca,500,5,110,0.6045584177241072,0.9254136085510254,0.6606079736261106,0.7928586006164551,0.7976703687282523,1.2001495361328125,0.5378555851790903,0.7681798934936523,0.5694205858869925,0.7635815143585205,0.3939335754454264,0.7758219242095947,0.4094268392198307,1.0061962604522705,0.4231342921418893,1.1710772514343262,0.396164557790106,0.7717695236206055,0.4110602920094756,0.8070163726806641,0.2921500854407469,0.5955989360809326,0.2966372730519042,1.0297930240631104,0.2879370678974526,1.1648106575012207,0.3135610068780687,1.0101470947265625,0.321616298008068,0.5781674385070801,0.98,0.7099411487579346,17418,0.3790755271911621,0.0,0.600008487701416,0.0304933448215613,0.0494744777679443,10.68275460464017,0.0047357082366943,0.027175796636818052,13.810670137405396,0.264,0.0025966167449951,0,0,4078,['cluster'],['intersecting']
figure_descending_markersize160_JavierGeneratedData_3dinterleaved_5classes_pca.png,JavierGeneratedData_3dinterleaved_5classes_pca,500,5,160,0.5057958071165705,0.8469734191894531,0.5665358870905066,0.8823614120483398,0.7179883191445602,1.2077736854553225,0.4505745722219799,0.8974552154541016,0.4773929926932846,0.6396937370300293,0.3084606914589678,1.1391780376434326,0.3259272004049078,0.8977077007293701,0.3442647390802611,0.9936797618865968,0.3151237796025423,1.16355562210083,0.3264905600243195,0.901190996170044,0.221890574495939,0.8954935073852539,0.2287687504909485,0.6565790176391602,0.2264132703253505,1.3008763790130615,0.242287741640347,1.1461906433105469,0.2480748693120797,0.6324203014373779,0.934,0.7904665470123291,31845,0.4223012924194336,0.0,0.394481897354126,0.0304933448215613,0.0536959171295166,10.68275460464017,0.0047802925109863,-,15.0,0.264,0.0021028518676757,0,0,8505,['cluster'],['intersecting']
figure_category_based_markersize10_interleaved_100_500_3_25_cramped_rotated_umap.png,interleaved_100_500_3_25_cramped_rotated_umap,857,3,10,0.888842629036647,0.5506110191345215,0.911735769715074,0.8475861549377441,0.9681122289096706,1.087449312210083,0.9090798989129676,0.8802165985107422,0.9221471322182304,0.8533689975738525,0.6384983495269252,1.1080381870269775,0.6613851293670192,0.5836391448974609,0.6756277256552703,1.1140992641448977,0.6522995514788916,0.8811609745025635,0.6629386218267477,0.8677916526794434,0.4981838777916146,0.9112956523895264,0.5189015849249845,0.6124486923217773,0.5188681254745344,1.1042613983154297,0.5086307833013528,0.8868505954742432,0.51747917976992,0.903834342956543,0.9848308051341892,0.4610769748687744,1136,0.738309383392334,0.0,0.4403092861175537,0.029873369090848,0.0798306465148925,5.674133603344787,0.0078675746917724,-,15.0,0.0980163360560093,0.0028278827667236,0,0,21,['cluster'],['touching']
figure_category_based_markersize60_interleaved_100_500_3_25_cramped_rotated_umap.png,interleaved_100_500_3_25_cramped_rotated_umap,857,3,60,0.6614835365728886,0.9522535800933838,0.7134171070891794,0.9754364490509032,0.8773171065631786,0.9280967712402344,0.7171680480975331,0.965599536895752,0.7471481343100597,0.9635953903198242,0.3236902226259907,0.6342446804046631,0.3381514366769286,0.9668118953704834,0.3476125716091657,1.2291994094848633,0.3316247415899288,0.6889984607696533,0.3388587851581923,0.966038703918457,0.2142707029641843,0.9515697956085204,0.2215916561716583,0.992088794708252,0.2167461015029564,1.2434942722320557,0.2156780807902908,0.6808593273162842,0.2191184834742778,0.9977741241455078,0.9183197199533256,0.5281100273132324,19236,0.8266072273254395,0.0,0.471623420715332,0.029873369090848,0.0721702575683593,5.674133603344787,0.0075833797454833,-,15.0,0.0980163360560093,0.0025734901428222,0,0,629,['cluster'],['touching']
figure_category_based_markersize110_interleaved_100_500_3_25_cramped_rotated_umap.png,interleaved_100_500_3_25_cramped_rotated_umap,857,3,110,0.5628395692813073,0.7080974578857422,0.6190976365211343,1.0794274806976318,0.8166825569215401,1.0375211238861084,0.6269373733575753,1.0676214694976809,0.6605496640486543,1.085949420928955,0.2541268702745145,0.7784237861633301,0.2648615319060269,1.0860817432403564,0.2731155245703515,1.3262581825256348,0.2613770454824433,1.077043533325195,0.2670477004144038,0.7799732685089111,0.1641125419695799,1.14103364944458,0.1684675476440048,0.7689669132232666,0.1639762928069197,1.3891754150390625,0.165105710720736,0.8205356597900391,0.1673525889632848,0.7893564701080322,0.851808634772462,0.927138090133667,42056,0.5332415103912354,0.0,0.4905104637145996,0.029873369090848,0.0755655765533447,5.674133603344787,0.0074625015258789,-,15.0,0.0980163360560093,0.0026066303253173,2,0,1596,['cluster'],['touching']
figure_category_based_markersize160_interleaved_100_500_3_25_cramped_rotated_umap.png,interleaved_100_500_3_25_cramped_rotated_umap,857,3,160,0.4997661445402519,0.8623595237731934,0.5575223123014292,0.8370330333709717,0.7771369327101656,1.4400200843811035,0.5667439228304485,0.8247127532958984,0.6023803931600261,0.8511452674865723,0.2204741024710876,1.1386566162109375,0.2296679772421824,1.2386462688446045,0.2391403483080402,1.121625900268555,0.2275141300660195,0.8618733882904053,0.2327121699577087,1.2286503314971924,0.1414342266814404,0.8733086585998535,0.1446220906270376,1.18560528755188,0.1413124936389824,1.1012372970581057,0.1423244939157101,1.1930880546569824,0.1442121783546661,0.8219256401062012,0.7957992998833139,1.0561754703521729,62569,0.5733921527862549,0.0,0.5332417488098145,0.029873369090848,0.0706262588500976,5.674133603344787,0.0071520805358886,-,15.0,0.0980163360560093,0.0029821395874023,2,0,2677,['cluster'],['touching']
figure_ascending_markersize10_interleaved_100_500_3_25_cramped_rotated_umap.png,interleaved_100_500_3_25_cramped_rotated_umap,857,3,10,0.9175821986419058,0.7110557556152344,0.9284415318350152,0.7132320404052734,0.9466617146186632,0.9277212619781494,0.9130757320254816,1.093599557876587,0.9238722142026462,0.6826779842376709,0.6521672973812342,1.1099739074707031,0.6694413747008708,0.7263472080230713,0.660308802947802,0.9397408962249756,0.6525395594363435,1.1366589069366455,0.6621036563013019,0.7342941761016846,0.5058483259702857,0.7097170352935791,0.5234254289493434,0.7018148899078369,0.5069599745604204,1.315595626831055,0.5076789299470978,0.7202444076538086,0.5159228540135765,1.1186938285827637,0.9848308051341892,0.5880589485168457,1136,0.5528018474578857,0.0,0.542708158493042,0.029873369090848,0.0773549079895019,5.674133603344788,0.0079016685485839,-,15.0,0.0980163360560093,0.0026953220367431,0,0,0,['cluster'],['touching']
figure_ascending_markersize60_interleaved_100_500_3_25_cramped_rotated_umap.png,interleaved_100_500_3_25_cramped_rotated_umap,857,3,60,0.7430392678092667,1.2214210033416748,0.7625164343683863,0.7438280582427979,0.7710566273117369,1.442739725112915,0.7480947953212065,0.7982416152954102,0.7629206910673234,0.7881419658660889,0.3489827357954329,1.1878888607025146,0.3528211104035653,0.7847468852996826,0.3209923022480381,1.048140525817871,0.3430992830505892,1.1873068809509275,0.3435164119165127,0.7844641208648682,0.2280440016785323,0.7599189281463623,0.2295079307661679,1.232161045074463,0.2026852798512196,1.069569110870361,0.22259383002241,1.198188543319702,0.2216613748113239,0.7907652854919434,0.9183197199533256,0.6943912506103516,19236,0.6116187572479248,0.0,0.5910251140594482,0.029873369090848,0.070338487625122,5.674133603344788,0.0066614151000976,-,15.0,0.0980163360560093,0.0028390884399414,0,0,0,['cluster'],['touching']
figure_ascending_markersize110_interleaved_100_500_3_25_cramped_rotated_umap.png,interleaved_100_500_3_25_cramped_rotated_umap,857,3,110,0.6579873509906099,0.8729450702667236,0.6779091968411943,1.3237550258636477,0.6731222439481162,1.12396502494812,0.6666466366532314,0.8866133689880371,0.6810025432889657,0.865943193435669,0.28074998704707,1.347118616104126,0.2805430737720936,0.877436637878418,0.2447546586216552,1.1250739097595217,0.2745541806472823,0.878098726272583,0.273010835762426,1.3203349113464355,0.17844429098614,0.9072835445404052,0.176868869115369,0.896583080291748,0.1495699739113029,1.1370902061462402,0.1728760394101252,0.9094433784484864,0.1707273232713798,0.8669612407684326,0.851808634772462,0.7384536266326904,42056,1.1537153720855713,0.0,0.1038804054260253,0.029873369090848,0.0710883140563964,5.674133603344788,0.0072402954101562,-,15.0,0.0980163360560093,0.0028109550476074,0,0,0,['cluster'],['touching']
figure_ascending_markersize160_interleaved_100_500_3_25_cramped_rotated_umap.png,interleaved_100_500_3_25_cramped_rotated_umap,857,3,160,0.5996122860760886,0.9479875564575196,0.6202979803782727,0.9361379146575928,0.6096696946248499,1.1907832622528076,0.6100109031657601,1.4410786628723145,0.6247637602363423,0.965251922607422,0.2476447599979866,0.924391746520996,0.2457366443037018,1.0239877700805664,0.2092186675060364,1.2019577026367188,0.2415707359626517,0.9088332653045654,0.2392136681108675,1.4625177383422852,0.1560466487209435,0.970172882080078,0.1532175872966622,0.9205996990203856,0.1262762740952846,1.1803157329559326,0.1506061849034974,1.4443888664245603,0.1479263403540394,1.015693426132202,0.7957992998833139,0.7713372707366943,62569,0.1491267681121826,0.0,1.1419897079467771,0.029873369090848,0.0730464458465576,5.674133603344788,0.0074720382690429,-,15.0,0.0980163360560093,0.0026285648345947,0,0,0,['cluster'],['touching']
figure_descending_markersize10_interleaved_100_500_3_25_cramped_rotated_umap.png,interleaved_100_500_3_25_cramped_rotated_umap,857,3,10,0.8533287713953746,0.2863917350769043,0.8912048123943866,0.8186981678009033,1.033223670133806,1.0745174884796145,0.877669786435903,0.836256742477417,0.8996363837154204,1.2978403568267822,0.6193272261752722,0.8176536560058594,0.6503298108344941,0.8538281917572021,0.7099634041687571,1.0600104331970217,0.6365716269371247,0.8384087085723877,0.6521748466371069,0.8265979290008545,0.486043415628174,0.8191850185394287,0.5119577700399132,0.8416163921356201,0.5407738157412845,1.598483324050903,0.4993883547479478,0.8730227947235107,0.5114822457116697,0.8487920761108398,0.9848308051341892,0.7140579223632812,1136,0.686234712600708,0.0,0.1083166599273681,0.029873369090848,0.0783643722534179,5.674133603344788,0.0079655647277832,-,15.0,0.0980163360560093,0.0027651786804199,0,0,110,['cluster'],['touching']
figure_descending_markersize60_interleaved_100_500_3_25_cramped_rotated_umap.png,interleaved_100_500_3_25_cramped_rotated_umap,857,3,60,0.5822084694707423,0.3461592197418213,0.6734625084885199,0.9327983856201172,1.1845345360963428,1.6869230270385742,0.6325096872402196,0.931511640548706,0.6842669043129148,0.8948326110839844,0.2985742573709657,0.8900234699249268,0.3261189754200135,0.9122810363769532,0.398232831746215,1.1347360610961914,0.3087232503523998,0.9206717014312744,0.3239966933294872,0.9208414554595948,0.2007667964485223,0.8854897022247314,0.2151524327942552,0.8876931667327881,0.2393504508035512,1.7089219093322754,0.2041945393245544,0.9153850078582764,0.2122473305214215,0.9620294570922852,0.9183197199533256,0.2083537578582763,19236,0.7187905311584473,0.0,0.7028450965881348,0.029873369090848,0.0689232349395752,5.674133603344788,0.0071649551391601,-,15.0,0.0980163360560093,0.0026938915252685,1,0,2394,['cluster'],['touching']
figure_descending_markersize110_interleaved_100_500_3_25_cramped_rotated_umap.png,interleaved_100_500_3_25_cramped_rotated_umap,857,3,110,0.4716913994196337,0.9910733699798584,0.574219510330214,0.9865317344665528,1.3203248162524068,1.2063791751861572,0.523749075275716,0.9781081676483154,0.5826019247958845,0.9715449810028076,0.2270852521466944,1.5600595474243164,0.2521710473897969,1.0401952266693115,0.3271107324537962,0.6546096801757812,0.2360257636194962,1.6010613441467283,0.2503313404576409,1.0138845443725586,0.1495386391691848,0.4117448329925537,0.1615605373281619,1.5933465957641602,0.1866804218038978,1.2614455223083496,0.15233824025034,1.0214049816131592,0.1594140378372296,0.4115686416625976,0.851808634772462,0.8683536052703857,42056,0.7336242198944092,0.0,0.7417874336242676,0.029873369090848,0.0709643363952636,5.674133603344788,0.0076241493225097,-,15.0,0.0980163360560093,0.0026941299438476,3,0,6200,['cluster'],['touching']
figure_descending_markersize160_interleaved_100_500_3_25_cramped_rotated_umap.png,interleaved_100_500_3_25_cramped_rotated_umap,857,3,160,0.4068096168914352,1.0387728214263916,0.5119122876053486,1.031379461288452,1.4336876336595754,1.2947280406951904,0.4567550331414072,1.0788493156433103,0.518099308944808,1.692835569381714,0.1927241037526562,0.4565041065216064,0.2167388428833465,1.692716121673584,0.2945442596884587,0.7165536880493164,0.200694370914142,1.663794755935669,0.2149249818174406,0.449552059173584,0.1262725620179147,1.692901849746704,0.1374714883800563,0.484999418258667,0.1641322191112897,1.9326035976409912,0.1286000920487188,0.4542741775512695,0.135585120066852,1.714345932006836,0.7957992998833139,0.2375032901763916,62569,0.8122973442077637,0.0,0.7742648124694824,0.029873369090848,0.0729494094848632,5.674133603344788,0.0072026252746582,-,15.0,0.0980163360560093,0.0027027130126953,3,0,10552,['cluster'],['touching']
figure_category_based_markersize10_interleaved_100_200_6d_25_cramped_rotated_pca.png,interleaved_100_200_6d_25_cramped_rotated_pca,1034,6,10,0.8196221723087507,1.007847785949707,0.8447132432321854,1.5278055667877195,0.87341225354416,0.7588620185852051,0.8302082993640183,0.9753515720367432,0.8431470132190416,1.545285701751709,0.7344915230654735,0.3133628368377685,0.7341440999209451,0.9413273334503174,0.722152942950718,2.0853099822998047,0.7448530274604523,0.3363666534423828,0.7405467215483322,0.9144062995910645,0.6653812216297887,1.6127610206604004,0.6491706037707875,0.3256943225860595,0.6155506323989619,1.420762062072754,0.6754125924297547,1.647146224975586,0.6602078094162971,0.310474157333374,0.9912959381044488,0.8581757545471191,868,0.7718727588653564,0.0,0.7998483180999756,0.0308239079692517,0.1325852870941162,6.905317028791541,0.0092689990997314,-,15.0,0.2485493230174081,0.005603551864624,0,0,130,['cluster'],['intersecting']
figure_category_based_markersize60_interleaved_100_200_6d_25_cramped_rotated_pca.png,interleaved_100_200_6d_25_cramped_rotated_pca,1034,6,60,0.4325400410157394,0.36865234375,0.4574689855230452,1.061349630355835,0.4978510742418561,1.4735052585601809,0.449757861700082,1.0569818019866943,0.4621661467109905,1.0551836490631104,0.331026067334543,1.7178256511688232,0.3243120739094252,0.3727936744689941,0.3102759329735695,1.5060300827026367,0.3426166013914804,1.0401396751403809,0.3339369662818098,1.0611138343811035,0.268104020945171,1.0741093158721924,0.2511957504123676,1.0305261611938477,0.2253651859920818,1.5424556732177734,0.2767009390659186,1.0491137504577637,0.2614085069040189,1.0539355278015137,0.9622823984526112,1.0508840084075928,22091,0.8702161312103271,0.0,0.8476362228393555,0.0308239079692517,0.1317894458770752,6.905317028791541,0.0083858966827392,-,15.0,0.2485493230174081,0.0057127475738525,0,0,4110,['cluster'],['intersecting']
figure_category_based_markersize110_interleaved_100_200_6d_25_cramped_rotated_pca.png,interleaved_100_200_6d_25_cramped_rotated_pca,1034,6,110,0.3115545821632719,1.1884117126464844,0.3281234790211587,1.174854040145874,0.3614719439239647,0.8821883201599121,0.327967988559711,1.1670284271240234,0.3359298767358788,1.159855604171753,0.2263237141336441,1.1628000736236572,0.2205474755874834,1.1593046188354492,0.2085075959208132,1.6268184185028076,0.2359630017304141,1.197061538696289,0.229013809020172,1.1550631523132324,0.1777086084085679,1.186100721359253,0.1660933921045028,0.4744992256164551,0.1465091930782501,1.645496845245361,0.184269740166858,1.1247155666351318,0.1737231233543928,1.1909480094909668,0.844294003868472,1.0844101905822754,54075,0.9210245609283448,0.0,0.1135172843933105,0.0308239079692517,0.1241028308868408,6.905317028791541,0.0085880756378173,-,15.0,0.2485493230174081,0.0057101249694824,7,0,12848,['cluster'],['intersecting']
figure_category_based_markersize160_interleaved_100_200_6d_25_cramped_rotated_pca.png,interleaved_100_200_6d_25_cramped_rotated_pca,1034,6,160,0.2546864791507776,1.249652624130249,0.2687504353156797,1.2220370769500732,0.3033971192998373,1.7113876342773438,0.2702513366672173,0.5232203006744385,0.2773247076008356,1.244943380355835,0.1819822502129011,1.2742688655853271,0.1784069328586002,1.280559539794922,0.1700720751362668,1.679645299911499,0.1905267427221555,1.2848687171936035,0.1858187203340159,1.2981202602386477,0.1415691326282475,1.247802972793579,0.1335220003057665,0.4978964328765869,0.1181514976489453,1.6946134567260742,0.1471247088376375,1.2818350791931152,0.1397175533394352,1.236485242843628,0.7379110251450677,1.0793275833129885,80707,0.1731877326965332,0.0,0.9299077987670898,0.0308239079692517,0.1312744617462158,6.905317028791541,0.0095634460449218,-,15.0,0.2485493230174081,0.0052235126495361,18,0,23140,['cluster'],['intersecting']
figure_ascending_markersize10_interleaved_100_200_6d_25_cramped_rotated_pca.png,interleaved_100_200_6d_25_cramped_rotated_pca,1034,6,10,0.8683188814770793,0.3207225799560547,0.8560443579397394,1.0954875946044922,0.8166899992123972,1.550731897354126,0.8641716784202241,0.315812349319458,0.8557480894292089,1.0685019493103027,0.7763955495943248,1.050536870956421,0.7448678962582411,1.0861527919769287,0.683644387901316,1.5024430751800537,0.7748419516281515,1.110048532485962,0.7525640314430102,1.144533395767212,0.7020717333897282,0.3290343284606933,0.659249622285849,1.0724613666534424,0.5878746973686144,1.5585904121398926,0.7022501133071911,1.0911972522735596,0.6715858195142117,1.147001028060913,0.9912959381044488,0.1609778404235839,868,0.9381966590881348,0.0,0.9213743209838868,0.0308239079692517,0.1249642372131347,6.905317028791541,0.0081758499145507,-,15.0,0.2485493230174081,0.0063312053680419,0,0,0,['cluster'],['intersecting']
figure_ascending_markersize60_interleaved_100_200_6d_25_cramped_rotated_pca.png,interleaved_100_200_6d_25_cramped_rotated_pca,1034,6,60,0.522911743476363,0.3718862533569336,0.4800309320706548,1.1475331783294678,0.3923474853047458,1.6677391529083252,0.5202741999588896,0.3946261405944824,0.4893170129350722,1.187882900238037,0.389039255648545,1.1799304485321045,0.3396403983112671,1.1931276321411133,0.2637330953978748,1.692126750946045,0.3893932961792956,0.3845994472503662,0.3524604239326049,1.1375446319580078,0.3097412906030954,1.1962347030639648,0.2627857125350876,1.2188563346862793,0.1986230119602533,0.8188843727111816,0.3111260043511876,1.1861770153045654,0.2754266249533309,1.1920840740203855,0.9622823984526112,1.206268072128296,22091,1.012348175048828,0.0,0.1164696216583252,0.0308239079692517,0.1217164993286132,6.905317028791541,0.0085999965667724,-,15.0,0.2485493230174081,0.0059053897857666,0,0,0,['cluster'],['intersecting']
figure_ascending_markersize110_interleaved_100_200_6d_25_cramped_rotated_pca.png,interleaved_100_200_6d_25_cramped_rotated_pca,1034,6,110,0.3952992119106727,1.3366775512695312,0.3512216737515848,1.2701025009155271,0.2619109525195533,1.7792422771453855,0.3947069422800697,0.4532525539398193,0.3626093774354331,1.2639997005462646,0.2764519303516382,1.283348798751831,0.2359159273464517,1.303023338317871,0.1676482235352736,1.8104064464569087,0.27741495224292,0.4336335659027099,0.2468710133518346,1.2726967334747314,0.2125488194263507,1.3346235752105713,0.1776075387797034,0.4552571773529053,0.1232794790702759,1.7368109226226809,0.2138629607038533,1.3000304698944092,0.1871394734175729,1.2844388484954834,0.844294003868472,1.2300565242767334,54075,0.1578783988952636,0.0,0.9942758083343506,0.0308239079692517,0.1281380653381347,6.905317028791541,0.0091984272003173,-,15.0,0.2485493230174081,0.0060558319091796,2,0,0,['cluster'],['intersecting']
figure_ascending_markersize160_interleaved_100_200_6d_25_cramped_rotated_pca.png,interleaved_100_200_6d_25_cramped_rotated_pca,1034,6,160,0.3335678338246577,0.4952874183654785,0.2925406342066694,1.3514821529388428,0.2040776493884448,0.9814977645874025,0.3335031025909558,1.3720853328704834,0.3036889998907066,1.3680574893951416,0.2281469411370748,0.486945629119873,0.1937329429536369,1.3864459991455078,0.1297458684020942,1.829995393753052,0.2288942342570967,1.432812213897705,0.203403771914654,0.5117654800415039,0.1733586225629373,1.4075329303741455,0.1448192168238082,1.3674330711364746,0.0951053698350505,0.9708945751190186,0.1742407018205539,1.4417104721069336,0.1529094774014702,1.3716192245483398,0.7379110251450677,1.1936445236206057,80707,0.1737158298492431,0.0,1.065974473953247,0.0308239079692517,0.1200227737426757,6.905317028791541,0.0086174011230468,-,15.0,0.2485493230174081,0.0052466392517089,5,0,0,['cluster'],['intersecting']
figure_descending_markersize10_interleaved_100_200_6d_25_cramped_rotated_pca.png,interleaved_100_200_6d_25_cramped_rotated_pca,1034,6,10,0.7968604165898285,0.3061845302581787,0.8347518978608658,0.3134927749633789,0.89853773400224,1.6032533645629885,0.7989911829548506,1.183187484741211,0.8231958317085462,1.1992011070251465,0.7139275169552524,0.3034877777099609,0.7252942342566343,1.1915316581726074,0.7396421975437162,1.6514365673065186,0.7174396810742198,0.3131234645843506,0.7235269080082221,1.213904857635498,0.6466298028010902,1.1840133666992188,0.641214369417978,0.3203749656677246,0.6284996346519147,1.662980556488037,0.6509939715044508,1.2299165725708008,0.6453863703327377,1.2433996200561523,0.9912959381044488,0.1694896221160888,868,1.0704991817474363,0.0,0.1118643283843994,0.0308239079692517,0.1254622936248779,6.905317028791541,0.0091781616210937,-,15.0,0.2485493230174081,0.0060865879058837,0,0,282,['cluster'],['intersecting']
figure_descending_markersize60_interleaved_100_200_6d_25_cramped_rotated_pca.png,interleaved_100_200_6d_25_cramped_rotated_pca,1034,6,60,0.3783421494657456,1.3676321506500244,0.4361125098827141,1.2602496147155762,0.5629309460268253,0.8084127902984619,0.3758446363427369,1.2551002502441406,0.4135187289597056,1.3060214519500732,0.2913463775499807,0.355731725692749,0.3079988480516068,1.2218260765075684,0.333565541497372,1.7779169082641602,0.2907892543293505,0.3920044898986816,0.3015592085575972,1.2414815425872805,0.2368786416418994,1.3006725311279297,0.2380643745340085,0.3690595626831054,0.2370001650332408,1.7342612743377686,0.2371264421633018,1.2768056392669678,0.2373083582056576,0.3548574447631836,0.9622823984526112,1.2667505741119385,22091,1.118360996246338,0.0,0.1186530590057373,0.0308239079692517,0.1256093978881836,6.905317028791541,0.0089831352233886,-,15.0,0.2485493230174081,0.0056486129760742,1,0,9863,['cluster'],['intersecting']
figure_descending_markersize110_interleaved_100_200_6d_25_cramped_rotated_pca.png,interleaved_100_200_6d_25_cramped_rotated_pca,1034,6,110,0.2589817828916574,1.408423900604248,0.30798355879321,1.3374340534210205,0.4326070497967232,0.8983561992645264,0.2558935564899502,1.408254861831665,0.2880508425884908,0.4268660545349121,0.1884608592266506,1.3901028633117676,0.2029481397030825,1.384713649749756,0.2275975375065226,1.7943439483642578,0.1874052767220561,0.4613182544708252,0.1973317537061859,1.3626723289489746,0.1481260346473617,1.4281558990478516,0.151336121735961,0.4538431167602539,0.1544192938141895,1.8631784915924072,0.1478375093951612,0.4460451602935791,0.150068876121743,1.39808988571167,0.844294003868472,1.3279881477355957,54075,0.1490406990051269,0.0,1.134599685668945,0.0308239079692517,0.1232228279113769,6.905317028791541,0.0097837448120117,-,15.0,0.2485493230174081,0.0056614875793457,11,0,29754,['cluster'],['intersecting']
figure_descending_markersize160_interleaved_100_200_6d_25_cramped_rotated_pca.png,interleaved_100_200_6d_25_cramped_rotated_pca,1034,6,160,0.2062491396097818,0.8049807548522949,0.2499786670391209,0.7095756530761719,0.377040993818067,1.2742207050323486,0.2038378142153007,0.801828145980835,0.2327198302085285,0.7541525363922119,0.1471773370910253,0.7630105018615723,0.1615110031159,0.8522355556488037,0.1886892290555902,1.3262856006622314,0.1464492694442426,0.7202033996582031,0.15650090717354,0.7983651161193848,0.1144093598551154,0.7727739810943604,0.1192930801059871,0.9352207183837892,0.1258303601632644,1.4055554866790771,0.1142759830699082,0.8509893417358398,0.1178902425238956,0.8155167102813721,0.7379110251450677,0.5596721172332764,80707,0.3006517887115478,0.0,0.5065963268280029,0.0308239079692517,0.1294796466827392,6.905317028791541,0.0089111328125,-,15.0,0.2485493230174081,0.0056731700897216,32,0,53148,['cluster'],['intersecting']
figure_category_based_markersize10_JavierGeneratedData_3dinterleaved_4classes_umap.png,JavierGeneratedData_3dinterleaved_4classes_umap,400,4,10,1.0,0.4105734825134277,1.0,0.7211081981658936,1.0,0.9316611289978028,1.0,0.6831889152526855,1.0,0.5268497467041016,0.3153618345587826,0.7587039470672607,0.3169359923164283,0.5175838470458984,0.2836715387748546,1.066422462463379,0.3072903549671733,0.5381832122802734,0.3106025517552851,0.7990381717681885,0.1871985575467402,0.5616497993469238,0.1883089358868961,0.8058176040649414,0.1652781184857615,0.8203246593475342,0.1815375459511923,0.824786901473999,0.1838540433916254,0.5381476879119873,0.8025,0.4393384456634521,1617,0.4340248107910156,0.015,0.4356842041015625,0.0278508224931737,0.0321664810180664,1.7550150730190373,0.0038356781005859,0.05421363878128913,8.660290002822876,0.0,0.0022003650665283,0,0,0,"['lip_cluster','linear','cluster']",['separated']
figure_category_based_markersize60_JavierGeneratedData_3dinterleaved_4classes_umap.png,JavierGeneratedData_3dinterleaved_4classes_umap,400,4,60,1.0,0.6278612613677979,1.0,0.7491610050201416,1.0,1.0478105545043943,1.0,0.6982402801513672,1.0,0.7316064834594727,0.1959279316661919,0.7172017097473145,0.1957537832993127,0.6170012950897217,0.179630900862634,1.0771231651306152,0.1950020419350708,0.7436037063598633,0.1953325836837161,0.7743947505950928,0.1086031623155417,0.811845064163208,0.1084961583886678,0.7917344570159912,0.0986782850509587,1.0955541133880615,0.1080344944789439,0.8221359252929688,0.1082374413798815,0.6610705852508545,0.5525,0.5120368003845215,8195,0.3153421878814697,0.015,0.5127067565917969,0.0278508224931737,0.0324671268463134,1.7550150730190373,0.0040616989135742,0.08542895514434073,9.93058705329895,0.0,0.0019829273223876,0,0,0,"['lip_cluster','linear','cluster']",['separated']
figure_category_based_markersize110_JavierGeneratedData_3dinterleaved_4classes_umap.png,JavierGeneratedData_3dinterleaved_4classes_umap,400,4,110,1.0,0.8482344150543213,1.0,0.8544120788574219,1.0,1.1760995388031006,1.0,0.7076339721679688,1.0,0.6999118328094482,0.1838807352680557,0.8925714492797852,0.1842264187431739,0.6813864707946777,0.1721290803546407,1.0047004222869873,0.1849215505365014,0.7777764797210693,0.1846273448615967,0.696467399597168,0.1012492620054862,0.7281160354614258,0.1014589157177061,0.9157676696777344,0.0941691661619285,1.00748872756958,0.101880748234965,0.920992374420166,0.1017021735669587,0.7086005210876465,0.4875,0.5728805065155029,11869,0.3415100574493408,0.015,0.3331420421600342,0.0278508224931737,0.0359127521514892,1.7550150730190373,0.0039880275726318,0.10170208621527312,11.328150033950806,0.0,0.0018162727355957,0,0,0,"['lip_cluster','linear','cluster']",['separated']
figure_category_based_markersize160_JavierGeneratedData_3dinterleaved_4classes_umap.png,JavierGeneratedData_3dinterleaved_4classes_umap,400,4,160,1.0,0.5300531387329102,1.0,0.9823973178863524,1.0,1.0685288906097412,1.0,0.7564237117767334,1.0,0.9715099334716796,0.1805393763550139,0.807180643081665,0.1804054351677647,0.821075439453125,0.1715031900611568,1.0506477355957031,0.1817272923751245,0.7890996932983398,0.1810723749865419,0.7567379474639893,0.0992268664728414,0.8168272972106934,0.0991459518809884,0.817340612411499,0.0937946345484151,1.0789918899536133,0.0999450146356243,1.0228981971740725,0.0995489718757788,0.8138599395751953,0.4725,0.3819766044616699,14483,0.6607227325439453,0.015,0.3798139095306396,0.0278508224931737,0.0363333225250244,1.7550150730190373,0.0040109157562255,0.11232727236280839,12.411687850952148,0.0,0.0018084049224853,0,0,0,"['lip_cluster','linear','cluster']",['separated']
figure_ascending_markersize10_JavierGeneratedData_3dinterleaved_4classes_umap.png,JavierGeneratedData_3dinterleaved_4classes_umap,400,4,10,1.0,0.7679059505462646,1.0,0.7589173316955566,1.0,1.0907018184661863,1.0,0.7531766891479492,1.0,0.7771248817443848,0.3309442096041829,0.781327486038208,0.3182796882207188,1.039487361907959,0.2453650850629574,0.8161206245422363,0.3120015065477696,1.033477783203125,0.3126018331685307,0.5518999099731445,0.198282293203452,1.0337870121002195,0.1892583956983755,0.5592057704925537,0.1398382552257381,1.3792104721069336,0.1848351806936011,0.5460958480834961,0.1852567101904124,1.081275224685669,0.8025,0.3883345127105713,1617,0.4013211727142334,0.015,0.6829366683959961,0.0278508224931737,0.0335602760314941,1.7550150730190373,0.0037775039672851,0.05421363878128911,6.951102256774902,0.0,0.0016021728515625,0,0,0,"['lip_cluster','linear','cluster']",['separated']
figure_ascending_markersize60_JavierGeneratedData_3dinterleaved_4classes_umap.png,JavierGeneratedData_3dinterleaved_4classes_umap,400,4,60,1.0,0.880950927734375,1.0,0.5853500366210938,1.0,1.4798059463500977,1.0,0.5802521705627441,1.0,0.8328258991241455,0.2275665404172018,0.8943424224853516,0.1987702799916567,0.9039194583892822,0.1017124028751803,1.1929807662963867,0.2071268727280613,0.5544402599334717,0.2001092891188584,0.8586382865905762,0.1283921487640881,0.8982138633728027,0.1103525429231403,0.8878612518310547,0.0535811344019925,1.1645891666412354,0.1155279029940219,0.8972346782684326,0.1111785776264684,0.5781800746917725,0.5525,0.4400525093078613,8195,0.7656304836273193,0.015,0.4655282497406006,0.0278508224931737,0.0332803726196289,1.7550150730190373,0.003753662109375,0.08542895514434058,8.502579689025879,0.0,0.0017464160919189,0,0,0,"['lip_cluster','linear','cluster']",['separated']
figure_ascending_markersize110_JavierGeneratedData_3dinterleaved_4classes_umap.png,JavierGeneratedData_3dinterleaved_4classes_umap,400,4,110,1.0,0.6540226936340332,1.0,0.6537232398986816,1.0,1.2055957317352295,1.0,0.9462037086486816,1.0,0.6158387660980225,0.2234886756078669,0.648747444152832,0.1882294295884728,0.9671225547790528,0.0685684608723437,1.2384419441223145,0.2015521207187184,0.9258255958557128,0.1910994179686388,0.9617385864257812,0.1258019988610755,0.654653787612915,0.1038925306893125,0.9225053787231444,0.035501367500353,1.2725419998168943,0.1120700371918842,0.974827766418457,0.1056439584722991,1.0035898685455322,0.4875,0.4775152206420898,11869,0.4734725952148437,0.015,0.4565236568450928,0.0278508224931737,0.0318350791931152,1.7550150730190373,0.0040247440338134,0.10170208621527312,9.258222818374634,0.0,0.0016348361968994,0,0,0,"['lip_cluster','linear','cluster']",['separated']
figure_ascending_markersize160_JavierGeneratedData_3dinterleaved_4classes_umap.png,JavierGeneratedData_3dinterleaved_4classes_umap,400,4,160,1.0,1.0159595012664795,1.0,0.7050168514251709,1.0,1.359445333480835,1.0,0.6883120536804199,1.0,0.9898216724395752,0.2235829901507059,1.04017972946167,0.1852146007731109,1.0689363479614258,0.0502432875908623,1.0086009502410889,0.2010710595746853,1.0756466388702393,0.1886682283636108,0.7088966369628906,0.1258617705814886,1.09279465675354,0.1020586791430069,0.7227766513824463,0.0257690035228966,1.3284950256347656,0.1117726526358215,0.7251534461975098,0.1041599508814251,0.7170751094818115,0.4725,0.938596248626709,14483,0.5359070301055908,0.015,0.5019001960754395,0.0278508224931737,0.0339496135711669,1.7550150730190373,0.0037715435028076,0.11232727236280834,10.337499856948853,0.0,0.001819372177124,0,0,0,"['lip_cluster','linear','cluster']",['separated']
figure_descending_markersize10_JavierGeneratedData_3dinterleaved_4classes_umap.png,JavierGeneratedData_3dinterleaved_4classes_umap,400,4,10,1.0,0.2992658615112304,1.0,0.975987672805786,1.0,0.943079710006714,1.0,1.0540754795074463,1.0,0.6595873832702637,0.300568149404822,1.0095646381378174,0.3158251961384423,0.641716480255127,0.3253108183342835,1.291452407836914,0.3018991615091233,1.063335418701172,0.3085635634925623,0.6718089580535889,0.176863902662267,0.6288762092590332,0.1875251876552854,1.0766496658325195,0.1942514598504277,1.0139336585998535,0.177786356773385,1.075021505355835,0.1824269341919225,0.6554508209228516,0.8025,0.9476172924041748,1617,0.1061940193176269,0.015,0.9586985111236572,0.0278508224931737,0.0312259197235107,1.7550150730190373,0.0036635398864746,0.05421363878128913,6.977749824523926,0.0,0.0017127990722656,0,0,0,"['lip_cluster','linear','cluster']",['separated']
figure_descending_markersize60_JavierGeneratedData_3dinterleaved_4classes_umap.png,JavierGeneratedData_3dinterleaved_4classes_umap,400,4,60,1.0,0.7268271446228027,1.0,0.6768231391906738,1.0,1.0037603378295898,1.0,1.111205816268921,1.0,0.735710620880127,0.1690753028734771,1.1322016716003418,0.1933525347735374,0.7391719818115234,0.2503327409652197,1.0195412635803225,0.1818169149534231,1.1111266613006592,0.1905856676257176,0.7166800498962402,0.0923442144501224,1.1360998153686523,0.1070228356639022,0.7325015068054199,0.1430744844041478,1.0789239406585691,0.0999992335473549,1.179171085357666,0.1053300309474359,0.7536406517028809,0.5525,0.5775821208953857,8195,0.592841386795044,0.015,0.5719847679138184,0.0278508224931737,0.0330853462219238,1.7550150730190373,0.0037870407104492,0.08542895514434067,8.325586080551147,0.0,0.0018365383148193,0,0,0,"['lip_cluster','linear','cluster']",['separated']
figure_descending_markersize110_JavierGeneratedData_3dinterleaved_4classes_umap.png,JavierGeneratedData_3dinterleaved_4classes_umap,400,4,110,1.0,0.7726082801818848,1.0,0.7661712169647217,1.0,1.4588990211486816,1.0,0.7589750289916992,1.0,1.2016777992248535,0.1518763571941586,0.76739501953125,0.1809195901776312,0.7619388103485107,0.2518726877427002,1.5009384155273438,0.166854467050756,0.7803032398223877,0.1782648089214041,0.7803468704223633,0.082178677701227,0.7667617797851562,0.0994566206093647,1.209122657775879,0.1440814327289843,1.1148624420166016,0.0910208513463266,0.7923309803009033,0.0978544026565457,1.2347288131713867,0.4875,0.608004093170166,11869,0.5939042568206787,0.015,0.10223388671875,0.0278508224931737,0.0340442657470703,1.7550150730190373,0.0040352344512939,0.10170208621527312,9.47744607925415,0.0,0.0016365051269531,0,0,0,"['lip_cluster','linear','cluster']",['separated']
figure_descending_markersize160_JavierGeneratedData_3dinterleaved_4classes_umap.png,JavierGeneratedData_3dinterleaved_4classes_umap,400,4,160,1.0,0.7766685485839844,1.0,0.819019079208374,1.0,1.1196537017822266,1.0,1.281038761138916,1.0,0.8234453201293945,0.1446221274970714,0.7767238616943359,0.1766728695537837,0.8320672512054443,0.2545913122740884,1.5833966732025146,0.1601075185307873,0.7905526161193848,0.1735672605301236,0.8447661399841309,0.077947532758906,0.8460972309112549,0.096895870523545,0.857295036315918,0.1458634382104483,1.1209919452667236,0.0870200406509278,1.303551435470581,0.0950307431416838,0.8464930057525635,0.4725,0.6586406230926514,14483,0.1295258998870849,0.015,1.1539037227630615,0.0278508224931737,0.0324406623840332,1.7550150730190373,0.0037126541137695,0.1123272723628085,10.404196500778198,0.0,0.0017802715301513,0,0,0,"['lip_cluster','linear','cluster']",['separated']
figure_category_based_markersize10_ionosphere_pca.png,ionosphere_pca,351,2,10,0.978162444537082,0.7737858295440674,0.9647254566876826,0.7645952701568604,0.9505486555051604,1.3792784214019775,0.9739527980175218,0.8105285167694092,0.9663986454443804,0.791015625,0.8836058828300344,0.7516965866088867,0.8492877238611545,0.7594609260559082,0.782849310659018,0.9279618263244628,0.8681096831956697,0.7942252159118652,0.8546339155985235,1.2455155849456787,0.8057190050007121,0.7852864265441895,0.7585238001210515,0.8068597316741943,0.6654484152677196,0.9826488494873048,0.7830163504798335,0.7897515296936035,0.7660407293680389,0.7920877933502197,0.9914529914529916,0.6291630268096924,201,0.6403236389160156,0.0,0.6746208667755127,0.0306941911537989,0.0463807582855224,12.148260794257627,0.0036361217498779,0.01666327465143531,7.036845922470093,0.2849002849002849,0.0010066032409667,0,0,3,['cluster'],['intersecting']
figure_category_based_markersize60_ionosphere_pca.png,ionosphere_pca,351,2,60,0.7613557124301261,0.8176665306091309,0.7275464645946039,0.8350865840911865,0.6908152599226985,1.0057671070098877,0.7340818001922909,0.8496279716491699,0.7087965304548527,0.822291374206543,0.5786841126692819,0.853734016418457,0.522337260172002,0.8158986568450928,0.4297601381603553,0.9885149002075196,0.5452490519940563,0.8549296855926514,0.5168018623476577,0.8219950199127197,0.4667073178749175,1.4041855335235596,0.4074214068991758,0.3028426170349121,0.3118963119979644,1.5322883129119873,0.4336884778108119,0.8841400146484375,0.4066506950216372,0.8741621971130371,0.9515669515669516,0.7567117214202881,4746,0.1084377765655517,0.0,0.7048077583312988,0.0306941911537989,0.0421185493469238,12.148260794257627,0.0036432743072509,0.03367582830219903,8.288945198059082,0.2849002849002849,0.000948429107666,0,0,640,['cluster'],['intersecting']
figure_category_based_markersize110_ionosphere_pca.png,ionosphere_pca,351,2,110,0.6441811083754112,0.3314082622528076,0.5944306597572989,0.8777463436126709,0.5571348856290217,1.5746865272521973,0.6084357478195552,0.8774168491363525,0.57637562883579,0.9209563732147216,0.469816738587903,0.918670654296875,0.4107972438294424,0.8996627330780029,0.3310905289004647,0.4934380054473877,0.4367103241431052,1.486051321029663,0.405425270516067,0.9333899021148682,0.3697376327533025,0.3206796646118164,0.3138436592911598,1.4737951755523682,0.2355298429469738,1.0689396858215332,0.3405836926503514,0.937382698059082,0.3126844901099244,0.3232407569885254,0.8803418803418803,0.7298686504364014,11756,0.6783187389373779,0.0,0.7305757999420166,0.0306941911537989,0.0411505699157714,12.148260794257627,0.0036225318908691,0.04446494871954386,8.54734206199646,0.2849002849002849,0.000929832458496,0,0,2292,['cluster'],['intersecting']
figure_category_based_markersize160_ionosphere_pca.png,ionosphere_pca,351,2,160,0.5713579246869687,0.9328389167785645,0.5122696256851355,0.8975586891174316,0.479763269320657,1.7070746421813965,0.5321612545231181,0.9862060546875,0.4966193391260254,0.3521757125854492,0.4115063835146672,1.5274207592010498,0.3537188831845276,0.3572990894317627,0.2855801613736892,1.7139108180999756,0.3802759399813592,0.9577956199645996,0.3490302651731086,0.3371407985687256,0.3215459375981849,1.5516729354858398,0.270116186806842,0.3544607162475586,0.2032963993800927,1.7780203819274902,0.2958396846607688,0.3329653739929199,0.2690669294379622,0.957911491394043,0.8148148148148148,0.8071351051330566,18818,0.7712280750274658,0.0,0.7828640937805176,0.0306941911537989,0.0415253639221191,12.148260794257627,0.0035188198089599,0.052051512895194094,9.740309238433838,0.2849002849002849,0.0013067722320556,0,0,4818,['cluster'],['intersecting']
figure_ascending_markersize10_ionosphere_pca.png,ionosphere_pca,351,2,10,0.9786074891648604,0.9126253128051758,0.9659616390988994,0.8713328838348389,0.946429982009507,0.4234809875488281,0.9748077720947348,0.9100613594055176,0.9672960791353068,0.91703200340271,0.8846282263543283,0.9070420265197754,0.850588291887493,0.2683959007263183,0.7791778536038559,1.7052724361419678,0.8694483073438851,0.2864618301391601,0.8555746723822393,0.9005780220031738,0.8071177514010857,1.535914659500122,0.7598345295693543,0.2783026695251465,0.6621613789716008,1.056511163711548,0.7846423577042745,0.9395484924316406,0.766988521341192,1.5005216598510742,0.9914529914529916,0.0994565486907959,201,0.7712759971618652,0.0,0.7821598052978516,0.0306941911537989,0.0433189868927001,12.148260794257627,0.0035905838012695,0.01666327465143531,5.770734786987305,0.2849002849002849,0.0009710788726806,0,0,0,['cluster'],['intersecting']
figure_ascending_markersize60_ionosphere_pca.png,ionosphere_pca,351,2,60,0.7737537837284045,0.9323961734771729,0.7391965767881922,0.972097635269165,0.644308074300021,0.4548726081848144,0.7662191449556146,0.949742555618286,0.7375585650063952,0.9585731029510498,0.586837866736915,0.9628081321716307,0.5272601141821676,0.9608614444732666,0.4050163447996057,1.0952279567718506,0.5638385527477645,0.9599740505218506,0.5306325498835549,0.9389255046844482,0.472657792249019,0.9953060150146484,0.409773244475498,0.9581291675567628,0.295332004438522,1.1094472408294678,0.4460293320382132,0.9645743370056152,0.4143768890162774,0.9766395092010498,0.9515669515669516,0.8127551078796387,4746,0.8253114223480225,0.0,0.8084497451782227,0.0306941911537989,0.0423636436462402,12.148260794257627,0.0033850669860839,0.03367582830219903,6.638850450515747,0.2849002849002849,0.0008356571197509,0,0,0,['cluster'],['intersecting']
figure_ascending_markersize110_ionosphere_pca.png,ionosphere_pca,351,2,110,0.6635211173039159,0.3442597389221191,0.6140478686122421,0.9991834163665771,0.4866317050241548,1.1492140293121338,0.6549973056242803,1.0173399448394775,0.6169209388065304,1.0228779315948486,0.4792181775284444,1.0238590240478516,0.4161126103334677,1.01007080078125,0.2962479119477188,1.1747372150421145,0.4594222505198408,1.0555965900421145,0.422373518005778,0.3286890983581543,0.3750440647808182,1.0136821269989014,0.3146777968851129,1.0395920276641846,0.2129399207335995,1.1984105110168457,0.3537856978758735,1.0284554958343506,0.3211105697100124,1.0220556259155271,0.8803418803418803,0.8962347507476807,11756,0.117197036743164,0.0,0.8254988193511963,0.0306941911537989,0.0397264957427978,12.148260794257627,0.0034263134002685,0.04446494871954386,7.260499238967895,0.2849002849002849,0.0008316040039062,0,0,0,['cluster'],['intersecting']
figure_ascending_markersize160_ionosphere_pca.png,ionosphere_pca,351,2,160,0.5943640085169142,1.0554218292236328,0.5365420725571671,1.0678975582122805,0.3967075243842118,1.226658582687378,0.5864596158783697,1.081326961517334,0.5433851180378428,0.3651955127716064,0.4211891841599012,1.0623207092285156,0.3627010005867529,1.0577101707458496,0.2444776338394712,1.214965581893921,0.4050739022226002,1.1075317859649658,0.3674032473733558,1.067094087600708,0.3261589917267107,1.1020164489746094,0.2739427984356164,0.3519282341003418,0.176679734793309,1.2530195713043213,0.3093845543658445,1.092510223388672,0.2775237953323274,1.0636799335479736,0.8148148148148148,0.8995339870452881,18818,0.911452293395996,0.0,0.1052742004394531,0.0306941911537989,0.0400607585906982,12.148260794257627,0.0034079551696777,0.052051512895194114,8.56470799446106,0.2849002849002849,0.0009191036224365,0,0,0,['cluster'],['intersecting']
figure_descending_markersize10_ionosphere_pca.png,ionosphere_pca,351,2,10,0.9566999141293184,0.2700803279876709,0.964094574130378,1.057800531387329,0.9533774906718738,1.20692777633667,0.9571906077052804,0.2953588962554931,0.9601112694795388,0.9811625480651855,0.8653364129273298,1.051633358001709,0.8482748900389865,1.0562283992767334,0.7861061869413861,1.230034112930298,0.8540199594975858,0.268627405166626,0.8494341048071616,1.0240542888641355,0.7899018893611971,1.0251808166503906,0.757298287925451,1.068511724472046,0.6687696873912188,1.212620735168457,0.7709258325551485,1.0273642539978027,0.7616362212125976,0.2794387340545654,0.9914529914529916,0.9154350757598876,201,0.9414241313934326,0.0,0.1052944660186767,0.0306941911537989,0.0433824062347412,12.148260794257627,0.0035958290100097,0.016663274651435314,5.991613626480103,0.2849002849002849,0.0009558200836181,0,0,23,['cluster'],['intersecting']
figure_descending_markersize60_ionosphere_pca.png,ionosphere_pca,351,2,60,0.6714419663027733,1.093923568725586,0.6836421633833145,0.2963840961456299,0.7086330562418941,1.191413640975952,0.6716574792857577,1.104644775390625,0.6863379729016231,1.0866992473602295,0.5154916612305247,1.081202745437622,0.4888388974024967,1.1155760288238523,0.4336295106318284,0.4677968025207519,0.4995655537367338,1.0795676708221436,0.4959648026633992,1.101907730102539,0.4183296685308552,1.1130998134613037,0.3804344244901601,1.128984451293945,0.3123960666135902,0.4746396541595459,0.3976736915464965,1.084153175354004,0.388268678862055,1.0829262733459473,0.9515669515669516,0.9932451248168944,4746,0.1169791221618652,0.0,0.9522924423217772,0.0306941911537989,0.0458459854125976,12.148260794257627,0.0039117336273193,0.03367582830219902,6.78925347328186,0.2849002849002849,0.0009810924530029,0,0,1347,['cluster'],['intersecting']
figure_descending_markersize110_ionosphere_pca.png,ionosphere_pca,351,2,110,0.5421743560108546,0.3274481296539306,0.5431246042157419,1.1404447555541992,0.578584318381972,1.277435541152954,0.5388860896736587,1.1717808246612549,0.5510388172195426,1.1124975681304932,0.4012033500981425,0.3212108612060547,0.3713653743876325,1.1824772357940674,0.3331839629400906,1.283661127090454,0.3870189845093001,1.1511211395263672,0.3809339913605313,1.1806838512420654,0.3184127128615445,0.3355858325958252,0.2821404854587042,1.1557679176330566,0.2339546137416476,1.3181369304656982,0.3019300507768091,0.3320145606994629,0.2910785084950947,1.128490924835205,0.8803418803418803,0.9982359409332277,11756,1.0164599418640137,0.0,0.1037688255310058,0.0306941911537989,0.0435576438903808,12.148260794257627,0.0037410259246826,0.04446494871954386,7.392269134521484,0.2849002849002849,0.0009257793426513,0,0,4438,['cluster'],['intersecting']
figure_descending_markersize160_ionosphere_pca.png,ionosphere_pca,351,2,160,0.4692760629307033,1.19169020652771,0.4601153229223992,1.168509006500244,0.5014120175585131,1.384807825088501,0.46336947227144,0.3393232822418213,0.471960468448357,1.157942771911621,0.3446530403395161,1.1883201599121094,0.3124730782851153,0.3577332496643066,0.2879564462448828,1.3372976779937744,0.3323729128778268,1.231891393661499,0.3257809460808747,1.1697750091552734,0.2723314882788513,0.3521108627319336,0.2365641482622794,1.2127103805541992,0.2019742186219844,1.343031644821167,0.2591188813500514,1.2329366207122805,0.2487393312329545,0.3451130390167236,0.8148148148148148,1.0584220886230469,18818,0.1204948425292968,0.0,0.9774513244628906,0.0306941911537989,0.0416522026062011,12.148260794257627,0.0032505989074707,0.05205151289519406,8.71631145477295,0.2849002849002849,0.0009903907775878,1,0,8663,['cluster'],['intersecting']
figure_category_based_markersize10_interleaved_100_200_10d_25_cramped_rotated_umap.png,interleaved_100_200_10d_25_cramped_rotated_umap,1479,10,10,0.6389399110284766,1.2231979370117188,0.4065965619375902,0.3317062854766845,1.1279904450492493,1.9232501983642576,0.4469279396602349,1.242863655090332,0.5270302708474632,1.2202625274658203,0.2297410534900194,0.332059383392334,0.2079289532015423,1.2099854946136477,0.2296606252717923,2.068209409713745,0.209028126844659,0.3434646129608154,0.2179660611058747,1.1957392692565918,0.1400489445469135,1.2182199954986572,0.1396798317087476,1.280874252319336,0.1278450378290879,1.101581573486328,0.1364146089640576,1.2370445728302002,0.1373944152092134,1.247581958770752,0.539553752535497,1.1181719303131104,6454,0.1315903663635254,0.0060851926977687,1.0284860134124756,0.0286314853813795,0.1280868053436279,1.4699204414402929,0.0113108158111572,-,15.0,0.0094658553076402,0.0137650966644287,1,0,69,['cluster'],['separated']
figure_category_based_markersize60_interleaved_100_200_10d_25_cramped_rotated_umap.png,interleaved_100_200_10d_25_cramped_rotated_umap,1479,10,60,0.3403783888433369,1.2798662185668943,0.2093878850520305,1.262831211090088,2.209511239082166,2.1101629734039307,0.2255126326747319,0.3876504898071289,0.2632640912134546,1.2719488143920898,0.1580133300523426,1.3904924392700195,0.1424851931917896,0.4243307113647461,0.1741793854165095,2.074838399887085,0.1394312543886159,1.3582274913787842,0.1452282909736272,0.4069125652313232,0.1028885640602209,1.3091895580291748,0.1079829561582617,1.3337924480438232,0.0906632592266381,2.1334872245788574,0.1009117895345812,0.4139289855957031,0.100271190468828,1.3009955883026123,0.1703853955375253,0.1356470584869384,15980,1.1409897804260254,0.0060851926977687,1.1140716075897217,0.0286314853813795,0.1236963272094726,1.4699204414402929,0.0120840072631835,-,15.0,0.0094658553076402,0.0140051841735839,3,0,549,['cluster'],['separated']
figure_category_based_markersize110_interleaved_100_200_10d_25_cramped_rotated_umap.png,interleaved_100_200_10d_25_cramped_rotated_umap,1479,10,110,0.2643201766509724,1.4735150337219238,0.1735436941969901,0.4766421318054199,-388.43941209291904,2.2199490070343018,0.1812539218115296,0.4766228199005127,0.2064839921834902,1.371354341506958,0.1433929319862846,1.4600152969360352,0.1315855528840738,1.446293830871582,0.175602133891543,1.2317142486572266,0.1261350762438748,1.4562063217163086,0.1314826169231583,0.4827306270599365,0.0983826056088242,1.4528968334197998,0.1059658860743458,1.3945183753967283,0.0877812252793562,1.281327486038208,0.0967221287828115,1.4478411674499512,0.0964492609032166,1.4213144779205322,0.1548343475321163,0.167121410369873,20322,1.1455605030059814,0.0060851926977687,1.173262119293213,0.0286314853813795,0.1298623085021972,1.4699204414402929,0.0120229721069335,-,15.0,0.0094658553076402,0.0130953788757324,3,0,1164,['cluster'],['separated']
figure_category_based_markersize160_interleaved_100_200_10d_25_cramped_rotated_umap.png,interleaved_100_200_10d_25_cramped_rotated_umap,1479,10,160,0.2293896902016686,0.5347974300384521,0.158336852774594,1.5018751621246338,-2.5334335404346837,1.3598501682281494,0.1624696092159231,1.5874912738800049,0.1828570801696091,1.5183024406433103,0.1344165012056164,0.5294971466064453,0.1254832615285033,1.5925357341766355,0.1801792522022479,1.3033678531646729,0.1190187358554806,1.5121948719024658,0.1240168410267931,1.5760679244995115,0.0950594582395287,0.5612621307373047,0.1039205950280918,1.5206949710845947,0.0869960224941257,2.3626108169555664,0.0939048280281775,0.5346541404724121,0.0938254404580469,1.5380070209503174,0.1494252873563218,0.1859283447265625,23718,1.2061450481414795,0.0060851926977687,1.1493046283721924,0.0286314853813795,0.1332323551177978,1.4699204414402929,0.0125689506530761,-,15.0,0.0094658553076402,0.0139017105102539,3,0,1838,['cluster'],['separated']
figure_ascending_markersize10_interleaved_100_200_10d_25_cramped_rotated_umap.png,interleaved_100_200_10d_25_cramped_rotated_umap,1479,10,10,0.9321969422951892,0.6664996147155762,0.9357387690758332,0.5490701198577881,0.891335845610768,1.327589750289917,0.9367025358786628,0.629021406173706,0.9198098283102092,0.5483055114746094,0.2859878808382277,0.6180284023284912,0.3242513649171991,0.6059374809265137,0.1972469733453815,1.2984333038330078,0.3139157002508469,0.6198301315307617,0.2864909985646194,0.5936770439147949,0.16890269513492,0.7098309993743896,0.19610227536708,0.7099015712738037,0.1108935011537419,1.3683030605316162,0.1885525081796768,0.6351804733276367,0.1696686458235941,0.6552615165710449,0.539553752535497,0.362783670425415,6454,0.3341002464294433,0.0060851926977687,0.3720779418945312,0.0286314853813795,0.1349444389343261,1.4699204414402922,0.0127911567687988,-,15.0,0.0094658553076402,0.0139765739440917,0,0,0,['cluster'],['separated']
figure_ascending_markersize60_interleaved_100_200_10d_25_cramped_rotated_umap.png,interleaved_100_200_10d_25_cramped_rotated_umap,1479,10,60,0.7925747361174976,0.6374142169952393,0.8365427743370745,0.73362135887146,0.4533776174466588,1.3769512176513672,0.8256439534214517,0.9016921520233154,0.7703395406017215,0.7666280269622803,0.2718430201958729,0.7605760097503662,0.3638820539134441,0.7754912376403809,0.0804133424154065,1.4676899909973145,0.3297466253719199,0.7883813381195068,0.2802087027454862,0.7772736549377441,0.1640560812463811,0.8107788562774658,0.2325099987361891,0.9213700294494628,0.0441192803210009,1.3829550743103027,0.206011958322192,0.8174290657043457,0.1712502308936748,0.7733116149902344,0.1703853955375253,0.4810290336608886,15980,0.4875738620758056,0.0060851926977687,0.4549143314361572,0.0286314853813795,0.1303842067718505,1.4699204414402922,0.0120422840118408,-,15.0,0.0094658553076402,0.0145351886749267,0,0,0,['cluster'],['separated']
figure_ascending_markersize110_interleaved_100_200_10d_25_cramped_rotated_umap.png,interleaved_100_200_10d_25_cramped_rotated_umap,1479,10,110,0.7284501241888501,0.995093584060669,0.8050919718164038,0.8890683650970459,0.1808135820789984,1.6704380512237549,0.7820390339598553,0.9475319385528564,0.715268734871191,0.9482908248901368,0.2860528927206012,1.0862534046173096,0.4106833445032966,0.8351178169250488,0.035496586784537,1.6181890964508057,0.3600344068174734,0.9735050201416016,0.3058853893730329,0.9571213722229004,0.1779696253487767,0.8131158351898193,0.2756462680037536,1.0228562355041504,0.0196800467462465,1.5605313777923584,0.2338461376409656,1.0235741138458252,0.1945403910163717,0.992811918258667,0.1548343475321163,0.5693912506103516,20322,0.3817417621612549,0.0060851926977687,0.5265984535217285,0.0286314853813795,0.1342027187347412,1.4699204414402922,0.0124320983886718,-,15.0,0.0094658553076402,0.0138523578643798,0,0,0,['cluster'],['separated']
figure_ascending_markersize160_interleaved_100_200_10d_25_cramped_rotated_umap.png,interleaved_100_200_10d_25_cramped_rotated_umap,1479,10,160,0.6907697895099456,0.5449903011322021,0.785987530681452,1.1504642963409424,0.0398364123155143,1.6929655075073242,0.7526410449086038,0.9346001148223876,0.6839185893231248,0.9531855583190918,0.2915848736360312,0.954231023788452,0.427682275365117,1.1670777797698977,0.0084918516093259,1.6548452377319336,0.3705985837180591,0.9628150463104248,0.3162817463352532,1.1437885761260986,0.1847948550439161,0.9605283737182616,0.2937647948530397,1.181941032409668,0.004752462458305,1.7623357772827148,0.2458198288702697,1.010272741317749,0.205705718534377,0.96169114112854,0.1494252873563218,0.4326515197753906,23718,0.6531860828399658,0.0060851926977687,0.369093656539917,0.0286314853813795,0.1290757656097412,1.4699204414402922,0.0118446350097656,-,15.0,0.0094658553076402,0.0145521163940429,0,0,0,['cluster'],['separated']
figure_descending_markersize10_interleaved_100_200_10d_25_cramped_rotated_umap.png,interleaved_100_200_10d_25_cramped_rotated_umap,1479,10,10,0.5312330340724885,0.7638309001922607,0.2635628391743883,1.0035057067871094,1.2802833575266792,1.5650403499603271,0.3195195898799211,0.7649385929107666,0.406165904352589,0.763145923614502,0.199574500629369,0.833176851272583,0.1547299180657984,0.8029417991638184,0.2552837127304332,1.575839281082153,0.1650681463023035,0.8055145740509033,0.1861937502443805,1.0165867805480957,0.1228666167153427,0.5862104892730713,0.1095099914125049,1.092520236968994,0.1417767313284568,1.6057486534118652,0.1112779108546007,0.5930449962615967,0.120780955463265,0.8223843574523926,0.539553752535497,0.7192432880401611,6454,0.4184582233428955,0.0060851926977687,0.394266128540039,0.0286314853813795,0.1390385627746582,1.469920441440292,0.0127618312835693,-,15.0,0.0094658553076402,0.0133759975433349,1,0,104,['cluster'],['separated']
figure_descending_markersize60_interleaved_100_200_10d_25_cramped_rotated_umap.png,interleaved_100_200_10d_25_cramped_rotated_umap,1479,10,60,0.1920324462541358,0.9364075660705566,0.0779412756835898,0.9376051425933838,-17.779685793721725,1.4000039100646973,0.096157679827358,0.9307489395141602,0.1359876011469578,0.9457683563232422,0.0982866944058821,0.9601154327392578,0.060371355006788,0.9188547134399414,0.2604827454095552,1.9215614795684812,0.0670239786521061,0.6974830627441406,0.0862610136088761,0.9917161464691162,0.0660450464252419,0.9591951370239258,0.049265642178965,0.9860222339630128,0.1292942546620069,1.461416721343994,0.0514390553317526,0.974001169204712,0.0631638777641827,1.2314672470092771,0.1703853955375253,0.4863560199737549,15980,0.4663915634155273,0.0060851926977687,0.4517123699188232,0.0286314853813795,0.1325266361236572,1.469920441440292,0.011533498764038,-,15.0,0.0094658553076402,0.0140416622161865,5,0,924,['cluster'],['separated']
figure_descending_markersize110_interleaved_100_200_10d_25_cramped_rotated_umap.png,interleaved_100_200_10d_25_cramped_rotated_umap,1479,10,110,0.1270587023535487,1.0948693752288818,0.0522906110799296,0.792119026184082,-1.4454170432255404,1.84717059135437,0.0630978436652537,1.0680091381072998,0.0915494121011469,0.7444181442260742,0.0756147315578399,1.1010870933532717,0.043738140998068,1.0861225128173828,0.3238383889045861,1.523336410522461,0.0484340472105875,1.0814478397369385,0.0654818953182218,1.0917582511901855,0.0538227775587309,1.127593755722046,0.0375900443668745,0.7989695072174072,0.1456078434620629,1.8589839935302732,0.0393006620520903,0.8055722713470459,0.0509691000821892,1.1140780448913574,0.1548343475321163,0.5259263515472412,20322,0.5256586074829102,0.0060851926977687,0.8780195713043213,0.0286314853813795,0.1256921291351318,1.469920441440292,0.011791706085205,-,15.0,0.0094658553076402,0.0146970748901367,5,0,1925,['cluster'],['separated']
figure_descending_markersize160_interleaved_100_200_10d_25_cramped_rotated_umap.png,interleaved_100_200_10d_25_cramped_rotated_umap,1479,10,160,0.101442866882538,0.8650944232940674,0.0428079677056582,0.8798160552978516,-0.9015171802030756,1.7443530559539795,0.0507269178263023,1.2177696228027344,0.0749857026617607,1.2308757305145264,0.0645739652549972,0.9304485321044922,0.0368486402164172,1.2853150367736816,0.382934087339529,1.621546506881714,0.040455839828441,1.2596032619476318,0.0562854975347602,0.8929002285003662,0.0473608878839759,1.2698280811309814,0.0323457635712131,0.940093755722046,0.1579261855211069,1.6685829162597656,0.0336437293527994,1.2376785278320312,0.0450506130743496,1.2629354000091553,0.1494252873563218,0.5757749080657959,23718,0.6061384677886963,0.0060851926977687,0.5335533618927002,0.0286314853813795,0.1309142112731933,1.469920441440292,0.0117547512054443,-,15.0,0.0094658553076402,0.0130021572113037,5,0,3016,['cluster'],['separated']
figure_category_based_markersize10_interleaved_250_500_3_0_notCramped_rotated_tsne.png,interleaved_250_500_3_0_notCramped_rotated_tsne,1098,3,10,0.9958353794412966,0.6575937271118164,0.9967274653442468,1.043884515762329,0.9990880210079334,0.9172563552856444,0.996120213312959,1.0641415119171145,0.9966294138765652,0.6781961917877197,0.8786018086712581,1.0856850147247314,0.874989865423994,0.7002158164978027,0.8643460964650285,1.2936627864837646,0.8816904398233867,1.0724565982818604,0.8769615654955597,0.6690793037414551,0.7860634018672688,0.7083439826965332,0.7797529470084223,1.0991840362548828,0.7616290559018911,0.9297266006469728,0.7908420867407882,0.6874821186065674,0.7829506714408205,0.7051682472229004,1.0,1.002544403076172,489,0.1209557056427002,0.0,0.9719738960266112,0.030240637498856,0.0984358787536621,5.793679162842113,0.0086092948913574,-,15.0,0.0928961748633879,0.0039355754852294,0,0,1,['cluster'],['intersecting']
figure_category_based_markersize60_interleaved_250_500_3_0_notCramped_rotated_tsne.png,interleaved_250_500_3_0_notCramped_rotated_tsne,1098,3,60,0.8157151513312074,0.7879970073699951,0.8714698655033517,0.7774391174316406,0.9802253316973376,1.384182691574097,0.8360973232146269,0.7686350345611572,0.8550370951916152,0.7849447727203369,0.3319932949362867,1.220726490020752,0.3466866198226229,0.7944416999816895,0.3439753592795957,1.0410523414611816,0.3356335313762257,1.1949996948242188,0.3401540652497081,0.7726395130157471,0.2084071480261971,1.1858038902282717,0.2163840778785558,0.8056373596191406,0.2085855316114052,1.0745227336883545,0.2099584478436688,0.7949883937835693,0.2123075196376006,0.8122625350952148,0.982695810564663,1.1711416244506836,27804,0.1420652866363525,0.0,1.051591396331787,0.030240637498856,0.1035025119781494,5.793679162842113,0.0090723037719726,-,15.0,0.0928961748633879,0.0036389827728271,0,0,734,['cluster'],['intersecting']
figure_category_based_markersize110_interleaved_250_500_3_0_notCramped_rotated_tsne.png,interleaved_250_500_3_0_notCramped_rotated_tsne,1098,3,110,0.6487838850532457,0.8897125720977783,0.7462292175546098,0.884545087814331,0.9817538898126604,1.5895097255706787,0.6811954590233904,0.90629243850708,0.7145733018910985,0.9047794342041016,0.2258567251499669,1.320350170135498,0.2387333669819299,0.8841779232025146,0.2385882846431904,1.1071407794952393,0.2284405269805107,0.8894717693328857,0.2324192359958971,0.8819327354431152,0.1367273429697094,1.3898634910583496,0.1420963959133535,0.8827600479125977,0.1357947296633713,1.1257383823394775,0.1372305621674563,1.352649211883545,0.1387789611562155,0.91625714302063,0.8479052823315119,0.7634856700897217,64919,0.6791837215423584,0.0,0.1175415515899658,0.030240637498856,0.0957725048065185,5.793679162842113,0.0088522434234619,-,15.0,0.0928961748633879,0.0037238597869873,0,0,3345,['cluster'],['intersecting']
figure_category_based_markersize160_interleaved_250_500_3_0_notCramped_rotated_tsne.png,interleaved_250_500_3_0_notCramped_rotated_tsne,1098,3,160,0.549040352130691,1.0032930374145508,0.6607196621768636,1.000077486038208,0.9789702563345882,1.2404322624206543,0.5841506276036601,0.9734375476837158,0.6230452625321765,0.9854321479797364,0.1929183793205522,0.98004412651062,0.2059973882478182,0.9943273067474364,0.20823015868039,1.7223994731903076,0.1957031125298147,0.985422134399414,0.1997326700139813,0.9747314453125,0.117017657492059,1.0047709941864014,0.1220202687085374,0.991447925567627,0.1165056441228796,1.2368977069854736,0.1175409359651487,1.5222890377044678,0.118929191599679,0.9885637760162354,0.697632058287796,0.7806124687194824,89889,0.7183573246002197,0.0,0.1164462566375732,0.030240637498856,0.0979785919189453,5.793679162842113,0.0092687606811523,-,15.0,0.0928961748633879,0.0037977695465087,0,0,7283,['cluster'],['intersecting']
figure_ascending_markersize10_interleaved_250_500_3_0_notCramped_rotated_tsne.png,interleaved_250_500_3_0_notCramped_rotated_tsne,1098,3,10,0.99599295332834,0.8073513507843018,0.9967278111440112,0.7997796535491943,0.9990607605577336,1.550004959106445,0.9962748614966668,0.8811452388763428,0.9967145980812376,0.8190762996673584,0.8795643378190539,0.7997663021087646,0.875407486800048,0.8394696712493896,0.859882924897581,1.0934998989105225,0.882604319398115,0.8334202766418457,0.8773407487704543,0.7933592796325684,0.7875070989337818,1.327711582183838,0.7804162991573422,0.8251962661743164,0.7547409583485414,1.1105763912200928,0.7922159893779704,0.8264775276184082,0.7835027177589681,0.8130230903625488,1.0,0.7274320125579834,489,0.6841540336608887,0.0,0.113823652267456,0.030240637498856,0.0996022224426269,5.793679162842113,0.0088245868682861,-,15.0,0.0928961748633879,0.0031614303588867,0,0,0,['cluster'],['intersecting']
figure_ascending_markersize60_interleaved_250_500_3_0_notCramped_rotated_tsne.png,interleaved_250_500_3_0_notCramped_rotated_tsne,1098,3,60,0.8586773786303503,0.3575448989868164,0.875423506246282,0.9349992275238036,0.9323545266059255,1.7178943157196045,0.8740698628409103,0.9202597141265868,0.8781634914630588,0.9162123203277588,0.3439308468809798,0.9362382888793944,0.3490053997980239,0.9168636798858644,0.3223245349704532,1.167308330535889,0.3463911487314208,0.94336199760437,0.3458684589664297,0.3825240135192871,0.2150287582718912,1.4705917835235596,0.2179472545424035,0.9160780906677246,0.1948416465943905,1.1868679523468018,0.2159945576828595,0.3733303546905517,0.2153406486992795,1.4534215927124023,0.982695810564663,0.9044809341430664,27804,0.1305680274963379,0.0,0.7097094058990479,0.030240637498856,0.0971560478210449,5.793679162842113,0.0089797973632812,-,15.0,0.0928961748633879,0.0035450458526611,0,0,0,['cluster'],['intersecting']
figure_ascending_markersize110_interleaved_250_500_3_0_notCramped_rotated_tsne.png,interleaved_250_500_3_0_notCramped_rotated_tsne,1098,3,110,0.7325743549659041,0.4290997982025146,0.7562267779253193,1.643066167831421,0.8435593377186414,1.2563543319702148,0.7551430814421604,0.4562537670135498,0.7602320919581332,1.5520176887512207,0.2408253801820693,1.0486600399017334,0.2420317938799409,0.4642150402069092,0.2119120245720021,1.8652231693267824,0.2416501908544029,1.0496273040771484,0.2391428812524083,0.4306328296661377,0.1440979627353458,1.6087729930877686,0.1440709921069012,0.4568631649017334,0.1211764921190695,1.877203702926636,0.1438398987385631,0.4355189800262451,0.1418879811905478,0.9998998641967772,0.8479052823315119,0.882072925567627,64919,0.7723391056060791,0.0,0.7374725341796875,0.030240637498856,0.090172529220581,5.793679162842113,0.0084700584411621,-,15.0,0.0928961748633879,0.0036160945892333,0,0,0,['cluster'],['intersecting']
figure_ascending_markersize160_interleaved_250_500_3_0_notCramped_rotated_tsne.png,interleaved_250_500_3_0_notCramped_rotated_tsne,1098,3,160,0.6486368453330856,1.0609779357910156,0.6749680902047555,1.0814645290374756,0.7690734190667385,1.377669334411621,0.6731422263690103,1.1028788089752195,0.6787014752343328,1.1142168045043943,0.2098067519672034,1.1116740703582764,0.209834409350893,1.1412105560302734,0.177468193239473,1.3694427013397217,0.2104170498980235,1.140425205230713,0.2071584433834921,1.0860776901245115,0.125142553656305,1.158754587173462,0.1242270945753423,1.1237881183624268,0.100307350793258,1.4028496742248535,0.1246981831507876,0.5172874927520752,0.1222337861781354,1.1232140064239502,0.697632058287796,0.8883130550384521,89889,0.8354191780090332,0.0,0.7966444492340088,0.030240637498856,0.0977487564086914,5.793679162842113,0.0092597007751464,-,15.0,0.0928961748633879,0.0035264492034912,0,0,0,['cluster'],['intersecting']
figure_descending_markersize10_interleaved_250_500_3_0_notCramped_rotated_tsne.png,interleaved_250_500_3_0_notCramped_rotated_tsne,1098,3,10,0.9950713911350468,0.2837367057800293,0.9949209606160584,0.9367084503173828,1.0031657112412249,1.1950337886810305,0.9947653019952528,0.9708504676818848,0.995818142843413,0.9387242794036864,0.8769142144944168,0.9678049087524414,0.8732182488740348,0.9668073654174804,0.8708564880718365,0.5668110847473145,0.8796821417602436,0.9614026546478271,0.875917096689917,0.938340663909912,0.7838392515084014,0.8839609622955322,0.7780447079028282,0.9585354328155518,0.7693814647692618,1.2012536525726318,0.7884655438900865,0.937718152999878,0.7817864433206984,0.9480667114257812,1.0,0.8519885540008545,489,0.8237607479095459,0.0,0.8282217979431152,0.030240637498856,0.1029834747314453,5.793679162842113,0.0093171596527099,-,15.0,0.0928961748633879,0.0032780170440673,0,0,5,['cluster'],['intersecting']
figure_descending_markersize60_interleaved_250_500_3_0_notCramped_rotated_tsne.png,interleaved_250_500_3_0_notCramped_rotated_tsne,1098,3,60,0.7935177184969361,0.3843810558319092,0.8364347745174485,1.0844933986663818,1.1018380569914548,1.2993593215942385,0.8061807252621551,1.0606739521026611,0.8378391572161228,1.0569651126861572,0.3227342597664314,1.0428879261016846,0.3379385539339673,1.0072202682495115,0.3768898922816077,1.30804705619812,0.3255319904658573,0.3982927799224853,0.3345508650776817,1.0529046058654783,0.2025588191353755,1.0645966529846191,0.2117439472136453,1.0396418571472168,0.2273236034288367,1.324404001235962,0.2039412558660855,1.04384446144104,0.2090031152352509,1.032969951629639,0.982695810564663,1.032078981399536,27804,0.136162519454956,0.0,0.8491854667663574,0.030240637498856,0.0992214679718017,5.793679162842113,0.0100185871124267,-,15.0,0.0928961748633879,0.003497838973999,0,0,1150,['cluster'],['intersecting']
figure_descending_markersize110_interleaved_250_500_3_0_notCramped_rotated_tsne.png,interleaved_250_500_3_0_notCramped_rotated_tsne,1098,3,110,0.6162835759986177,1.1380815505981443,0.6935488912241201,1.1381962299346924,1.243287643620664,1.3757097721099854,0.6376365119364238,0.4312071800231933,0.6888790275666494,1.1308884620666504,0.2148285653501194,1.1146085262298584,0.2284545475119109,1.1568922996520996,0.2738341366522682,1.362929105758667,0.216602737002704,1.1294047832489014,0.2258828407616084,1.1956510543823242,0.1300877437660982,1.1443085670471191,0.1367499445424168,0.4169807434082031,0.1538610146110688,1.37398362159729,0.1304597053598319,1.2015371322631836,0.1350892438229353,1.1465744972229004,0.8479052823315119,1.0593180656433103,64919,0.9144713878631592,0.0,0.1169705390930175,0.030240637498856,0.1038370132446289,5.793679162842113,0.0091824531555175,-,15.0,0.0928961748633879,0.0034339427947998,0,0,4679,['cluster'],['intersecting']
figure_descending_markersize160_interleaved_250_500_3_0_notCramped_rotated_tsne.png,interleaved_250_500_3_0_notCramped_rotated_tsne,1098,3,160,0.5111710355042789,0.4749758243560791,0.6008103553217026,1.2728817462921145,1.3847730509578438,1.480456829071045,0.5339197647808113,1.2301836013793943,0.592920198131817,1.2440221309661863,0.1803806706914202,1.239767074584961,0.1944161895295766,0.514570951461792,0.2474137136859548,1.4683785438537598,0.1822238527998435,1.2342040538787842,0.1923783946850374,1.2508695125579834,0.1095125907049455,1.2381772994995115,0.1159717390688287,1.2610759735107422,0.1358421329302959,0.7778027057647705,0.1098590722559215,1.2678828239440918,0.1148157007632727,1.24965500831604,0.697632058287796,1.0107710361480713,89889,0.1696178913116455,0.0,0.9190616607666016,0.030240637498856,0.1001844406127929,5.793679162842113,0.0093717575073242,-,15.0,0.0928961748633879,0.0032253265380859,0,0,9821,['cluster'],['intersecting']
figure_category_based_markersize10_ms_interleaved_60_120_3d_0_centeredClusters_pca.png,ms_interleaved_60_120_3d_0_centeredClusters_pca,309,3,10,1.0,0.2910292148590088,1.0,1.087859869003296,1.0,1.245049238204956,1.0,1.09089994430542,1.0,1.1025183200836182,0.9745991476451312,0.2841932773590088,0.9631463536604375,1.0391385555267334,0.9452410716935448,1.2712852954864502,0.9779787348385064,1.063920021057129,0.9680812187329642,1.060546636581421,0.9504567364137938,1.0561749935150146,0.9289125394511212,0.2722563743591308,0.8961678790538848,1.2707366943359375,0.9569064442939672,1.066171646118164,0.938137028133465,1.0557575225830078,1.0,0.100677490234375,41,0.8864119052886963,0.0,0.9233224391937256,0.0305317005817106,0.0271871089935302,13.691517287620854,0.0029644966125488,0.008910018456938909,4.975268125534058,0.0,0.001063585281372,0,0,0,['cluster'],['touching']
figure_category_based_markersize60_ms_interleaved_60_120_3d_0_centeredClusters_pca.png,ms_interleaved_60_120_3d_0_centeredClusters_pca,309,3,60,1.0,1.106799840927124,1.0,1.1154625415802002,1.0,1.3135526180267334,1.0,0.2903132438659668,1.0,1.04367995262146,0.7933980236233118,1.0956542491912842,0.7556438516847737,1.1113049983978271,0.6926774547101369,1.3315575122833252,0.798136214879138,0.2954132556915283,0.7683445262422124,1.078047752380371,0.657547425875939,1.075108766555786,0.6072568956306152,1.0782427787780762,0.5298443427031655,0.508075475692749,0.6640820904665794,1.0820443630218506,0.6238307242673871,1.1056296825408936,1.0,0.9574177265167236,1987,0.1063096523284912,0.0,0.9288945198059082,0.0305317005817106,0.0266740322113037,13.691517287620854,0.0029129981994628,0.01923583137297272,6.619506359100342,0.0,0.001077651977539,0,0,0,['cluster'],['touching']
figure_category_based_markersize110_ms_interleaved_60_120_3d_0_centeredClusters_pca.png,ms_interleaved_60_120_3d_0_centeredClusters_pca,309,3,110,1.0,1.1585495471954346,1.0,0.3148591518402099,1.0,1.3697760105133057,1.0,1.1610980033874512,1.0,0.3112013339996338,0.643069468319537,1.0918633937835691,0.5937789117625291,1.1743454933166504,0.51500005328148,1.3626031875610352,0.6424067854415874,1.1642537117004397,0.6070540189856006,0.3384370803833008,0.4739148049997377,1.1572632789611816,0.4222514629664382,1.1893560886383057,0.3468013951242907,1.3873493671417236,0.4731953419865495,0.3412699699401855,0.4358058584177969,1.1622445583343506,1.0,1.0497074127197266,7625,0.1161446571350097,0.0,0.9748716354370116,0.0305317005817106,0.0278794765472412,13.691517287620854,0.0029597282409667,0.026078744146757007,7.113848686218262,0.0,0.00118088722229,0,0,0,['cluster'],['touching']
figure_category_based_markersize160_ms_interleaved_60_120_3d_0_centeredClusters_pca.png,ms_interleaved_60_120_3d_0_centeredClusters_pca,309,3,160,1.0,0.3232457637786865,1.0,1.2020268440246582,1.0,1.40628981590271,1.0,0.3432879447937011,1.0,1.135910987854004,0.5485700892932379,1.1639373302459717,0.4962942825867369,1.1989588737487793,0.4135028132134057,0.5563516616821289,0.5462170936192701,1.1715879440307615,0.5095746023169663,1.1986401081085205,0.3779514844269098,1.2260558605194092,0.3300474799287741,0.3408286571502685,0.2606388568837895,1.377912998199463,0.3757212244152097,1.2134273052215576,0.3418987646809658,0.3404066562652588,1.0,1.0878057479858398,15498,0.1209688186645507,0.0,0.9668307304382324,0.0305317005817106,0.0286853313446044,13.691517287620854,0.0031723976135253,0.03142746336733003,7.867002248764038,0.0,0.0011487007141113,0,0,0,['cluster'],['touching']
figure_ascending_markersize10_ms_interleaved_60_120_3d_0_centeredClusters_pca.png,ms_interleaved_60_120_3d_0_centeredClusters_pca,309,3,10,1.0,1.1561336517333984,1.0,0.2768042087554931,1.0,1.3534274101257324,1.0,1.145132064819336,1.0,1.191807985305786,0.97497337374155,0.2923088073730469,0.9632120799446648,1.1481003761291504,0.9449143290785604,1.391550064086914,0.9782502110834586,0.2765297889709472,0.9681687550357588,1.2217206954956057,0.9511688269995442,1.1509087085723877,0.929034821213249,0.2770910263061523,0.8955806671635841,1.3393683433532717,0.9574263892149076,1.1626765727996826,0.9383014516771214,0.286121129989624,1.0,0.9748744964599608,41,1.030517339706421,0.0,0.0923645496368408,0.0305317005817106,0.0260994434356689,13.691517287620856,0.0028071403503417,0.008910018456938907,4.919211149215698,0.0,0.0012879371643066,0,0,0,['cluster'],['touching']
figure_ascending_markersize60_ms_interleaved_60_120_3d_0_centeredClusters_pca.png,ms_interleaved_60_120_3d_0_centeredClusters_pca,309,3,60,1.0,0.2812345027923584,1.0,1.1800405979156494,1.0,1.3658876419067385,1.0,1.2071056365966797,1.0,0.3021993637084961,0.7994726794420938,1.2015831470489502,0.7568470683298285,1.1688976287841797,0.686948608665487,0.5202016830444336,0.8029320627734488,1.2000696659088137,0.7700146415506366,1.2086403369903564,0.665934598698316,0.2976782321929931,0.6088125194001732,1.163116693496704,0.5231696285453917,1.4557459354400637,0.6707489506683612,0.289586067199707,0.6260356160022835,1.165135145187378,1.0,1.019073486328125,1987,0.1027202606201171,0.0,1.023521900177002,0.0305317005817106,0.0291037559509277,13.691517287620856,0.0031280517578125,0.019235831372972724,5.616390705108643,0.0,0.0011196136474609,0,0,0,['cluster'],['touching']
figure_ascending_markersize110_ms_interleaved_60_120_3d_0_centeredClusters_pca.png,ms_interleaved_60_120_3d_0_centeredClusters_pca,309,3,110,1.0,0.3205227851867676,1.0,1.251401424407959,1.0,1.429260015487671,1.0,0.3154511451721191,1.0,1.212026596069336,0.653385495955159,1.2371172904968262,0.5958002721025397,0.3142018318176269,0.5066065891268994,1.4454495906829834,0.6510472254085153,1.2104735374450684,0.6101683151082068,0.3245384693145752,0.4852060437434602,1.2530171871185305,0.42429880896975,1.244504690170288,0.3392318363255103,0.5378427505493164,0.4826315922035726,1.257105827331543,0.4390231721877259,1.2709479331970217,1.0,0.141639232635498,7625,1.1008670330047607,0.0,1.1215999126434326,0.0305317005817106,0.0290665626525878,13.691517287620856,0.003249168395996,0.026078744146757007,5.126215696334839,0.0,0.0011260509490966,0,0,0,['cluster'],['touching']
figure_ascending_markersize160_ms_interleaved_60_120_3d_0_centeredClusters_pca.png,ms_interleaved_60_120_3d_0_centeredClusters_pca,309,3,160,1.0,1.2346735000610352,1.0,0.3305959701538086,1.0,1.4389455318450928,1.0,1.260685920715332,1.0,1.2633275985717771,0.562409817880209,0.3397741317749023,0.498971592745503,1.236785888671875,0.4031784983920455,0.5400538444519043,0.5580321810310089,1.277299404144287,0.5138155000236131,1.2692885398864746,0.3912170692838975,0.3397231101989746,0.332419819860813,1.256625413894653,0.252488144721283,1.5136120319366455,0.3869935054653318,0.3445205688476562,0.3457279362231114,1.2585680484771729,1.0,1.1294052600860596,15498,0.1135833263397216,0.0,1.110245943069458,0.0305317005817106,0.027684211730957,13.691517287620856,0.0030081272125244,0.03142746336733003,5.9531309604644775,0.0,0.0010666847229003,0,0,0,['cluster'],['touching']
figure_descending_markersize10_ms_interleaved_60_120_3d_0_centeredClusters_pca.png,ms_interleaved_60_120_3d_0_centeredClusters_pca,309,3,10,1.0,1.1806704998016355,1.0,1.2040271759033203,1.0,0.5213849544525146,1.0,1.1893322467803955,1.0,1.2269446849822998,0.9742523312414904,0.2863094806671142,0.9630848504097262,1.2233245372772217,0.9457196208966012,1.424828052520752,0.9776984863734242,0.2704644203186035,0.9679964422566396,1.174407720565796,0.94979726585258,1.273378849029541,0.928798128554954,0.3056602478027344,0.8970285700478258,1.464765548706055,0.956369988052816,1.2332172393798828,0.9379778150894336,0.2635622024536133,1.0,1.1378817558288574,41,0.0999550819396972,0.0,1.1025869846343994,0.0305317005817106,0.0286812782287597,13.691517287620856,0.0031988620758056,0.008910018456938909,3.913681507110596,0.0,0.0011098384857177,0,0,0,['cluster'],['touching']
figure_descending_markersize60_ms_interleaved_60_120_3d_0_centeredClusters_pca.png,ms_interleaved_60_120_3d_0_centeredClusters_pca,309,3,60,1.0,0.6285848617553711,1.0,0.5081825256347656,1.0,0.825145959854126,1.0,0.5856678485870361,1.0,0.5271522998809814,0.7887503962353499,0.5802614688873291,0.7545205728661409,0.6079013347625732,0.6965188525624633,0.7456727027893066,0.7942411089233521,0.5314667224884033,0.7669447706728826,0.6594481468200684,0.6511873306574114,0.511049747467041,0.6058073352544009,0.6293396949768066,0.5343528396492138,0.8916747570037842,0.6587064087200363,0.5632362365722656,0.6219873631219317,0.7113492488861084,1.0,0.3228194713592529,1987,0.2102799415588379,0.0,0.3173408508300781,0.0305317005817106,0.0285346508026123,13.691517287620856,0.0033791065216064,0.019235831372972724,5.02089524269104,0.0,0.0010769367218017,0,0,0,['cluster'],['touching']
figure_descending_markersize110_ms_interleaved_60_120_3d_0_centeredClusters_pca.png,ms_interleaved_60_120_3d_0_centeredClusters_pca,309,3,110,1.0,0.6331145763397217,1.0,0.6130940914154053,1.0,0.9583373069763184,1.0,0.5710628032684326,1.0,0.6143264770507812,0.6326055940817681,0.6184835433959961,0.5916261316963343,0.6472864151000977,0.5221846348138828,0.907346487045288,0.6332131273651616,0.5287761688232422,0.6038449065981861,0.764885425567627,0.4626357920902573,0.6689052581787109,0.4200774702025153,0.676321268081665,0.3533490360943151,0.9318461418151855,0.4632859299742013,0.7062292098999023,0.4325056073296861,0.6892092227935791,1.0,0.2772467136383056,7625,0.4013180732727051,0.0,0.3903999328613281,0.0305317005817106,0.0275027751922607,13.691517287620856,0.0031867027282714,0.026078744146757007,5.597658395767212,0.0,0.0011665821075439,0,0,0,['cluster'],['touching']
figure_descending_markersize160_ms_interleaved_60_120_3d_0_centeredClusters_pca.png,ms_interleaved_60_120_3d_0_centeredClusters_pca,309,3,160,1.0,0.7353091239929199,1.0,0.7343194484710693,1.0,0.9976935386657716,1.0,0.7166483402252197,1.0,0.7313065528869629,0.5351766647384827,0.8923377990722656,0.4937075615419583,0.6321804523468018,0.4223232062357859,0.986863613128662,0.5344637853209915,0.7829926013946533,0.5055425172603158,0.7555837631225586,0.3653523615139137,0.7529830932617188,0.32776342026078,0.9190776348114014,0.2676867707663721,0.8765337467193604,0.3646882144349147,0.7731690406799316,0.3382782870032141,0.6099743843078613,1.0,0.5082004070281982,15498,0.2873051166534424,0.0,0.440854549407959,0.0305317005817106,0.0295684337615966,13.691517287620856,0.0033414363861083,0.03142746336733002,6.385249853134155,0.0,0.0011563301086425,0,0,0,['cluster'],['touching']
figure_category_based_markersize10_cars03Cropped_d2_tsne.png,cars03Cropped_d2_tsne,7404,53,10,0.1652450852034314,0.8790085315704346,0.1651770314651092,1.1198360919952393,0.1702578997858054,4.898087024688721,0.1674261843895091,0.9779844284057616,0.1676299995914021,1.1637616157531738,0.1325788483013146,1.0056414604187012,0.1324108643662723,1.005967378616333,0.1322269746389077,5.116240978240967,0.1333216596413919,1.0199635028839111,0.1332970787073439,1.1725976467132568,0.1106960574597113,1.0458660125732422,0.110492472933767,1.0015065670013428,0.1080839886841017,5.103518962860107,0.1107599773044584,1.0800421237945557,0.1106370872269184,1.0478081703186035,0.4551593733117234,0.9041485786437988,31048,0.5181698799133301,0.0831982712047541,0.7455577850341797,0.0306422745620262,0.7701308727264404,0.9690170759155372,0.0553970336914062,-,15.0,0.9647487844408428,0.0675563812255859,122,0,22469,['three_order'],"['intersecting','separated']"
figure_category_based_markersize60_cars03Cropped_d2_tsne.png,cars03Cropped_d2_tsne,7404,53,60,0.1108425083758186,1.751475811004639,0.1099852539607697,1.5031728744506836,0.1074867742097551,5.373772382736206,0.11248364993384,1.2323217391967771,0.1115490339059712,1.4714491367340088,0.0867865303550473,1.5096969604492188,0.0859760524414339,1.5028059482574463,0.0821667032087158,5.219967842102051,0.0873176518593809,1.8458034992218015,0.0863872451439258,1.3044054508209229,0.0713101901640801,1.561173915863037,0.0705708152507816,1.5905263423919678,0.0665013453285269,5.464938163757324,0.0713536745419253,1.6387724876403809,0.0704875704025551,1.598970890045166,0.163290113452188,0.7331674098968506,86273,0.6978585720062256,0.0831982712047541,0.9330933094024658,0.0306422745620262,0.7624120712280273,0.9690170759155372,0.0636823177337646,-,15.0,0.9647487844408428,0.0652544498443603,1852,0,223024,['three_order'],"['intersecting','separated']"
figure_category_based_markersize110_cars03Cropped_d2_tsne.png,cars03Cropped_d2_tsne,7404,53,110,0.1054805677237917,2.045055627822876,0.1051900600430221,2.124264001846313,0.0996879567760035,6.01142692565918,0.1078459909567789,1.8332877159118648,0.1071163639556513,2.1409919261932373,0.0803396229129602,1.8489999771118164,0.079943092114776,2.198025703430176,0.0746460823966922,6.105289459228516,0.0812679993950706,1.896498680114746,0.080472548543785,2.1235201358795166,0.0648765189679468,2.194688558578491,0.0644695665822019,1.855905294418335,0.0596594685211554,6.238179445266724,0.0651998829645662,1.909008502960205,0.0644431462264332,1.792131423950195,0.1150729335494327,1.316930055618286,108418,0.949810028076172,0.0831982712047541,0.677152156829834,0.0306422745620262,0.7750270366668701,0.9690170759155372,0.0580933094024658,-,15.0,0.9647487844408428,0.0634012222290039,2690,0,443783,['three_order'],"['intersecting','separated']"
figure_category_based_markersize160_cars03Cropped_d2_tsne.png,cars03Cropped_d2_tsne,7404,53,160,0.1036785024577736,2.727821111679077,0.1032893657970814,2.366058111190796,0.0957052953984214,6.672688961029053,0.1063985627471576,2.4242677688598637,0.1056573684713629,2.749047040939331,0.0775321093732875,2.3751561641693115,0.0771316838918463,2.782371997833252,0.0709267389272025,6.372276782989502,0.0786184291403844,2.386368989944458,0.0778514005490358,2.7338197231292725,0.061917346119476,2.409395217895508,0.0615454956560374,2.438938617706299,0.0563400355760433,6.762526035308838,0.0623414006342069,2.387670993804932,0.0616317135183628,2.354522943496704,0.0990005402485143,1.1905498504638672,122131,1.145723819732666,0.0831982712047541,0.7705411911010742,0.0306422745620262,0.7249417304992676,0.9690170759155372,0.060840368270874,-,15.0,0.9647487844408428,0.0650427341461181,3105,0,644365,['three_order'],"['intersecting','separated']"
figure_ascending_markersize10_cars03Cropped_d2_tsne.png,cars03Cropped_d2_tsne,7404,53,10,0.203734881060124,1.5233120918273926,0.1815892193155103,1.0796823501586914,0.1112523549328009,5.079673528671265,0.200765955429476,1.504647731781006,0.1867247732303619,1.097367763519287,0.1602212639100906,1.116048812866211,0.1459696079674979,1.042558193206787,0.0930481670992793,5.489278078079224,0.1558089660427761,1.1123783588409424,0.1468017577073418,1.104008436203003,0.1320236943088707,1.084245204925537,0.1220323643087525,1.0894157886505127,0.0799637275240814,5.552133321762085,0.1273024623543317,1.155057430267334,0.120943270916042,1.1441400051116943,0.4551593733117234,0.9355287551879884,31048,0.2594623565673828,0.0831982712047541,0.7355191707611084,0.0306422745620262,0.7019684314727783,0.9690170759155374,0.0585408210754394,-,15.0,0.9647487844408428,0.064471960067749,104,0,0,['three_order'],"['intersecting','separated']"
figure_ascending_markersize60_cars03Cropped_d2_tsne.png,cars03Cropped_d2_tsne,7404,53,60,0.1530555229148301,1.0181806087493896,0.1314365323784037,2.0676307678222656,0.0401852519442673,5.609076738357544,0.1456863381540608,1.5291452407836914,0.1300593731645747,1.0060946941375732,0.11917284859336,2.10713267326355,0.1067703188671287,1.5517218112945557,0.0358092572815794,5.5606725215911865,0.1121110445095915,1.593329906463623,0.1022075755697763,1.539844989776611,0.0975726894148273,1.5711719989776611,0.0898992544484115,1.0732109546661377,0.0322927237312227,6.231044054031372,0.0911129022834354,1.6196331977844238,0.0841805753662092,1.6633131504058838,0.163290113452188,0.3941705226898193,86273,1.005231857299805,0.0831982712047541,0.8377280235290527,0.0306422745620262,0.7019870281219482,0.9690170759155374,0.056990623474121,-,15.0,0.9647487844408428,0.0680775642395019,1800,0,0,['three_order'],"['intersecting','separated']"
figure_ascending_markersize110_cars03Cropped_d2_tsne.png,cars03Cropped_d2_tsne,7404,53,110,0.1515106424519123,2.0562374591827397,0.1314643515952669,2.6796891689300537,0.0232434196638667,5.442563056945801,0.1426875911683729,2.078451633453369,0.1263496047247664,2.624277353286743,0.1159999835881622,1.532438039779663,0.1055562453321544,2.711759567260742,0.0211166331155394,5.494245290756226,0.1082194662162289,2.1226673126220703,0.0980744204690572,2.667100191116333,0.093974493355643,1.534165859222412,0.0881786021408573,2.127542734146118,0.0193464239623109,6.228015422821045,0.087163853868634,2.108697891235352,0.0801402177592657,2.1102428436279297,0.1150729335494327,1.2406628131866455,108418,1.212449550628662,0.0831982712047541,0.9442222118377686,0.0306422745620262,0.6964173316955566,0.9690170759155374,0.0520317554473876,-,15.0,0.9647487844408428,0.069455862045288,2705,0,0,['three_order'],"['intersecting','separated']"
figure_ascending_markersize160_cars03Cropped_d2_tsne.png,cars03Cropped_d2_tsne,7404,53,160,0.1519796234076409,2.51686692237854,0.1330637467489027,2.744936227798462,0.0130674322961972,6.62087345123291,0.1421452339491613,2.5276548862457275,0.1253346390398513,2.620834827423096,0.1152513858554399,2.639267444610596,0.1056930881230678,2.7086825370788574,0.0120311998669393,6.602894067764282,0.1067792922197041,2.706051111221313,0.0965911887869188,2.5838067531585693,0.0928199923968455,2.7028839588165283,0.08766148556644,2.743640184402466,0.0111472367475866,6.642478704452515,0.0855054191121856,1.9975786209106443,0.0785719879874304,2.7290031909942627,0.0990005402485143,1.3775651454925537,122131,1.4606983661651611,0.0831982712047541,1.0619022846221924,0.0306422745620262,0.7379257678985596,0.9690170759155374,0.0609090328216552,-,15.0,0.9647487844408428,0.0646727085113525,3114,0,0,['three_order'],"['intersecting','separated']"
figure_descending_markersize10_cars03Cropped_d2_tsne.png,cars03Cropped_d2_tsne,7404,53,10,0.1307159692655973,0.6351895332336426,0.1503898463478343,1.351604700088501,0.2474220324418916,5.286548376083374,0.133835209340521,1.3366436958312988,0.1458878702343643,1.3631353378295898,0.1074785580928392,1.350666046142578,0.1204957672910913,1.3646650314331057,0.1750357298578672,4.623583555221558,0.1098893641296017,1.3840575218200684,0.1183084779604533,1.36326265335083,0.0912559623983019,1.36603045463562,0.100515561150587,0.6149070262908936,0.1354176589170963,5.381727457046509,0.0932118630743926,1.4042818546295166,0.0994987274875335,1.391057014465332,0.4551593733117234,1.2377007007598877,31048,0.2669887542724609,0.0831982712047541,1.037250518798828,0.0306422745620262,0.7569687366485596,0.9690170759155374,0.0613825321197509,-,15.0,0.9647487844408428,0.0682098865509033,142,0,50149,['three_order'],"['intersecting','separated']"
figure_descending_markersize60_cars03Cropped_d2_tsne.png,cars03Cropped_d2_tsne,7404,53,60,0.0754560360559524,1.0488152503967283,0.0964397831213671,1.7875213623046875,0.1760399743330306,5.04627251625061,0.0759838194647102,1.847452163696289,0.0873404920265444,1.8315188884735107,0.0627172304166374,1.8234786987304688,0.0755714340349501,1.0500333309173584,0.1186334429328079,5.667753458023071,0.0633881600212719,1.8241934776306152,0.0713076340302036,1.7905690670013428,0.0536583943990565,1.9245779514312744,0.062127770439581,1.02150297164917,0.0894604448386716,5.767393112182617,0.0543746087313358,1.8542628288269043,0.0602480604533769,0.987550973892212,0.163290113452188,1.2374601364135742,86273,1.2802422046661377,0.0831982712047541,0.2465853691101074,0.0306422745620262,0.7648053169250488,0.9690170759155374,0.0589509010314941,-,15.0,0.9647487844408428,0.0634851455688476,1719,0,525631,['three_order'],"['intersecting','separated']"
figure_descending_markersize110_cars03Cropped_d2_tsne.png,cars03Cropped_d2_tsne,7404,53,110,0.0681442400497648,2.253871202468872,0.0908530144211675,1.6111245155334473,0.1716601618977475,6.289190292358398,0.0677209335119473,2.2964324951171875,0.0797546124189859,2.3077564239501958,0.0561948456460967,1.4403300285339355,0.0699290194593393,2.444704294204712,0.1125193740747205,6.339968204498291,0.0564481104266623,1.4499518871307373,0.064781494270208,2.3122546672821045,0.0478109787050977,2.4250733852386475,0.0568387206677563,1.5224509239196775,0.0836872378283842,6.412461757659912,0.0483926692152375,2.4173755645751958,0.0545418214547775,1.561875581741333,0.1150729335494327,1.5826382637023926,108418,0.5162508487701416,0.0831982712047541,1.187110424041748,0.0306422745620262,0.7115478515625,0.9690170759155374,0.0565855503082275,-,15.0,0.9647487844408428,0.0652382373809814,2507,0,1128452,['three_order'],"['intersecting','separated']"
figure_descending_markersize160_cars03Cropped_d2_tsne.png,cars03Cropped_d2_tsne,7404,53,160,0.0648904441848251,2.898085832595825,0.0884404573589636,3.0320165157318115,0.1700987244275575,6.970821142196655,0.0639132974394763,2.0449817180633545,0.0763105286570527,2.897626638412476,0.053181068991071,2.001948118209839,0.0674073166646508,2.918895483016968,0.1100096199250928,6.867343664169312,0.0532487259095894,1.8998360633850095,0.0618445046101775,2.806048393249512,0.0450515838947181,2.9512343406677246,0.0544563622752347,1.9214882850646973,0.0812922912171303,6.8544697761535645,0.0456342036097975,2.802053928375244,0.0519890511454932,1.899591445922852,0.0990005402485143,1.6538581848144531,122131,0.6005280017852783,0.0831982712047541,1.3005778789520264,0.0306422745620262,0.7668304443359375,0.9690170759155374,0.0594658851623535,-,15.0,0.9647487844408428,0.066202163696289,2827,0,1730505,['three_order'],"['intersecting','separated']"
figure_category_based_markersize10_interleaved_100_200_4d_25_cramped_rotated_pca.png,interleaved_100_200_4d_25_cramped_rotated_pca,538,4,10,0.91082161301136,0.2882857322692871,0.9070695271943604,0.2852883338928222,0.912605587097056,0.6033782958984375,0.904929680220386,0.269378662109375,0.9011295087361232,0.2743275165557861,0.8578818105382877,1.234854221343994,0.842832169537556,1.2594411373138428,0.8220692425161332,0.5976195335388184,0.8523370223293384,1.2397401332855225,0.8418140842927525,1.2610859870910645,0.8107580173821669,0.2765476703643799,0.7870914841129488,1.2638204097747805,0.747875210884614,0.5755891799926758,0.8055217495789869,1.2704956531524658,0.7898250967024555,1.2749958038330078,0.9944237918215614,0.1105620861053466,229,1.1007418632507324,0.0,0.1008477210998535,0.0307550356680929,0.0664479732513427,10.272390348799046,0.0049872398376464,-,15.0,0.2490706319702602,0.0021288394927978,0,0,54,['cluster'],['intersecting']
figure_category_based_markersize60_interleaved_100_200_4d_25_cramped_rotated_pca.png,interleaved_100_200_4d_25_cramped_rotated_pca,538,4,60,0.6366762104949797,0.3051590919494629,0.6312006076485657,1.325404405593872,0.6336324264331417,1.610342502593994,0.6214650536292141,0.3020703792572021,0.6134991466160492,1.3022077083587646,0.5141534357981679,0.3294305801391601,0.4887772259323643,1.3446261882781982,0.4481701312022347,0.6246953010559082,0.5060329666615083,1.2932469844818115,0.485313773422516,1.2898540496826172,0.4311771584287006,0.3196027278900146,0.3987938407476455,1.3517494201660156,0.3466938806681777,0.5908942222595215,0.4267648596243684,1.2688653469085691,0.4014369693359227,0.3201665878295898,0.9907063197026024,1.2171800136566162,6925,1.149946689605713,0.0,0.0993435382843017,0.0307550356680929,0.0621407032012939,10.272390348799046,0.0049889087677001,-,15.0,0.2490706319702602,0.0020947456359863,0,0,1588,['cluster'],['intersecting']
figure_category_based_markersize110_interleaved_100_200_4d_25_cramped_rotated_pca.png,interleaved_100_200_4d_25_cramped_rotated_pca,538,4,110,0.5035349662852686,0.3522841930389404,0.4992098137296467,1.397844314575195,0.4985989003035198,0.63875412940979,0.4881265739481162,1.353529930114746,0.4806092243066052,0.3503994941711426,0.370074349189478,1.3481440544128418,0.3484659967047285,0.344815731048584,0.3099785354914465,1.6088752746582031,0.3630786827607305,1.3992908000946045,0.3452090686027576,0.3438699245452881,0.2925379387296163,1.4076166152954102,0.2676462397850238,0.345808744430542,0.2248990457037589,1.6465439796447754,0.2890341388407735,1.381016969680786,0.2693313901842923,0.3471510410308838,0.9758364312267658,1.2667124271392822,21157,0.1128528118133544,0.0,1.1694347858428955,0.0307550356680929,0.0644009113311767,10.272390348799046,0.0048820972442626,-,15.0,0.2490706319702602,0.0020995140075683,2,0,4717,['cluster'],['intersecting']
figure_category_based_markersize160_interleaved_100_200_4d_25_cramped_rotated_pca.png,interleaved_100_200_4d_25_cramped_rotated_pca,538,4,160,0.4188835257726933,1.4077250957489014,0.4161310302377844,1.396484136581421,0.4116319205966828,0.6800863742828369,0.40356892597903,1.4089241027832031,0.3975173122840481,0.3777599334716797,0.2954831388850564,1.390544891357422,0.2780577050002198,0.3800737857818603,0.2426744900678789,1.6879351139068604,0.2889759962649392,1.387082576751709,0.2743888823296277,0.37795090675354,0.2282439440538844,1.4604542255401611,0.2087829842983806,0.3776605129241943,0.1720537351104162,1.7249820232391355,0.225068154216707,0.3876893520355224,0.2094981715501017,1.4796485900878906,0.9386617100371748,0.2238597869873047,37405,1.1846723556518557,0.0,0.0956122875213623,0.0307550356680929,0.0598089694976806,10.272390348799046,0.0046954154968261,-,15.0,0.2490706319702602,0.0024127960205078,4,0,9352,['cluster'],['intersecting']
figure_ascending_markersize10_interleaved_100_200_4d_25_cramped_rotated_pca.png,interleaved_100_200_4d_25_cramped_rotated_pca,538,4,10,0.9417635850533608,1.3709490299224854,0.915321465281908,1.3502159118652344,0.8855952856837837,0.5772628784179688,0.940614873644134,1.349433660507202,0.9207842499754398,0.2888495922088623,0.886339315844762,1.321786642074585,0.850575865816705,0.276839017868042,0.7997665917990715,1.6273620128631592,0.8850054344994605,0.2771503925323486,0.862286473690408,1.302682638168335,0.8370760715707894,1.3408527374267578,0.7943847679787759,0.2864887714385986,0.7291044263280959,1.6452646255493164,0.8356042552462334,0.2798864841461181,0.8107774702788269,1.3324129581451416,0.9944237918215614,0.1069021224975586,229,1.2228155136108398,0.0,0.0989429950714111,0.0307550356680929,0.0659718513488769,10.272390348799048,0.0053095817565917,0.010772688546896779,12.65830397605896,0.2490706319702602,0.0022392272949218,0,0,0,['cluster'],['intersecting']
figure_ascending_markersize60_interleaved_100_200_4d_25_cramped_rotated_pca.png,interleaved_100_200_4d_25_cramped_rotated_pca,538,4,60,0.7054096531698985,0.3030374050140381,0.6501529613655583,1.4179017543792725,0.5706481204084561,0.5964772701263428,0.7037717572186528,1.411543369293213,0.6597788426072124,0.316662073135376,0.5663098398463194,1.4565317630767822,0.5056644675720714,0.3082952499389648,0.4171049817732638,1.6325860023498535,0.5664746635284266,0.3059797286987304,0.5214606021954451,1.4230308532714844,0.4730325041487001,1.3994770050048828,0.4137202368626994,0.3062403202056885,0.3286703213958155,1.7114393711090088,0.4740026561921004,0.3165366649627685,0.4310862423908824,1.423391342163086,0.9907063197026024,0.1722843647003173,6925,1.2262554168701172,0.0,0.1060211658477783,0.0307550356680929,0.0605933666229248,10.272390348799048,0.0048377513885498,0.021155841839828972,14.972644567489624,0.2490706319702602,0.0019419193267822,0,0,0,['cluster'],['intersecting']
figure_ascending_markersize110_interleaved_100_200_4d_25_cramped_rotated_pca.png,interleaved_100_200_4d_25_cramped_rotated_pca,538,4,110,0.5800831356565701,0.3242144584655761,0.5197953648279623,1.483719825744629,0.4308519610984389,0.6348729133605957,0.581072128730142,1.465040922164917,0.531096301766365,0.3210570812225342,0.4230328896580089,1.420572280883789,0.3658361787641497,0.3516523838043213,0.283478858922722,1.776237726211548,0.4242880025303353,1.3956151008605957,0.3808265599040532,0.3340256214141845,0.3329034489900321,1.452815294265747,0.2822392067797855,0.3484151363372803,0.211228170576365,1.7585551738739014,0.3341327408661455,0.3296916484832763,0.2968383579879093,1.4530367851257324,0.9758364312267658,0.2133927345275879,21157,1.2833263874053955,0.0,0.1000046730041503,0.0307550356680929,0.0596318244934082,10.272390348799048,0.0047459602355957,-,15.0,0.2490706319702602,0.0023601055145263,0,0,0,['cluster'],['intersecting']
figure_ascending_markersize160_interleaved_100_200_4d_25_cramped_rotated_pca.png,interleaved_100_200_4d_25_cramped_rotated_pca,538,4,160,0.4971761310875264,0.3845341205596924,0.4367133600130574,1.525096416473389,0.344336450553133,0.6583693027496338,0.4993478795694869,1.5096886157989502,0.4488864603050837,0.374589204788208,0.3462860915449696,1.5127758979797363,0.2947529604414692,0.3730301856994629,0.2181129815086525,1.7666451930999756,0.3478477625983919,0.381371259689331,0.3083021657145497,1.5222344398498535,0.265659877102308,0.359180212020874,0.2224440863200658,1.46250581741333,0.1596061346161498,0.6703946590423584,0.2668780477004383,1.5304903984069824,0.2347744425361796,0.3539004325866699,0.9386617100371748,1.3968193531036377,37405,0.1250767707824707,0.0,1.2353026866912842,0.0307550356680929,0.0635523796081543,10.272390348799048,0.0049135684967041,-,15.0,0.2490706319702602,0.0021307468414306,1,0,0,['cluster'],['intersecting']
figure_descending_markersize10_interleaved_100_200_4d_25_cramped_rotated_pca.png,interleaved_100_200_4d_25_cramped_rotated_pca,538,4,10,0.8822628805670195,0.2672443389892578,0.8984634160616591,1.4608616828918457,0.941243767547058,0.5667393207550049,0.8812556649292126,1.46616530418396,0.8912591305126458,0.2600717544555664,0.8334148387203024,1.4416940212249756,0.8382232187538029,0.278846263885498,0.8504602346285323,1.7432479858398438,0.8322012636608179,0.2663800716400146,0.8329898529450337,1.4180586338043213,0.7896921393753635,0.2782347202301025,0.7855534140492156,0.2836463451385498,0.7756484688240174,1.7228450775146484,0.7883200500665846,1.4213991165161133,0.781872143838898,0.2631783485412597,0.9944237918215614,0.1087315082550048,229,1.303469181060791,0.0,0.0954582691192627,0.0307550356680929,0.0633912086486816,10.272390348799048,0.0048520565032958,0.010772688546896779,12.442391633987429,0.2490706319702602,0.0022218227386474,0,0,85,['cluster'],['intersecting']
figure_descending_markersize60_interleaved_100_200_4d_25_cramped_rotated_pca.png,interleaved_100_200_4d_25_cramped_rotated_pca,538,4,60,0.5656916693263183,0.3158583641052246,0.6088230760165376,1.4768528938293457,0.7275128466994558,0.588965892791748,0.5617193195433607,1.4530789852142334,0.5903467462305665,0.2959659099578857,0.4639315092824492,1.463010549545288,0.4755241028386352,0.2910730838775635,0.4999835879677529,1.726677417755127,0.4636102053537781,0.3015668392181396,0.4694455805666272,1.4735944271087646,0.3932001957155622,0.2911601066589355,0.390111097392242,1.4775886535644531,0.3808674835558326,0.5858645439147949,0.3946765488892061,1.4885270595550537,0.3896470785856359,0.2769985198974609,0.9907063197026024,1.364368200302124,6925,0.1119582653045654,0.0,1.3126089572906494,0.0307550356680929,0.0648252964019775,10.272390348799048,0.00457763671875,0.021155841839828972,13.42294144630432,0.2490706319702602,0.0023970603942871,0,0,2879,['cluster'],['intersecting']
figure_descending_markersize110_interleaved_100_200_4d_25_cramped_rotated_pca.png,interleaved_100_200_4d_25_cramped_rotated_pca,538,4,110,0.4263995370902026,1.5265989303588867,0.4726471049477608,1.562164545059204,0.6176257181194139,0.6583471298217773,0.4220565326312102,0.3313901424407959,0.4532300281969299,1.491520881652832,0.3207886081643666,0.3293924331665039,0.3335506480412316,1.5587899684906006,0.3603307081901948,0.6436376571655273,0.3204994505018017,1.529139518737793,0.3273579175248108,1.5775377750396729,0.2571079382129566,0.3478713035583496,0.2577088799631571,0.3466134071350097,0.2543653445070633,1.7834479808807373,0.2583372222871731,0.3304665088653564,0.2562042655895169,1.582566738128662,0.9758364312267658,0.2062640190124511,21157,1.317434549331665,0.0,0.094165563583374,0.0307550356680929,0.0581626892089843,10.272390348799048,0.0047411918640136,-,15.0,0.2490706319702602,0.0021088123321533,0,0,9053,['cluster'],['intersecting']
figure_descending_markersize160_interleaved_100_200_4d_25_cramped_rotated_pca.png,interleaved_100_200_4d_25_cramped_rotated_pca,538,4,160,0.3449474151108606,0.368093729019165,0.3891887428792949,1.5965030193328855,0.537752553496028,0.6557247638702393,0.3405527598508036,1.620131015777588,0.3700894765308362,0.3722171783447265,0.2497355396796359,1.5787651538848877,0.2627201114918469,0.3660125732421875,0.2897200519179798,1.8805618286132808,0.249429670478576,0.3848550319671631,0.2565166956293597,1.5838539600372314,0.195714666769191,0.3645548820495605,0.198286139252855,1.5675873756408691,0.198270120705214,0.6652112007141113,0.1967771947933747,1.6026604175567627,0.1962818643548468,0.3580946922302246,0.9386617100371748,1.502119779586792,37405,0.1280107498168945,0.0,1.374107837677002,0.0307550356680929,0.0588550567626953,10.272390348799048,0.0047180652618408,-,15.0,0.2490706319702602,0.0020561218261718,0,0,17722,['cluster'],['intersecting']
figure_category_based_markersize10_spambase_tsne.png,spambase_tsne,4601,2,10,0.3662660852409436,1.654310703277588,0.9999929322719135,0.3942582607269287,0.5132169271211973,1.7993900775909424,0.3850947345936316,0.3939576148986816,0.3973250075462385,1.765634298324585,0.2036623960289357,0.4046182632446289,0.9999830247605586,1.587522268295288,0.2419821103382254,0.5421009063720703,0.2091292594744909,1.7147746086120603,0.212792167793986,0.5178248882293701,0.1410453614625033,1.6549265384674072,0.9999731174455204,0.3728930950164795,0.1583135177544535,0.5712854862213135,0.1435399896105991,1.7078773975372314,0.1453063666101127,0.4839191436767578,0.5770484677244078,1.643146514892578,19137,0.1622681617736816,0.1245381438817648,1.4664428234100342,0.0303055847531311,0.4619402885437011,1.349729538540183,0.0366873741149902,-,15.0,0.3101499673983917,0.0093326568603515,10,0,2412,['three_order'],['intersecting']
figure_category_based_markersize60_spambase_tsne.png,spambase_tsne,4601,2,60,0.1625626660287912,1.8651225566864011,0.9999921987593876,0.6048054695129395,0.2674114289957596,2.0116028785705566,0.1752858095959132,0.6260581016540527,0.1819841507286357,2.014730930328369,0.1005823319287277,0.6389341354370117,0.99998570806899,1.8840336799621584,0.1302757194602682,0.7543902397155762,0.1050552054058412,1.896592617034912,0.1072863842442474,0.7107696533203125,0.0728187118919027,1.9527208805084229,0.999979217462851,0.6181039810180664,0.0861141088052206,2.1155924797058105,0.0750038926027979,0.6249434947967529,0.0760646551709849,0.7233457565307617,0.2403825255379265,1.6445658206939695,71689,0.2266669273376464,0.1245381438817648,1.4836585521697998,0.0303055847531311,0.4347026348114013,1.349729538540183,0.0336589813232421,-,15.0,0.3101499673983917,0.0103085041046142,252,0,36659,['three_order'],['intersecting']
figure_category_based_markersize110_spambase_tsne.png,spambase_tsne,4601,2,110,0.1314020290173001,1.2578253746032717,0.999993613828603,1.1418814659118652,0.2213295916132338,1.4399011135101318,0.1421464689214689,1.3176982402801514,0.1471766502913432,1.3086588382720947,0.0851313113860258,1.247445583343506,0.9999891107202704,1.304538011550903,0.1132384751115472,1.5117826461791992,0.0892993006179442,1.243692398071289,0.0911011325388836,1.436699390411377,0.0629608494270249,1.2480533123016355,0.9999846076524936,1.2686197757720947,0.0760821188041461,1.4442601203918457,0.0650974074879749,1.264474630355835,0.0659671168768604,1.3147611618041992,0.1651814822864594,0.6192648410797119,93682,0.4760472774505615,0.1245381438817648,0.4625196456909179,0.0303055847531311,0.4506218433380127,1.349729538540183,0.0387172698974609,-,15.0,0.3101499673983917,0.0087194442749023,434,0,81152,['three_order'],['intersecting']
figure_category_based_markersize160_spambase_tsne.png,spambase_tsne,4601,2,160,0.1198506539644284,1.6710028648376465,0.9999945820909428,1.585115909576416,0.2034544688049138,1.8173835277557373,0.1296858658577033,1.5829453468322754,0.1339214512043015,1.773662805557251,0.0791026816482185,1.5902595520019531,0.999991030141164,1.6804149150848389,0.1063783844271306,1.680613994598389,0.083097721604972,1.58638334274292,0.0846515111438834,1.8580665588378904,0.0590323114552159,1.6687555313110352,0.999987478216618,1.620847463607788,0.0720164970474412,1.8770711421966555,0.0611355013163403,1.6576502323150637,0.0618842028588775,1.861595869064331,0.1301890893284068,0.805974006652832,106630,0.6601860523223877,0.1245381438817648,0.5539901256561279,0.0303055847531311,0.4235663414001465,1.349729538540183,0.0368373394012451,-,15.0,0.3101499673983917,0.0096964836120605,608,0,124181,['three_order'],['intersecting']
figure_ascending_markersize10_spambase_tsne.png,spambase_tsne,4601,2,10,0.4199498335667188,0.8890278339385986,0.9999932218566392,1.0025255680084229,0.3655889593517626,0.8907034397125244,0.4281397381399718,0.8526005744934082,0.4147807416603316,0.9917583465576172,0.2230270302030157,0.9029197692871094,0.9999834828925398,0.7553906440734863,0.2006630042630098,1.075483798980713,0.2244743744607186,0.863943338394165,0.2201501699570262,1.015397548675537,0.1518306350573295,0.9039571285247804,0.9999737441181346,0.9073328971862792,0.1382810867556406,1.0476059913635254,0.1521139978515795,0.9187264442443848,0.1498397695760149,0.908921480178833,0.5770484677244078,0.7476387023925781,19137,0.4130899906158447,0.1245381438817648,0.3501904010772705,0.0303055847531311,0.4318764209747314,1.349729538540183,0.0372314453125,-,15.0,0.3101499673983917,0.009829044342041,6,0,0,['three_order'],['intersecting']
figure_ascending_markersize60_spambase_tsne.png,spambase_tsne,4601,2,60,0.2149524014878497,0.8248000144958496,0.9999925216932144,0.9973800182342528,0.1302958908575128,1.3930747509002686,0.2175186210162539,1.0307228565216064,0.1990016813988055,1.124187469482422,0.1235775783996192,1.2452070713043213,0.9999862403338864,1.1011147499084473,0.0853573194973776,1.2289514541625977,0.1236126702183083,1.0609073638916016,0.1168016630271443,1.3447041511535645,0.0867154308070748,1.2341020107269287,0.9999799590534696,1.0606050491333008,0.0634675841976015,1.2402892112731934,0.0863389083571224,1.0970544815063477,0.0826585591465201,1.4058940410614014,0.2403825255379265,0.5215370655059814,71689,0.7419867515563965,0.1245381438817648,0.4043760299682617,0.0303055847531311,0.4476573467254638,1.349729538540183,0.0361669063568115,-,15.0,0.3101499673983917,0.0095224380493164,147,0,0,['three_order'],['intersecting']
figure_ascending_markersize110_spambase_tsne.png,spambase_tsne,4601,2,110,0.1822951301836713,1.513787031173706,0.9999938692577552,1.359623670578003,0.0897397643905096,1.5351781845092771,0.182825462987579,1.5204055309295654,0.1638734398686089,1.4125747680664062,0.1083087334107895,1.577138900756836,0.999989460570756,1.1643061637878418,0.0638027095464769,1.720290184020996,0.1078355198080601,1.3870291709899902,0.1004909257589614,1.4819421768188477,0.0770408811419932,1.3818485736846924,0.99998505192263,1.4230892658233645,0.0494968668750115,1.788135051727295,0.0764697468181425,1.4282245635986328,0.0724636401881801,1.2600343227386477,0.1651814822864594,0.8667593002319336,93682,0.5747537612915039,0.1245381438817648,0.7026557922363281,0.0303055847531311,0.4326808452606201,1.349729538540183,0.036003828048706,-,15.0,0.3101499673983917,0.0098206996917724,307,0,0,['three_order'],['intersecting']
figure_ascending_markersize160_spambase_tsne.png,spambase_tsne,4601,2,160,0.1705591346332776,1.91009783744812,0.999994790478534,1.4946653842926023,0.0731688087362283,1.845325231552124,0.1698383802439128,1.9285545349121092,0.1506904340015129,1.775134563446045,0.102337752619902,1.688798189163208,0.9999912836059452,1.4874451160430908,0.0539522848763365,1.850727081298828,0.1015483791937387,2.011234998703003,0.0939283773956086,1.4857313632965088,0.0730990902117588,1.6902172565460205,0.9999877767579528,1.8124322891235352,0.0427299908120346,1.83419132232666,0.0724265295255138,2.0460376739501958,0.068228190046594,1.4987878799438477,0.1301890893284068,0.9904356002807616,106630,0.720454216003418,0.1245381438817648,0.4960408210754394,0.0303055847531311,0.4554424285888672,1.349729538540183,0.0373506546020507,-,15.0,0.3101499673983917,0.010014533996582,458,0,0,['three_order'],['intersecting']
figure_descending_markersize10_spambase_tsne.png,spambase_tsne,4601,2,10,0.3176092972132711,0.9451084136962892,0.9999925301101616,0.96514630317688,0.5782870141645731,1.1105797290802002,0.3231068975913735,1.2263422012329102,0.3530253242851682,0.7997479438781738,0.1857327711144911,0.99322247505188,0.999982346052814,0.9720754623413086,0.2535175637933495,1.164447546005249,0.1873338868774935,0.998171329498291,0.1973588480964692,0.8306436538696289,0.1312398563951888,0.9875729084014891,0.9999721622028958,1.29339599609375,0.1623441288133545,0.8861536979675293,0.1319056901538062,1.047457933425903,0.136964408085406,1.1547436714172363,0.5770484677244078,0.6353418827056885,19137,0.5067009925842285,0.1245381438817648,0.4758377075195312,0.0303055847531311,0.4400603771209717,1.349729538540183,0.0353829860687255,-,15.0,0.3101499673983917,0.0095031261444091,5,0,8207,['three_order'],['intersecting']
figure_descending_markersize60_spambase_tsne.png,spambase_tsne,4601,2,60,0.1296933831738576,0.9676754474639891,0.9999917604108172,1.270480394363403,0.3278263781288314,1.35441255569458,0.1341732956682237,1.3167235851287842,0.1524271638469453,1.0729084014892578,0.0858635440334437,1.2883715629577637,0.9999851304485388,0.959341526031494,0.1436077325282904,1.4898595809936523,0.0876035933487259,1.309351682662964,0.0953089344424057,1.0503394603729248,0.0641754652113705,1.302736759185791,0.9999785005741731,1.262589454650879,0.0919419204255862,1.4444634914398191,0.0650319125102496,0.9904463291168212,0.0693294676676348,1.4485950469970703,0.2403825255379265,0.6344256401062012,71689,0.615020751953125,0.1245381438817648,0.5147316455841064,0.0303055847531311,0.4610731601715088,1.349729538540183,0.0395700931549072,-,15.0,0.3101499673983917,0.0100517272949218,237,0,115424,['three_order'],['intersecting']
figure_descending_markersize110_spambase_tsne.png,spambase_tsne,4601,2,110,0.1010569287365658,1.587437391281128,0.9999932581839864,1.3079817295074463,0.2836321810943947,1.8013606071472168,0.1051444176223382,1.254832744598389,0.1208084392931562,1.6716554164886477,0.0702360961134798,1.2974276542663574,0.999988676487194,1.6100215911865234,0.1293912339400527,1.3886070251464844,0.0720499828653811,1.6233789920806885,0.0794282892082497,1.3682336807250977,0.0538213879769881,1.6260225772857666,0.9999840948323856,1.3095417022705078,0.0838131310859168,1.7647149562835691,0.0548011890846279,1.2471914291381836,0.0591632721621747,1.7447781562805176,0.1651814822864594,0.70599365234375,93682,0.7103698253631592,0.1245381438817648,0.5575425624847412,0.0303055847531311,0.430661678314209,1.349729538540183,0.0334503650665283,-,15.0,0.3101499673983917,0.0103156566619873,381,0,258388,['three_order'],['intersecting']
figure_descending_markersize160_spambase_tsne.png,spambase_tsne,4601,2,160,0.0901900190352057,1.854464292526245,0.999994286956524,1.580707311630249,0.2688179294995004,2.0696842670440674,0.0941413675291129,1.5390713214874268,0.1087640602230768,2.006042718887329,0.0639646612576392,1.5319101810455322,0.9999906858546078,1.8918139934539795,0.1246392965735997,1.7466545104980469,0.0658197493923963,1.8979823589324951,0.0730514915616373,1.6436703205108645,0.0495550860577893,1.9208731651306152,0.9999870847786276,1.5992515087127686,0.0811272554968138,2.153273105621338,0.0505978290871671,1.5112431049346924,0.0549942014078028,2.0645439624786377,0.1301890893284068,0.8299686908721924,106630,0.7986924648284912,0.1245381438817648,0.6023893356323242,0.0303055847531311,0.4140715599060058,1.349729538540183,0.0359840393066406,-,15.0,0.3101499673983917,0.0095102787017822,508,0,398834,['three_order'],['intersecting']
figure_category_based_markersize10_wine_pca.png,wine_pca,178,3,10,0.9679443425427364,1.076040267944336,0.9546935614978695,0.6511807441711426,0.9322055030404036,1.303041696548462,0.9722332073565312,0.6938025951385498,0.9616405575359545,0.7087192535400391,0.8971323854560448,1.0537631511688232,0.8872928270328457,0.6640377044677734,0.849477328060896,1.3352017402648926,0.90985349289446,0.6793053150177002,0.900789298515848,0.6835267543792725,0.8359749224373771,1.0775365829467771,0.8287814074272595,0.6973135471343994,0.780235651920982,1.3455531597137451,0.8549958742699889,0.7024805545806885,0.8471808861657598,1.1214227676391602,0.9887640449438202,0.5775630474090576,57,0.5526957511901855,0.0,0.1019966602325439,0.0305225057411126,0.0221838951110839,15.67753112079269,0.0021171569824218,0.013958805378688549,2.678391933441162,0.2752808988764045,0.0008051395416259,0,0,9,['cluster'],['intersecting']
figure_category_based_markersize60_wine_pca.png,wine_pca,178,3,60,0.8769156352563036,0.7260468006134033,0.8286999155096616,0.7248809337615967,0.7429282581166016,0.9165263175964355,0.8751625022151335,0.7280259132385254,0.8452648772333963,0.7144124507904053,0.6850902903946658,1.1385953426361084,0.6416322628229378,0.7208948135375977,0.5325969253293296,1.3989887237548828,0.6886967193402482,0.7429842948913574,0.6616809192004812,0.7199714183807373,0.5621253403636317,0.732464075088501,0.5234668034674248,0.7384865283966064,0.4150824285313479,1.3965368270874023,0.5677331252662117,0.7545783519744873,0.5436130379550903,0.7374756336212158,0.9887640449438202,0.5819544792175293,1502,0.5693542957305908,0.0,0.57124924659729,0.0305225057411126,0.0246565341949462,15.67753112079269,0.0022125244140625,0.029774409200965486,2.4649498462677,0.2752808988764045,0.0008411407470703,0,0,241,['cluster'],['intersecting']
figure_category_based_markersize110_wine_pca.png,wine_pca,178,3,110,0.7836242623353983,1.1971964836120603,0.7171173924956354,0.780529260635376,0.5984614791039959,0.9876000881195068,0.7794480592732753,0.7642061710357666,0.7387314581110298,0.7573184967041016,0.5582044863172273,1.2505569458007812,0.5049389101405073,0.7654919624328613,0.3848249945427856,0.9853780269622804,0.5598849462643749,0.7854926586151123,0.524734636601927,0.7571089267730713,0.4335019703762213,1.2187395095825195,0.3896503626121186,0.7702195644378662,0.2835900910166642,0.9891328811645508,0.4368331875460016,0.7669379711151123,0.4068714989470682,0.7847614288330078,0.9775280898876404,0.6152868270874023,4755,0.5945389270782471,0.0,1.1495740413665771,0.0305225057411126,0.0235645771026611,15.67753112079269,0.0022661685943603,0.03949803418125173,2.6816930770874023,0.2752808988764045,0.0007364749908447,0,0,918,['cluster'],['intersecting']
figure_category_based_markersize160_wine_pca.png,wine_pca,178,3,160,0.6897726815662388,0.3062748908996582,0.6207256237708185,1.3380076885223389,0.4987958553627536,1.0349738597869873,0.6872635428849523,0.836799144744873,0.6421753787792237,0.801175594329834,0.469614320609182,0.8208136558532715,0.418816426349633,0.7975292205810547,0.3076033655176868,1.0431044101715088,0.4739810279718851,0.8047609329223633,0.4375200637522065,0.8155436515808105,0.3559908543511312,0.8418397903442383,0.3160212536525574,1.2907109260559082,0.2223679354607746,1.0446913242340088,0.3617248420816168,0.833111047744751,0.3317836903156312,0.8229308128356934,0.9606741573033708,0.6537177562713623,8990,0.66933274269104,0.0,0.1053829193115234,0.0305225057411126,0.0256187915802001,15.67753112079269,0.0024430751800537,0.04694999962736915,3.517843246459961,0.2752808988764045,0.000746726989746,0,0,2076,['cluster'],['intersecting']
figure_ascending_markersize10_wine_pca.png,wine_pca,178,3,10,0.983426064111608,0.2893636226654053,0.9631653268938936,0.8142073154449463,0.9321925292880036,1.5319547653198242,0.9852518449059912,0.2708251476287842,0.9713244592816,0.7953324317932129,0.9111484803356952,0.8227946758270264,0.8947488169851097,0.824899435043335,0.8487110759495777,1.040919542312622,0.921825509399455,0.8073019981384277,0.9094820785691944,0.7851722240447998,0.8487677063831407,0.8290472030639648,0.835407338568944,0.8046064376831055,0.7789528313783473,1.0279688835144043,0.8660714991323076,1.308546543121338,0.8550431101695579,0.2820250988006592,0.9887640449438202,0.6647872924804688,57,0.6597659587860107,0.0,0.6504795551300049,0.0305225057411126,0.022327184677124,15.67753112079269,0.0025930404663085,0.013958805378688549,1.9324119091033936,0.2752808988764045,0.000732421875,0,0,0,['cluster'],['intersecting']
figure_ascending_markersize60_wine_pca.png,wine_pca,178,3,60,0.9061489740866306,0.8476533889770508,0.8461985923217197,0.8290266990661621,0.7410726860492911,1.636768817901611,0.903381455246228,0.8223304748535156,0.8703366213973857,0.8493340015411377,0.7092856753258834,0.8528413772583008,0.6520855532201415,0.2966434955596924,0.5278028996154773,1.6301026344299316,0.7115540402476555,0.8623549938201904,0.6776569650743134,0.8675010204315186,0.5826938673780485,0.2765052318572998,0.5304121001254967,1.4311013221740725,0.4098531961015424,1.0930671691894531,0.5869243226833782,0.2903375625610351,0.5548265683324571,1.4213669300079346,0.9887640449438202,0.7430245876312256,1502,0.1073641777038574,0.0,0.6875395774841309,0.0305225057411126,0.0234601497650146,15.67753112079269,0.0023529529571533,0.02977440920096549,2.231139898300171,0.2752808988764045,0.0007262229919433,0,0,0,['cluster'],['intersecting']
figure_ascending_markersize110_wine_pca.png,wine_pca,178,3,110,0.8241611345831975,0.8827862739562988,0.742164974781776,0.90716552734375,0.5944725339395158,1.08709454536438,0.8213136760079549,0.8477926254272461,0.7777061657087192,0.8772423267364502,0.5874953875804747,0.8794348239898682,0.5174916674497632,0.8803787231445312,0.3787401857919831,1.6555943489074707,0.5889936040480627,0.8927221298217773,0.5456273717052715,0.3090732097625732,0.4564277862820282,1.518970966339111,0.3972372602819942,0.2938363552093506,0.2778934599511515,1.6917665004730225,0.4591239631597695,0.3093540668487549,0.4202258778696707,1.5040690898895264,0.9775280898876404,0.122072696685791,4755,0.7288205623626709,0.0,0.7125706672668457,0.0305225057411126,0.0230166912078857,15.67753112079269,0.002164602279663,0.03949803418125173,2.4197163581848145,0.2752808988764045,0.0006716251373291,0,0,0,['cluster'],['intersecting']
figure_ascending_markersize160_wine_pca.png,wine_pca,178,3,160,0.747902457388409,0.9337739944458008,0.6522318556199134,0.9106173515319824,0.4874229104029544,1.1240885257720947,0.7510306633636933,0.9107158184051514,0.6955224048095967,0.9541635513305664,0.5047560239841236,0.929029941558838,0.4335117735377437,0.9347176551818848,0.2987907024772812,0.5340797901153564,0.5116898109783843,1.5712902545928955,0.4637644136800285,0.3158273696899414,0.380917908517473,0.9077856540679932,0.3246449961792407,1.5431406497955322,0.2154224261519878,0.5338008403778076,0.3880308874643982,0.9504852294921876,0.347854372507409,1.5358309745788574,0.9606741573033708,0.1255495548248291,8990,0.7571265697479248,0.0,0.7378363609313965,0.0305225057411126,0.0243804454803466,15.67753112079269,0.0021402835845947,0.04694999962736915,2.862766742706299,0.2752808988764045,0.0007500648498535,0,0,0,['cluster'],['intersecting']
figure_descending_markersize10_wine_pca.png,wine_pca,178,3,10,0.9591172677140456,0.8699238300323486,0.9541911833010116,0.9217777252197266,0.9496756852637436,1.1276392936706543,0.9678483930639422,0.2772409915924072,0.9613543038107114,0.9032442569732666,0.8951433400603039,0.9118919372558594,0.8916819337157728,0.9136018753051758,0.8702589014219256,1.138984203338623,0.9107847112184392,0.9185991287231444,0.9048689756617532,0.8951296806335449,0.8391699962019783,0.9262537956237792,0.8368591297291007,0.9343554973602296,0.8030995691602555,1.158130168914795,0.8600752598781285,1.5880193710327148,0.8546529893539109,0.2768359184265136,0.9887640449438202,0.7490108013153076,57,0.758047342300415,0.0,0.8080902099609375,0.0305225057411126,0.0234224796295166,15.67753112079269,0.0021800994873046,0.013958805378688549,1.4402549266815186,0.2752808988764045,0.0006866455078125,0,0,17,['cluster'],['intersecting']
figure_descending_markersize60_wine_pca.png,wine_pca,178,3,60,0.8177954864783632,0.9249839782714844,0.8256958358140316,0.9422457218170166,0.8349711239046568,1.163243055343628,0.8470266486103529,0.9698615074157716,0.8411090964262998,0.9437534809112548,0.6517185493354835,0.9636380672454834,0.6462141337496505,0.951270580291748,0.5884202966120976,1.209402084350586,0.6734527635213348,0.2827134132385254,0.664582639350914,0.9484107494354248,0.5417089404123385,0.917250633239746,0.5308279375277887,0.9191727638244628,0.4542801520086045,1.154498815536499,0.558918419545804,0.9227347373962402,0.5492993059859004,0.9826359748840332,0.9887640449438202,0.8210663795471191,1502,0.8070077896118164,0.0,0.8573594093322754,0.0305225057411126,0.0237348079681396,15.67753112079269,0.0022783279418945,0.029774409200965482,1.6165730953216553,0.2752808988764045,0.0006303787231445,0,0,446,['cluster'],['intersecting']
figure_descending_markersize110_wine_pca.png,wine_pca,178,3,110,0.7024569162684531,0.9410851001739502,0.7130623934652112,1.0113112926483154,0.7331401761269045,1.2472589015960691,0.7410690705918762,0.9921090602874756,0.7325180686664784,1.0215058326721191,0.5131450839557274,0.9972057342529296,0.5054077910959793,0.2984404563903808,0.4451152563921083,1.24573016166687,0.5362443956801588,0.97868013381958,0.5231372252732215,0.9787318706512452,0.4042105241379641,1.0054175853729248,0.3914202635830038,1.0081145763397217,0.3195681861733858,1.1937334537506104,0.4201255561799114,1.0255999565124512,0.4068456444722841,0.3076925277709961,0.9775280898876404,0.8352508544921875,4755,0.8597862720489502,0.0,0.8170108795166016,0.0305225057411126,0.022223949432373,15.67753112079269,0.0021078586578369,0.03949803418125173,2.6076271533966064,0.2752808988764045,0.0006804466247558,0,0,1481,['cluster'],['intersecting']
figure_descending_markersize160_wine_pca.png,wine_pca,178,3,160,0.601935771146363,0.3281738758087158,0.6149224608728577,1.069971799850464,0.6502757252101865,1.2531476020812988,0.6451929031259598,0.3061244487762451,0.6351061769590625,1.0101006031036377,0.4212576124949792,1.047740459442139,0.4157533095368599,1.0170783996582031,0.3677667397298131,1.2816407680511477,0.4467723443469539,1.0491018295288086,0.4329424339585063,1.0808994770050049,0.3240039771512446,1.0491905212402344,0.3140384256297328,0.3029890060424804,0.2563826150290669,1.2744486331939695,0.3416900735968601,1.075329303741455,0.3284059387777819,1.0342693328857422,0.9606741573033708,0.9027652740478516,8990,0.1186318397521972,0.0,0.8803472518920898,0.0305225057411126,0.0255491733551025,15.67753112079269,0.0022163391113281,0.046949999627369156,2.9742138385772705,0.2752808988764045,0.0006999969482421,0,0,3043,['cluster'],['intersecting']
figure_category_based_markersize10_grid10_3d_pca.png,grid10_3d_pca,1000,8,10,0.0909090909090926,0.3067131042480469,0.0906635022512994,1.06311297416687,0.0923671466854725,1.716159105300903,0.0909090909090893,1.0770328044891355,0.0909090909090907,0.2953054904937744,0.0625000000000004,1.029923677444458,0.0623770532854426,1.089974880218506,0.0635023355599098,1.6984939575195312,0.0625000000000006,1.0569043159484863,0.0625000000000007,0.286597728729248,0.0476190476190485,1.0993177890777588,0.0475437110575167,1.0619959831237793,0.0483827008112411,1.645299196243286,0.0476190476190467,1.10990571975708,0.0476190476190475,1.1105401515960691,0.0,0.1137616634368896,1600,0.9237504005432128,1.0,0.9024920463562012,0.0257205483284057,0.081888198852539,1.1747524546989953e-14,0.0084717273712158,-,15.0,0.58,0.0057291984558105,0,0,3392,['cluster'],['intersecting']
figure_category_based_markersize60_grid10_3d_pca.png,grid10_3d_pca,1000,8,60,0.0909090909090781,1.1361639499664309,0.0906635022512951,1.158611536026001,0.0923671466854703,1.7589328289031982,0.0909090909090919,0.375849962234497,0.0909090909090899,1.1107096672058103,0.062499999999997,1.155186653137207,0.062377053285439,1.1896917819976809,0.0635023355599098,0.9584171772003174,0.0624999999999991,1.178938627243042,0.0625000000000025,1.178025722503662,0.0476190476190404,1.1740071773529053,0.0475437110575164,0.3675620555877685,0.0483827008112395,1.759080171585083,0.0476190476190481,1.1398043632507324,0.0476190476190471,1.1737289428710938,0.0,0.9962387084960938,10000,0.1334824562072754,1.0,0.9588229656219482,0.0257205483284057,0.0899097919464111,1.1747524546989953e-14,0.0083141326904296,-,15.0,0.58,0.0058553218841552,0,0,21200,['cluster'],['intersecting']
figure_category_based_markersize110_grid10_3d_pca.png,grid10_3d_pca,1000,8,110,0.0909090909090974,1.261013746261597,0.0906635022513011,0.429931640625,0.0923671466854699,1.809698820114136,0.0909090909091019,1.2439866065979004,0.0909090909090852,1.2233669757843018,0.0625000000000068,1.2591493129730225,0.0623770532854495,0.4194185733795166,0.0635023355599005,1.832979917526245,0.0624999999999922,1.2860419750213623,0.0625000000000033,1.2577970027923584,0.0476190476190512,0.4107007980346679,0.047543711057515,1.2656269073486328,0.0483827008112361,1.9088828563690183,0.0476190476190536,1.2860734462738037,0.0476190476190445,0.4107353687286377,0.0,1.0486586093902588,19600,0.1470084190368652,1.0,1.007526397705078,0.0257205483284057,0.0864970684051513,1.1747524546989953e-14,0.0088217258453369,-,15.0,0.58,0.0063819885253906,0,0,41552,['cluster'],['intersecting']
figure_category_based_markersize160_grid10_3d_pca.png,grid10_3d_pca,1000,8,160,0.0909090909091147,0.4518952369689941,0.0906635022513056,1.2978219985961914,0.0923671466854813,1.9055964946746824,0.0909090909091138,1.314262628555298,0.0909090909091023,0.4617416858673095,0.0625000000000047,1.3025362491607666,0.0623770532854568,1.3581175804138184,0.0635023355599011,1.9164385795593264,0.0624999999999884,0.4816696643829345,0.0624999999999975,1.2714390754699707,0.0476190476190606,1.3034861087799072,0.0475437110575217,1.300912380218506,0.048382700811242,1.0751020908355713,0.0476190476190602,1.3480756282806396,0.047619047619054,1.3064701557159424,0.0,1.0426480770111084,28900,0.1598436832427978,1.0,1.0411922931671145,0.0257205483284057,0.089395523071289,1.1747524546989953e-14,0.0090367794036865,-,15.0,0.58,0.0060527324676513,0,0,61268,['cluster'],['intersecting']
figure_ascending_markersize10_grid10_3d_pca.png,grid10_3d_pca,1000,8,10,0.0909090909090926,0.3200981616973877,0.0918765297447629,0.3315927982330322,0.1049170679285036,1.778853178024292,0.0909090909090893,1.1741509437561035,0.0909090909090909,1.221287727355957,0.0625000000000006,0.314997911453247,0.0630485273059124,1.1300311088562012,0.0721848698241564,1.7754056453704834,0.0625000000000006,0.3027429580688476,0.0625000000000007,1.2345304489135742,0.0476190476190485,1.216411590576172,0.0480003068131208,0.3133828639984131,0.0550197259238839,1.8110148906707764,0.0476190476190467,1.2725303173065186,0.0476190476190475,0.2992370128631592,0.0,1.0813956260681152,1600,0.1108295917510986,1.0,1.0467021465301514,0.0257205483284057,0.0873048305511474,1.1747524546989954e-14,0.008955955505371,-,15.0,0.588,0.0064821243286132,0,0,0,['cluster'],['intersecting']
figure_ascending_markersize60_grid10_3d_pca.png,grid10_3d_pca,1000,8,60,0.0909090909090781,0.3504588603973388,0.0918765297447667,1.2735602855682373,0.1049170679284998,1.8761346340179443,0.0909090909090919,0.3675782680511474,0.0909090909090899,1.266326904296875,0.062499999999997,1.3058946132659912,0.0630485273059144,0.3682355880737304,0.0721848698241576,1.8949620723724363,0.0624999999999991,1.3055334091186523,0.0625000000000025,0.3467741012573242,0.0476190476190404,1.2745940685272217,0.0480003068131195,1.295130729675293,0.0550197259238828,0.9200985431671144,0.0476190476190481,1.2825648784637451,0.0476190476190471,0.3602437973022461,0.0,1.0798816680908203,10000,1.0844292640686035,1.0,0.1095795631408691,0.0257205483284057,0.0841462612152099,1.1747524546989954e-14,0.0080153942108154,-,15.0,0.588,0.0059058666229248,0,0,0,['cluster'],['intersecting']
figure_ascending_markersize110_grid10_3d_pca.png,grid10_3d_pca,1000,8,110,0.0909090909090974,1.3877265453338623,0.0918765297447643,0.405780553817749,0.1049170679285018,1.8814563751220703,0.0909090909091019,1.3731017112731934,0.0909090909090852,0.4137895107269287,0.0625000000000068,1.3196237087249756,0.0630485273059169,1.3326349258422852,0.0721848698241484,1.0136239528656006,0.0624999999999923,1.3553764820098877,0.0625000000000033,1.3073294162750244,0.0476190476190512,0.4032866954803467,0.0480003068131215,1.3352630138397217,0.0550197259238812,1.965430736541748,0.0476190476190536,0.4034678936004638,0.0476190476190445,1.3566672801971436,0.0,1.125859260559082,19600,0.1400685310363769,1.0,1.0761089324951172,0.0257205483284057,0.0812923908233642,1.1747524546989954e-14,0.0086514949798583,-,15.0,0.588,0.0064313411712646,0,0,0,['cluster'],['intersecting']
figure_ascending_markersize160_grid10_3d_pca.png,grid10_3d_pca,1000,8,160,0.0909090909091145,0.7849385738372803,0.0918765297447695,0.6291787624359131,0.1049170679285184,1.294813632965088,0.0909090909091139,0.7358853816986084,0.0909090909091023,0.6989104747772217,0.0625000000000047,0.6666173934936523,0.0630485273059208,0.7988519668579102,0.072184869824153,1.3796448707580566,0.0624999999999884,0.7234725952148438,0.0624999999999975,0.7426910400390625,0.0476190476190606,0.786001443862915,0.0480003068131186,0.7939894199371338,0.0550197259238856,1.3702278137207031,0.0476190476190602,0.7949116230010986,0.047619047619054,0.8420078754425049,0.0,0.3881518840789795,28900,0.2796685695648193,1.0,0.3727593421936035,0.0257205483284057,0.08734130859375,1.1747524546989954e-14,0.0081291198730468,-,15.0,0.588,0.0068609714508056,0,0,0,['cluster'],['intersecting']
figure_descending_markersize10_grid10_3d_pca.png,grid10_3d_pca,1000,8,10,0.0909090909090923,0.4146661758422851,0.0901273970168821,0.7619471549987793,0.0821817353354475,1.2379953861236572,0.0909090909090895,0.766394853591919,0.0909090909090907,0.6436014175415039,0.0625000000000004,0.6827394962310791,0.0620697581896738,0.6726460456848145,0.0569854276959507,1.269383192062378,0.0625000000000006,0.5728433132171631,0.0625000000000007,0.8451306819915771,0.0476190476190483,0.5912108421325684,0.0473223110668304,0.8292853832244873,0.0436137706288679,1.1523656845092771,0.047619047619047,0.857290506362915,0.0476190476190475,0.5835919380187988,0.0,0.4450497627258301,1600,0.4437596797943115,1.0,0.4407970905303955,0.0257205483284057,0.0860021114349365,1.1747524546989954e-14,0.008538007736206,-,15.0,0.588,0.0065672397613525,0,0,6320,['cluster'],['intersecting']
figure_descending_markersize60_grid10_3d_pca.png,grid10_3d_pca,1000,8,60,0.0909090909090781,0.8254063129425049,0.0901273970168842,0.6642196178436279,0.0821817353354491,1.358181715011597,0.0909090909090919,0.9825801849365234,0.0909090909090899,0.6742901802062988,0.062499999999997,0.8595724105834961,0.0620697581896715,0.6639969348907471,0.0569854276959498,1.449033498764038,0.0624999999999991,0.8709471225738525,0.0625000000000025,0.6952438354492188,0.0476190476190404,0.8489758968353271,0.0473223110668301,0.6820509433746338,0.0436137706288669,1.4400403499603271,0.0476190476190481,0.884718656539917,0.0476190476190471,0.8757185935974121,0.0,0.5120179653167725,10000,0.3462574481964111,1.0,0.5244803428649902,0.0257205483284057,0.0841510295867919,1.1747524546989954e-14,0.0086841583251953,-,15.0,0.588,0.0069203376770019,0,0,39500,['cluster'],['intersecting']
figure_descending_markersize110_grid10_3d_pca.png,grid10_3d_pca,1000,8,110,0.0909090909090974,0.9549648761749268,0.0901273970168766,0.951862335205078,0.0821817353354495,1.3817651271820068,0.0909090909091019,0.9577372074127196,0.0909090909090852,0.9402194023132324,0.0625000000000068,0.7933824062347412,0.0620697581896663,0.942352056503296,0.0569854276959485,1.3931584358215332,0.0624999999999922,0.98172926902771,0.0625000000000033,1.0039665699005127,0.0476190476190512,0.7912654876708984,0.0473223110668287,0.78780198097229,0.0436137706288676,1.46287202835083,0.0476190476190536,0.8352541923522949,0.0476190476190445,0.8018648624420166,0.0,0.6045050621032715,19600,0.6190669536590576,1.0,0.362185001373291,0.0257205483284057,0.0815005302429199,1.1747524546989954e-14,0.0093309879302978,-,15.0,0.588,0.0065405368804931,0,0,77420,['cluster'],['intersecting']
figure_descending_markersize160_grid10_3d_pca.png,grid10_3d_pca,1000,8,160,0.0909090909091145,0.8765392303466797,0.0901273970168768,0.8740639686584473,0.082181735335453,1.5184588432312012,0.0909090909091138,1.1080174446105957,0.0909090909091023,0.8973326683044434,0.0625000000000047,1.1192009449005127,0.0620697581896729,0.7026655673980713,0.0569854276959461,1.7504651546478271,0.0624999999999884,0.9287471771240234,0.0624999999999975,0.9019830226898192,0.0476190476190606,0.9133174419403076,0.0473223110668334,0.91556715965271,0.04361377062887,1.7319509983062744,0.0476190476190602,0.908801794052124,0.047619047619054,0.9400923252105712,0.0,0.4444673061370849,28900,0.7004265785217285,1.0,0.3791639804840088,0.0257205483284057,0.0806879997253418,1.1747524546989954e-14,0.0077664852142333,-,15.0,0.588,0.0060961246490478,0,0,114155,['cluster'],['intersecting']
figure_category_based_markersize10_interleaved_250_500_3_0_notCramped_rotated_umap.png,interleaved_250_500_3_0_notCramped_rotated_umap,1098,3,10,0.8974900497685736,1.0344150066375732,0.9317623471113132,0.5619218349456787,0.9735958669590188,1.2640435695648191,0.9073645934899788,0.5503361225128174,0.9184206765825522,0.8319418430328369,0.5123080574860809,1.0766241550445557,0.5378647582743992,0.5660970211029053,0.5355477121365056,1.2969574928283691,0.5172464991227341,0.5628514289855957,0.5271106404071596,1.105177879333496,0.3584637139785097,0.6003353595733643,0.3780472774412828,1.0785391330718994,0.3693615607406684,0.8064601421356201,0.3617244097381435,0.8363704681396484,0.3696250735215642,1.1172494888305664,0.9517304189435336,0.465724229812622,2433,0.4010446071624756,0.0,0.705547571182251,0.0300526318825756,0.0966303348541259,3.8746596958466006,0.0092341899871826,-,15.0,0.0856102003642987,0.004065990447998,0,0,50,['cluster'],['touching']
figure_category_based_markersize60_interleaved_250_500_3_0_notCramped_rotated_umap.png,interleaved_250_500_3_0_notCramped_rotated_umap,1098,3,60,0.6556852031980234,1.235822677612305,0.7686007156518986,0.6544249057769775,0.9573560978641462,1.1702616214752195,0.679197291259656,0.9747192859649658,0.7176660719669414,0.9450197219848632,0.2529365816229069,0.956684112548828,0.2734963769794112,0.6682589054107666,0.2762167528715754,1.2038886547088623,0.2544859619241622,0.9666364192962646,0.2626042427754249,0.9618279933929444,0.1566907349669954,0.6720120906829834,0.1663438081182371,0.9475553035736084,0.1613906183545993,1.2420694828033447,0.1565765252465508,0.671400785446167,0.1607040773979391,0.9670257568359376,0.836976320582878,0.8944833278656006,27981,0.4753110408782959,0.0,0.4813728332519531,0.0300526318825756,0.0926127433776855,3.8746596958466006,0.0088419914245605,-,15.0,0.0856102003642987,0.0038630962371826,0,0,1526,['cluster'],['touching']
figure_category_based_markersize110_interleaved_250_500_3_0_notCramped_rotated_umap.png,interleaved_250_500_3_0_notCramped_rotated_umap,1098,3,110,0.5419817955369892,0.7484042644500732,0.6754086201716821,0.7387204170227051,0.9436899856612684,1.337977409362793,0.5680156046756395,0.7900731563568115,0.6129605071865997,1.0530173778533936,0.2027899980403481,1.05977463722229,0.2210615624245961,1.095149278640747,0.2246082410908836,1.0261523723602295,0.2042028820094892,1.130023956298828,0.2107974431231059,0.7439303398132324,0.1247296652143961,1.096776008605957,0.1321585611547816,1.143115520477295,0.1274742311050298,1.0437445640563965,0.124476172378242,1.122473955154419,0.127285496376816,0.8153703212738037,0.7249544626593807,0.5833146572113037,52711,0.9044864177703856,0.0,0.4907846450805664,0.0300526318825756,0.0979800224304199,3.8746596958466006,0.0094785690307617,-,15.0,0.0856102003642987,0.0034770965576171,1,0,4425,['cluster'],['touching']
figure_category_based_markersize160_interleaved_250_500_3_0_notCramped_rotated_umap.png,interleaved_250_500_3_0_notCramped_rotated_umap,1098,3,160,0.4783364853428223,0.8461341857910156,0.6150108915595471,1.1393134593963623,0.936562229893928,1.43945574760437,0.5058733640917737,0.8866233825683594,0.5509479593379742,1.2054460048675537,0.1817737987409128,0.8544344902038574,0.1992823898663108,1.174854755401611,0.2039134359808816,1.4789514541625977,0.1835774448658236,0.8579070568084717,0.1894741391506874,1.2164700031280518,0.1122069078986506,1.2168359756469729,0.1189057496648278,0.8716940879821777,0.1144119105276544,1.4740712642669678,0.1121352137495519,0.8651931285858154,0.1144102351071744,0.8613705635070801,0.6411657559198543,1.0355987548828125,70709,0.5821609497070312,0.0,0.1183407306671142,0.0300526318825756,0.0991656780242919,3.8746596958466006,0.0083951950073242,-,15.0,0.0856102003642987,0.0034101009368896,1,0,7631,['cluster'],['touching']
figure_ascending_markersize10_interleaved_250_500_3_0_notCramped_rotated_umap.png,interleaved_250_500_3_0_notCramped_rotated_umap,1098,3,10,0.9190973312860606,0.312002420425415,0.9320141234095763,1.048499584197998,0.9566055837395748,1.2804958820343018,0.929152424193862,0.6705074310302734,0.9317798866962456,0.6854524612426758,0.5205648414125805,1.0481436252593994,0.5388903747044753,1.0715982913970947,0.5208415167209796,0.8848583698272705,0.5252120407965486,0.709467887878418,0.5316119367243514,1.0692574977874756,0.3631139405167758,0.717155933380127,0.3790197614626659,1.0665981769561768,0.3578359402385549,0.9470949172973632,0.3660675671963986,1.113811731338501,0.3718954275315249,0.7165431976318359,0.9517304189435336,0.5664896965026855,2433,0.9612102508544922,0.0,0.5218503475189209,0.0300526318825756,0.0919027328491211,3.8746596958466006,0.0092098712921142,-,15.0,0.0856102003642987,0.0034313201904296,0,0,0,['cluster'],['touching']
figure_ascending_markersize60_interleaved_250_500_3_0_notCramped_rotated_umap.png,interleaved_250_500_3_0_notCramped_rotated_umap,1098,3,60,0.7404804171327777,0.7811591625213623,0.7751424841922737,0.771620512008667,0.8365790604123142,1.0591652393341064,0.7661214391608617,1.2043888568878174,0.7734125325739907,0.7629210948944092,0.2688927043752902,1.1472270488739014,0.2769170425772816,0.7962110042572021,0.2501885212889543,1.0336687564849854,0.2695418865480834,1.1988482475280762,0.2711132581237745,0.7641894817352295,0.1642727640382744,0.8093547821044922,0.1685688479725593,1.2261364459991455,0.1470885099261123,1.0243918895721436,0.1635397607047827,0.7907450199127197,0.1643650160054649,1.2534501552581787,0.836976320582878,0.6794178485870361,27981,0.5836238861083984,0.0,0.598264217376709,0.0300526318825756,0.093996524810791,3.8746596958466006,0.0087442398071289,-,15.0,0.0856102003642987,0.0036547183990478,0,0,0,['cluster'],['touching']
figure_ascending_markersize110_interleaved_250_500_3_0_notCramped_rotated_umap.png,interleaved_250_500_3_0_notCramped_rotated_umap,1098,3,110,0.6485013523387372,0.8702096939086914,0.6863147710587143,1.2832889556884766,0.7482065730137298,1.0950748920440674,0.6788855616772881,0.8702428340911865,0.6847454303546827,1.27862811088562,0.2213225514798054,0.8597688674926758,0.2254799599300652,0.8582680225372314,0.1936598606216421,1.5707275867462158,0.2214609196556647,0.8707156181335449,0.2204067757956628,0.8695106506347656,0.1334299731300702,1.3606572151184082,0.1348997807091954,0.895031213760376,0.1112241145497452,1.1414577960968018,0.1323112477038375,0.8720071315765381,0.1313415915569153,0.8588278293609619,0.7249544626593807,1.1832401752471924,52711,0.1586637496948242,0.0,0.6030752658843994,0.0300526318825756,0.0993270874023437,3.8746596958466006,0.0098254680633544,-,15.0,0.0856102003642987,0.0036451816558837,0,0,0,['cluster'],['touching']
figure_ascending_markersize160_interleaved_250_500_3_0_notCramped_rotated_umap.png,interleaved_250_500_3_0_notCramped_rotated_umap,1098,3,160,0.5937628701548527,0.963597297668457,0.629242493537984,0.958155393600464,0.6826117377635208,1.700657606124878,0.6251378872773412,0.955066442489624,0.6281502292434855,0.969289779663086,0.2029688983559854,0.9700725078582764,0.2045342399502411,0.970142126083374,0.1687957861315049,1.6292355060577393,0.2030735164036989,1.0057649612426758,0.2004609431384773,0.98757004737854,0.1224057266220165,1.0146162509918213,0.1221135195464994,1.4103624820709229,0.096305013599774,1.2659718990325928,0.1212267716369732,0.9913318157196044,0.1192601579656205,0.9374282360076904,0.6411657559198543,0.7511467933654785,70709,0.6948587894439697,0.0,1.1741650104522705,0.0300526318825756,0.0965731143951416,3.8746596958466006,0.0093541145324707,-,15.0,0.0856102003642987,0.0033483505249023,0,0,0,['cluster'],['touching']
figure_descending_markersize10_interleaved_250_500_3_0_notCramped_rotated_umap.png,interleaved_250_500_3_0_notCramped_rotated_umap,1098,3,10,0.8716563624888523,0.3149876594543457,0.8860472055716274,0.8441121578216553,1.06399217020312,1.0201635360717771,0.8792485468325361,0.8011243343353271,0.9023911888342168,1.327587366104126,0.5012673500875227,0.8474338054656982,0.5197713722051971,0.830852746963501,0.5712509312536671,1.0565617084503174,0.5059948278279115,0.8375422954559326,0.5206124207986309,0.8204545974731445,0.3517849539517416,0.8329508304595947,0.3677501391885871,0.8245370388031006,0.390437125908417,1.0590367317199707,0.3552051195493101,0.8344676494598389,0.3658363589750035,0.7956454753875732,0.9517304189435336,0.681840181350708,2433,0.6541345119476318,0.0,0.651409387588501,0.0300526318825756,0.0911684036254882,3.8746596958466006,0.0099437236785888,-,15.0,0.0856102003642987,0.0035624504089355,0,0,114,['cluster'],['touching']
figure_descending_markersize60_interleaved_250_500_3_0_notCramped_rotated_umap.png,interleaved_250_500_3_0_notCramped_rotated_umap,1098,3,60,0.6095712998520987,0.8900661468505859,0.6819928787496742,0.88832688331604,1.260581646931829,1.1475982666015625,0.6284169395638518,0.8945267200469971,0.6869374310767637,1.4406852722167969,0.2397349805470169,0.9088046550750732,0.2567749793011008,0.9022107124328612,0.3137384015587087,1.1575162410736084,0.2420619649737653,0.9117374420166016,0.2554347188258521,0.9213821887969972,0.1492081140208178,0.8952298164367676,0.1581620327155923,0.934866189956665,0.1791648143143258,1.1583309173583984,0.1499015070203767,0.9177470207214355,0.1568860619004445,0.9118661880493164,0.836976320582878,0.7942957878112793,27981,0.7079827785491943,0.0,0.7052478790283203,0.0300526318825756,0.0933356285095214,3.8746596958466006,0.0095829963684082,-,15.0,0.0856102003642987,0.0037198066711425,0,0,2399,['cluster'],['touching']
figure_descending_markersize110_interleaved_250_500_3_0_notCramped_rotated_umap.png,interleaved_250_500_3_0_notCramped_rotated_umap,1098,3,110,0.4886113870077888,1.0005342960357666,0.581547082240591,0.426659345626831,1.4631919924454262,1.784714937210083,0.510460356519523,1.0235049724578855,0.5776433224367292,0.99261212348938,0.1879813834588781,0.9973423480987548,0.2044200783191375,0.9726190567016602,0.2658837827185626,0.6908266544342041,0.1905288881861301,1.552588701248169,0.2031707140990183,0.9884178638458252,0.1163773790914557,0.4326002597808838,0.1240044993537003,1.0242104530334473,0.1462277738138332,1.2746517658233645,0.11712235270137,1.0249783992767334,0.123262517221554,1.0255424976348877,0.7249544626593807,0.2119145393371582,52711,0.748748779296875,0.0,0.7427768707275391,0.0300526318825756,0.0997259616851806,3.8746596958466006,0.0095181465148925,-,15.0,0.0856102003642987,0.0035948753356933,1,0,6516,['cluster'],['touching']
figure_descending_markersize160_interleaved_250_500_3_0_notCramped_rotated_umap.png,interleaved_250_500_3_0_notCramped_rotated_umap,1098,3,160,0.4197253772206921,0.4871554374694824,0.5184977861956723,1.0912456512451172,1.7186619172890447,1.2906107902526855,0.4429139255990332,1.0736279487609863,0.5121623722396499,1.1091690063476562,0.1650735624144528,1.0845317840576172,0.1821991309646399,1.1002800464630127,0.2505474510624765,1.3671629428863523,0.1680531017444663,1.141134262084961,0.1808505458555691,0.4857630729675293,0.1027400749502274,1.6653709411621094,0.1105173600094348,0.5091152191162109,0.1351228673722826,1.9459686279296875,0.1036997457202254,0.462954044342041,0.1098134889453161,1.6712048053741455,0.6411657559198543,0.2072408199310302,70709,0.8101763725280762,0.0,0.7650971412658691,0.0300526318825756,0.0948643684387207,3.8746596958466006,0.0096645355224609,-,15.0,0.0856102003642987,0.0039057731628417,1,0,11174,['cluster'],['touching']
figure_category_based_markersize10_interleaved_100_200_15d_0_notcramped_notrotated_umap.png,interleaved_100_200_15d_0_notcramped_notrotated_umap,2049,15,10,1.0,0.3676929473876953,1.0,0.9700956344604492,1.0,2.0995588302612305,1.0,0.992905855178833,1.0,1.0060007572174072,0.1893332337688096,0.9714279174804688,0.1869403465308562,0.9861528873443604,0.1691047419218063,2.259125232696533,0.1883684682027855,1.0036399364471436,0.1868631193715275,0.9767091274261476,0.1045654768176348,1.0100719928741455,0.1031076645344575,1.015753984451294,0.0923617783025491,1.456221103668213,0.1039772519392595,1.675394058227539,0.1030606797357499,0.3540787696838379,0.1117618350414836,0.8073041439056396,3919,0.8355233669281006,0.2284040995607613,0.8323783874511719,0.0291578363443194,0.1828386783599853,0.5911370541477783,0.0168075561523437,-,15.0,0.0,0.029003620147705,0,0,0,['cluster'],['separated']
figure_category_based_markersize60_interleaved_100_200_15d_0_notcramped_notrotated_umap.png,interleaved_100_200_15d_0_notcramped_notrotated_umap,2049,15,60,1.0,0.4140892028808594,1.0,1.7696218490600586,1.0,1.6240959167480469,1.0,1.0817155838012695,1.0,1.0995681285858154,0.1747477976107581,1.0992639064788818,0.1769283909886365,1.1197693347930908,0.1755523733583998,2.254903078079224,0.1751089494884774,1.1330180168151855,0.1761726370964296,1.1463704109191897,0.0957389874024062,1.1248912811279297,0.097049611279166,1.128994703292847,0.0962222048991082,2.313403606414795,0.0959558377139248,1.1080379486083984,0.096595018081075,1.121368646621704,0.0946803318692044,0.912926435470581,8278,0.925490379333496,0.2284040995607613,0.1468362808227539,0.0291578363443194,0.1991364955902099,0.5911370541477783,0.0183308124542236,-,15.0,0.0,0.0272469520568847,0,0,0,['cluster'],['separated']
figure_category_based_markersize110_interleaved_100_200_15d_0_notcramped_notrotated_umap.png,interleaved_100_200_15d_0_notcramped_notrotated_umap,2049,15,110,1.0,1.292466640472412,1.0,1.2075471878051758,1.0,2.4329047203063965,1.0,0.5454530715942383,1.0,1.2126638889312744,0.1700741509804719,1.2618286609649658,0.1746258877132155,1.249445915222168,0.1787089294589592,2.393387794494629,0.1713704578068046,1.2647438049316406,0.1733889555944053,1.2822763919830322,0.0929404604408411,0.5350487232208252,0.0956658071010158,1.1977818012237549,0.0981221136750377,2.43543553352356,0.0937152407596285,1.2589380741119385,0.0949238515366738,1.2525365352630615,0.094192288921425,0.9617960453033448,11727,0.1949355602264404,0.2284040995607613,0.9270024299621582,0.0291578363443194,0.1988577842712402,0.5911370541477783,0.0178017616271972,-,15.0,0.0,0.0267298221588134,0,0,0,['cluster'],['separated']
figure_category_based_markersize160_interleaved_100_200_15d_0_notcramped_notrotated_umap.png,interleaved_100_200_15d_0_notcramped_notrotated_umap,2049,15,160,0.9771944453556966,0.6311898231506348,0.9710827374089032,1.390434503555298,1.0330451785631072,2.574108123779297,0.971582330493956,0.6325438022613525,0.97715386137224,1.3666024208068848,0.1666687287435849,1.4200153350830078,0.1723394436965875,1.3513312339782717,0.1815444004475633,2.495504379272461,0.1681938370316646,1.436023473739624,0.1710218383407558,0.612389087677002,0.091103607492714,1.3704383373260498,0.0945606267540243,1.3938722610473633,0.0995165795309203,2.514986038208008,0.092065828887097,1.4339265823364258,0.0937116427462367,1.397435188293457,0.0937042459736456,0.2021903991699218,14622,1.013477087020874,0.2284040995607613,0.9287748336791992,0.0291578363443194,0.1881029605865478,0.5911370541477783,0.0173940658569335,-,15.0,0.0,0.0292572975158691,0,0,27,['cluster'],['separated']
figure_ascending_markersize10_interleaved_100_200_15d_0_notcramped_notrotated_umap.png,interleaved_100_200_15d_0_notcramped_notrotated_umap,2049,15,10,1.0,1.1227407455444336,1.0,1.1557295322418213,1.0,2.2841317653656006,1.0,1.1614549160003662,1.0,0.3467996120452881,0.2272507283718801,1.1562433242797852,0.1973726784530505,1.1928322315216064,0.0526453763833908,2.288989782333374,0.2170638787951533,1.18510103225708,0.1996014059731957,0.3208949565887451,0.1281911277634708,1.19176983833313,0.1094916714585645,1.1759679317474363,0.0270343037395101,2.3835325241088867,0.1217451798825351,1.1791260242462158,0.1108651198881264,0.3663208484649658,0.1117618350414836,0.9982297420501708,3919,1.0258841514587402,0.2284040995607613,0.1407923698425293,0.0291578363443194,0.1920616626739502,0.5911370541477783,0.0169508457183837,-,15.0,0.0,0.026749849319458,0,0,0,['cluster'],['separated']
figure_ascending_markersize60_interleaved_100_200_15d_0_notcramped_notrotated_umap.png,interleaved_100_200_15d_0_notcramped_notrotated_umap,2049,15,60,1.0,1.2994880676269531,1.0,1.2589399814605713,1.0,1.568556547164917,1.0,1.3193683624267578,1.0,1.2806367874145508,0.2327301577530438,1.310272455215454,0.1979023734904188,0.4855198860168457,-0.0841613894337687,2.4857425689697266,0.2243385862416005,1.3030643463134766,0.2012858011632111,0.4523215293884277,0.1316890902507249,1.31473970413208,0.1098177871049799,1.2889649868011477,-0.040381416650576,2.4343111515045166,0.1263408578366082,0.4639210700988769,0.11190538290818,1.3487918376922607,0.0946803318692044,1.0555641651153564,8278,0.1708498001098632,0.2284040995607613,1.0520806312561035,0.0291578363443194,0.2066433429718017,0.5911370541477783,0.0174109935760498,-,15.0,0.0,0.030252456665039,0,0,0,['cluster'],['separated']
figure_ascending_markersize110_interleaved_100_200_15d_0_notcramped_notrotated_umap.png,interleaved_100_200_15d_0_notcramped_notrotated_umap,2049,15,110,1.0,0.5515022277832031,1.0,1.4279766082763672,1.0,1.658552885055542,1.0,1.3757011890411377,1.0,1.4156019687652588,0.2348912417604345,1.446115493774414,0.1991361963472706,0.558657169342041,-0.1192685499700829,2.5614938735961914,0.2290868080197601,1.4399960041046145,0.2037908099681828,0.5163226127624512,0.1330746565411095,1.4272220134735107,0.1105781547407187,1.443352460861206,-0.0562781672817098,2.508744716644287,0.1293608343182505,0.5599508285522461,0.1134560557306653,1.3907108306884766,0.094192288921425,1.126866340637207,11727,0.1951360702514648,0.2284040995607613,1.0252628326416016,0.0291578363443194,0.1730828285217285,0.5911370541477783,0.0158727169036865,-,15.0,0.0,0.0290160179138183,0,0,0,['cluster'],['separated']
figure_ascending_markersize160_interleaved_100_200_15d_0_notcramped_notrotated_umap.png,interleaved_100_200_15d_0_notcramped_notrotated_umap,2049,15,160,0.9911532371027086,1.4940738677978516,0.9888447707574748,1.5665769577026367,1.011560219107102,2.77545166015625,0.9903059135114888,0.6779584884643555,0.9901769829441064,1.5347795486450195,0.2360435084336946,1.5239872932434082,0.1995286882002158,0.657231330871582,-0.136438471565208,2.660188913345337,0.2310757113282671,1.5393431186676023,0.2047385096108107,0.6331696510314941,0.1339748320080449,1.5207982063293457,0.1109589717797929,1.5387592315673828,-0.0639092221870611,2.6902246475219727,0.1307978962791458,0.6499133110046387,0.1141730091513878,1.5449347496032717,0.0937042459736456,1.199689865112305,14622,0.2145941257476806,0.2284040995607613,1.1176104545593262,0.0291578363443194,0.193537950515747,0.5911370541477783,0.0174474716186523,-,15.0,0.0,0.0277976989746093,0,0,0,['cluster'],['separated']
figure_descending_markersize10_interleaved_100_200_15d_0_notcramped_notrotated_umap.png,interleaved_100_200_15d_0_notcramped_notrotated_umap,2049,15,10,1.0,0.362433910369873,1.0,0.3751819133758545,1.0,2.4105091094970703,1.0,1.313105821609497,1.0,0.346926212310791,0.1565305196922884,1.28713059425354,0.1796333953991168,1.2841088771820068,0.2365683658233152,1.497941970825195,0.1606454194254494,1.3759820461273191,0.176420933874021,1.3024609088897705,0.0849108278517094,0.3526961803436279,0.0986797906230001,1.3329038619995115,0.1341522751653283,2.488331079483032,0.087337928815916,0.3523948192596435,0.0967443294075592,1.279977798461914,0.1117618350414836,0.141709566116333,3919,1.1398963928222656,0.2284040995607613,1.0846736431121826,0.0291578363443194,0.1720473766326904,0.5911370541477783,0.0153949260711669,-,15.0,0.0,0.0293710231781005,0,0,0,['cluster'],['separated']
figure_descending_markersize60_interleaved_100_200_15d_0_notcramped_notrotated_umap.png,interleaved_100_200_15d_0_notcramped_notrotated_umap,2049,15,60,1.0,1.392625093460083,1.0,0.4358210563659668,1.0,2.5485992431640625,1.0,1.418342351913452,1.0,1.3888180255889893,0.1237814048313759,0.4492809772491455,0.1669697664368647,1.4266204833984375,0.2632322205104295,1.5849590301513672,0.1255353635887903,1.4222559928894043,0.1587715703832518,1.396268367767334,0.0659738716747188,0.4273605346679687,0.0910894776199631,1.3824121952056885,0.1515644311341337,1.5891108512878418,0.0669713160495449,1.402513027191162,0.0862313267758417,1.403144121170044,0.0946803318692044,0.1743512153625488,8278,1.1556501388549805,0.2284040995607613,0.1363413333892822,0.0291578363443194,0.1934797763824463,0.5911370541477783,0.0176043510437011,-,15.0,0.0,0.029024600982666,0,0,0,['cluster'],['separated']
figure_descending_markersize110_interleaved_100_200_15d_0_notcramped_notrotated_umap.png,interleaved_100_200_15d_0_notcramped_notrotated_umap,2049,15,110,1.0,0.5353081226348877,1.0,1.6117854118347168,1.0,2.617096185684204,1.0,0.5314846038818359,1.0,1.5426554679870603,0.1133476305676874,0.5144619941711426,0.1640635864038784,1.4907104969024658,0.2663798974693055,2.686208963394165,0.1139271241002578,0.5181591510772705,0.1540550485560027,1.5061004161834717,0.060078704696294,0.5393736362457275,0.0893623467506266,0.5229272842407227,0.1536552887685434,2.633269786834717,0.0604044125526747,0.5442154407501221,0.08345592778132,1.5229203701019287,0.094192288921425,1.2732598781585691,11727,0.189037799835205,0.2284040995607613,1.209822177886963,0.0291578363443194,0.1790206432342529,0.5911370541477783,0.0167999267578125,-,15.0,0.0,0.0279202461242675,0,0,0,['cluster'],['separated']
figure_descending_markersize160_interleaved_100_200_15d_0_notcramped_notrotated_umap.png,interleaved_100_200_15d_0_notcramped_notrotated_umap,2049,15,160,0.9630542771470308,0.6094481945037842,0.969027565373382,0.6276133060455322,1.0208194956824848,2.7867822647094727,0.9535819903726956,1.7180302143096924,0.9737775006731249,0.5957577228546143,0.1067194175926444,1.6630771160125732,0.1615849549195004,0.6343913078308105,0.2687322280854369,2.7805466651916504,0.1066900368150763,1.7180049419403076,0.1509091952534745,0.6106934547424316,0.0564896148349944,1.7139718532562256,0.0881412351286422,0.6051976680755615,0.1547329522508868,2.846261501312256,0.0565060649736314,0.6320915222167969,0.0817924036469393,1.6554172039031982,0.0937042459736456,1.3159503936767578,14622,0.2110636234283447,0.2284040995607613,1.26694655418396,0.0291578363443194,0.1838419437408447,0.5911370541477783,0.0165348052978515,-,15.0,0.0,0.0286586284637451,0,0,27,['cluster'],['separated']
figure_category_based_markersize10_n500-d10-c5-spr0.2-out0_pca.png,n500-d10-c5-spr0.2-out0_pca,500,5,10,0.8818835301294198,0.6237661838531494,0.8874162542088047,0.5008175373077393,0.8968305783050671,0.9398953914642334,0.8812553980908501,0.5612730979919434,0.8859506238408171,0.4955885410308838,0.8423207778891307,0.6406753063201904,0.8413281764616412,0.5289626121520996,0.8334942947883643,0.968271255493164,0.8392449201340841,0.6085195541381836,0.8398488122700203,0.5635766983032227,0.8061553183500528,0.645111083984375,0.7997909311803069,0.6803205013275146,0.7785138189322113,0.933626651763916,0.8010575668133354,0.5381748676300049,0.7983076390267672,0.5898647308349609,0.992,0.3065638542175293,207,0.3257508277893066,0.0,0.3486182689666748,0.0307501476236461,0.0607388019561767,10.748352457812176,0.0044116973876953,0.010687771372640214,12.624078750610352,0.298,0.0025546550750732,0,0,55,['cluster'],['intersecting']
figure_category_based_markersize60_n500-d10-c5-spr0.2-out0_pca.png,n500-d10-c5-spr0.2-out0_pca,500,5,60,0.5948481188755801,0.5650134086608887,0.6026428992605567,0.6401693820953369,0.6118076903593401,1.095991611480713,0.6039506217902212,0.5503041744232178,0.6044541285312481,0.7347848415374756,0.5024443297270045,0.6853811740875244,0.4808298551127034,0.6889064311981201,0.4423506963113953,1.043811321258545,0.5066779036378912,0.7189748287200928,0.4871247985880355,0.7061254978179932,0.4348886643866632,0.6755499839782715,0.399981117654812,0.6795656681060791,0.346404443001846,1.0615313053131104,0.4363922555323702,0.6784076690673828,0.4079403485344768,0.5717422962188721,0.99,0.4567632675170898,6692,0.4027507305145263,0.0,0.2571735382080078,0.0307501476236461,0.0624153614044189,10.748352457812176,0.0049917697906494,0.022161252923767444,14.712367534637451,0.298,0.0024337768554687,0,0,1372,['cluster'],['intersecting']
figure_category_based_markersize110_n500-d10-c5-spr0.2-out0_pca.png,n500-d10-c5-spr0.2-out0_pca,500,5,110,0.4632972913440357,0.6108636856079102,0.4683716721206704,0.7897350788116455,0.4734652142434459,1.149099826812744,0.4735926301418223,0.7686054706573486,0.4703084524763545,0.7586042881011963,0.3657339662418473,0.6216249465942383,0.3418864618117608,0.8109579086303711,0.3016163309153143,1.173609733581543,0.3706436717873278,0.81117844581604,0.3483950934597905,0.747406005859375,0.3021134858532319,0.7991313934326172,0.2691906885907843,0.8118019104003906,0.221295089125654,1.2258143424987793,0.3044604498090021,0.6660065650939941,0.2766753167067229,0.8265891075134277,0.972,0.565314769744873,20039,0.3100223541259765,0.0,0.4849729537963867,0.0307501476236461,0.0619418621063232,10.748352457812176,0.0052366256713867,-,15.0,0.298,0.0024731159210205,1,0,4427,['cluster'],['intersecting']
figure_category_based_markersize160_n500-d10-c5-spr0.2-out0_pca.png,n500-d10-c5-spr0.2-out0_pca,500,5,160,0.3949724730217943,0.7288453578948975,0.3983836803734049,0.7015750408172607,0.4012069256049463,1.283102035522461,0.4057162103461645,0.9291791915893556,0.4003259954213253,0.7488312721252441,0.3017348220365703,0.9059944152832032,0.280594368950388,0.9270389080047609,0.2435802958867454,1.1547045707702637,0.3070330006973857,0.7704250812530518,0.2864107243350429,0.7544510364532471,0.2441099497864196,0.909038782119751,0.2165634761428909,0.775763750076294,0.1748751497109849,1.3488128185272217,0.2469635383311801,0.7886128425598145,0.2229647167319894,0.7687468528747559,0.91,0.6059598922729492,34148,0.337907075881958,0.0,0.5329875946044922,0.0307501476236461,0.061169147491455,10.748352457812176,0.0048737525939941,-,15.0,0.298,0.0024924278259277,3,0,8405,['cluster'],['intersecting']
figure_ascending_markersize10_n500-d10-c5-spr0.2-out0_pca.png,n500-d10-c5-spr0.2-out0_pca,500,5,10,0.9285545253437446,0.4685919284820556,0.8968649739626934,0.8706145286560059,0.8575844655807694,1.0422451496124268,0.930823569276834,0.8634333610534668,0.905120750177402,0.726898193359375,0.8855452438589801,0.6897108554840088,0.8499853321710337,0.9032301902770996,0.7988409774306799,1.0595498085021973,0.884866686393007,0.9220218658447266,0.8573640765198054,0.5058372020721436,0.846343840520426,0.8955442905426025,0.8077630961601903,0.7305288314819336,0.7476292848260377,1.0869288444519043,0.84323428621095,0.7211871147155762,0.8143943771818632,0.7206237316131592,0.992,0.5900270938873291,207,0.3473765850067138,0.0,0.6081161499023438,0.0307501476236461,0.055060863494873,10.748352457812173,0.0046024322509765,0.010687771372640213,10.68031406402588,0.298,0.0027298927307128,0,0,0,['cluster'],['intersecting']
figure_ascending_markersize60_n500-d10-c5-spr0.2-out0_pca.png,n500-d10-c5-spr0.2-out0_pca,500,5,60,0.6834108164964237,0.7755849361419678,0.6216046926489973,0.7767126560211182,0.5297626446997908,1.129795789718628,0.6898766220892371,0.7927448749542236,0.6389432501234891,0.7969949245452881,0.5724979079790394,1.0519635677337646,0.4987807663418386,0.5628013610839844,0.3976122003525855,1.4078140258789062,0.5738233950230842,0.5849692821502686,0.514972483777735,1.0517513751983645,0.4925589535017969,0.5665090084075928,0.4164864932193314,1.0228917598724363,0.318229227234286,1.2432758808135986,0.4911933040439813,0.5828931331634521,0.4312913190819261,0.7986857891082764,0.99,0.6906890869140625,6692,0.3924040794372558,0.0,0.3739771842956543,0.0307501476236461,0.0574676990509033,10.748352457812173,0.0042619705200195,0.02216125292376745,12.415939569473268,0.298,0.0023810863494873,0,0,0,['cluster'],['intersecting']
figure_ascending_markersize110_n500-d10-c5-spr0.2-out0_pca.png,n500-d10-c5-spr0.2-out0_pca,500,5,110,0.5530706973253002,0.9009554386138916,0.4872479338973962,0.8966739177703857,0.3893822361137355,0.9834516048431396,0.5631369220518538,1.1259384155273438,0.5069601674793635,0.6270239353179932,0.4312427401835217,0.8989942073822021,0.359427980968019,0.9470651149749756,0.2654364550756807,1.2213032245635986,0.4350859953724653,0.9018845558166504,0.377020737952724,0.6548075675964355,0.3533978345505915,0.9107675552368164,0.2847336771475746,0.8979678153991699,0.2013454106731688,1.2654881477355957,0.354481041169459,0.924490451812744,0.3001014561073798,1.20998215675354,0.972,0.5115432739257812,20039,0.4317131042480469,0.0,0.4033834934234619,0.0307501476236461,0.0588240623474121,10.748352457812173,0.004645824432373,0.02976980403806733,13.955464601516724,0.298,0.0022139549255371,0,0,0,['cluster'],['intersecting']
figure_ascending_markersize160_n500-d10-c5-spr0.2-out0_pca.png,n500-d10-c5-spr0.2-out0_pca,500,5,160,0.4843483244481589,0.369530439376831,0.4173365148143753,0.9741430282592772,0.3169767998463592,1.3320674896240234,0.4962987207529684,0.9669222831726074,0.4379217419769551,1.0100946426391602,0.363882098897579,0.6944961547851562,0.2977708356551528,1.0017189979553225,0.2101357532877348,1.3675861358642578,0.3688134563026621,1.020881175994873,0.3145734038216335,0.7077207565307617,0.2914045055597316,1.005537033081055,0.2314586234896176,1.0108864307403564,0.1571622317829519,1.3411648273468018,0.2934375535464115,1.0223212242126465,0.2454407207110285,0.7262494564056396,0.91,0.5301394462585449,34148,0.8352265357971191,0.0,0.4502859115600586,0.0307501476236461,0.0539412498474121,10.748352457812173,0.0046935081481933,-,15.0,0.298,0.0024216175079345,1,0,0,['cluster'],['intersecting']
figure_descending_markersize10_n500-d10-c5-spr0.2-out0_pca.png,n500-d10-c5-spr0.2-out0_pca,500,5,10,0.8592840659768038,0.2922248840332031,0.8821234748763688,0.97369122505188,0.9050141753761344,1.3129031658172607,0.8582618048222199,0.6213505268096924,0.8749776074374894,0.9746935367584229,0.8212646580381194,0.6595454216003418,0.8364542955787309,0.9392788410186768,0.8409417057195268,0.9866859912872314,0.8179506706140016,1.0174427032470703,0.829830390557726,0.6441490650177002,0.7864670706362499,0.6384327411651611,0.7952811077687096,0.9578049182891846,0.7853417114374163,1.3466556072235107,0.7812563547419913,0.6736905574798584,0.7891135968947277,0.9787957668304444,0.992,0.4961504936218261,207,0.456315279006958,0.0,0.4660918712615967,0.0307501476236461,0.059558629989624,10.748352457812176,0.0050897598266601,0.010687771372640213,11.02681565284729,0.298,0.0023193359375,0,0,102,['cluster'],['intersecting']
figure_descending_markersize60_n500-d10-c5-spr0.2-out0_pca.png,n500-d10-c5-spr0.2-out0_pca,500,5,60,0.5383085509318759,0.679811954498291,0.5856917826227541,0.6811249256134033,0.647034263741842,1.457484483718872,0.537972389413994,1.0417232513427734,0.570295810933172,0.6900947093963623,0.4575557105908521,0.6789138317108154,0.4665043307617513,1.0346558094024658,0.4616588258524945,1.0774614810943604,0.4555401136780849,1.041585922241211,0.461656822908749,0.6885507106781006,0.3978703162739934,1.049454927444458,0.3876234959385577,0.7095353603363037,0.3588486269442035,1.4217145442962646,0.3950131538261541,0.6977806091308594,0.3877853257747429,1.069622278213501,0.99,0.588346004486084,6692,0.5427629947662354,0.0,0.5158936977386475,0.0307501476236461,0.0613806247711181,10.748352457812176,0.0048298835754394,0.02216125292376745,12.280016660690308,0.298,0.002307653427124,0,0,3144,['cluster'],['intersecting']
figure_descending_markersize110_n500-d10-c5-spr0.2-out0_pca.png,n500-d10-c5-spr0.2-out0_pca,500,5,110,0.3955132353779974,1.132499933242798,0.4448566890373626,0.731914758682251,0.52838258007925,1.502030849456787,0.3939755761428563,0.730161190032959,0.4274409658872163,1.1243007183074951,0.3170416854505308,0.7327125072479248,0.3253572279502451,1.1600286960601809,0.3256654774986889,1.1527824401855469,0.3144199181546774,1.166926622390747,0.3200575671827035,0.7393155097961426,0.2645531811351848,0.7532382011413574,0.2564645377717519,1.168320894241333,0.2353659416421463,1.1657068729400637,0.261595771254877,0.7715775966644287,0.2557955933075747,1.1608669757843018,0.972,0.6430139541625977,20039,0.5798418521881104,0.0,0.5588028430938721,0.0307501476236461,0.0600504875183105,10.748352457812176,0.0048489570617675,0.02976980403806733,13.605028867721558,0.298,0.0023601055145263,1,0,10301,['cluster'],['intersecting']
figure_descending_markersize160_n500-d10-c5-spr0.2-out0_pca.png,n500-d10-c5-spr0.2-out0_pca,500,5,160,0.3255922927354355,0.7923686504364014,0.3729733201976596,0.8051197528839111,0.464353924610714,1.6200172901153564,0.3240706845069725,0.8085179328918457,0.355771149934073,1.2033748626708984,0.2545113853271898,0.832857608795166,0.2642744506397648,0.8320443630218506,0.2690967370652636,1.5892534255981443,0.252325406221172,0.797736644744873,0.2586681073641462,0.8276100158691406,0.2089048250447049,0.8122305870056152,0.2046356866659678,1.261284112930298,0.1894390856268719,1.1783244609832764,0.2065891090789665,0.8376810550689697,0.2032057722242676,0.8229331970214844,0.91,1.1220881938934326,34148,0.1296558380126953,0.0,0.5609309673309326,0.0307501476236461,0.0584111213684082,10.748352457812176,0.004880666732788,-,15.0,0.298,0.002352237701416,3,0,19691,['cluster'],['intersecting']
figure_category_based_markersize10_musicnetgroups_pca.png,musicnetgroups_pca,171,6,10,1.0,0.3706147670745849,1.0,0.7304246425628662,1.0,1.6266841888427734,1.0,0.7661261558532715,1.0,0.6930992603302002,0.6171070404002418,0.730339527130127,0.4700583172527492,1.1635358333587646,0.3149277117462203,1.1483609676361084,0.7140903254859432,0.752854585647583,0.6839808127636702,0.7226412296295166,0.4462435332513711,1.1854619979858398,0.3072393690252858,0.7411012649536133,0.1868927012458179,1.2086615562438965,0.5553191951493768,0.7149772644042969,0.5197346812245537,1.1874332427978516,0.3333333333333333,0.614450216293335,238,0.5969192981719971,0.391812865497076,0.615994930267334,0.025028068579303,0.0319471359252929,7.674975967182929,0.0021464824676513,0.2775730239517724,2.1311213970184326,0.0175438596491228,0.0012216567993164,0,0,0,['cluster'],['separated']
figure_category_based_markersize60_musicnetgroups_pca.png,musicnetgroups_pca,171,6,60,0.982889404344496,0.3073840141296386,0.988376977233773,1.2409279346466064,0.9800101879036942,1.2105958461761477,0.9620229029369064,0.8090312480926514,0.9620939946804898,0.7758438587188721,0.4650144904062843,0.7865464687347412,0.3794108379433859,0.788740873336792,0.2664394727146916,1.1982638835906982,0.6002538816301328,0.7888998985290527,0.6059001089155844,1.2920036315917969,0.3045500282216156,0.7930810451507568,0.2347654259481981,0.7658858299255371,0.1541782841571131,1.2538847923278809,0.4362150660761015,0.796011209487915,0.4421893463565708,0.8040852546691895,0.2690058479532163,0.6377606391906738,1218,0.6478822231292725,0.391812865497076,0.1015844345092773,0.025028068579303,0.0336651802062988,7.674975967182929,0.0022730827331542,0.35309972199904266,2.382070779800415,0.0175438596491228,0.0012445449829101,0,0,10,['cluster'],['separated']
figure_category_based_markersize110_musicnetgroups_pca.png,musicnetgroups_pca,171,6,110,0.9479572707449514,1.319874286651611,0.9629744320215936,0.8100736141204834,0.933094591381754,1.2421975135803225,0.8950099675974365,0.8349032402038574,0.8953363592022542,0.7968859672546387,0.4137720348403357,0.817399263381958,0.3592863716061173,0.7945108413696289,0.2599558342115695,1.800869703292847,0.5493797583093845,0.8271934986114502,0.5589823182407868,0.8570656776428223,0.2646427095222414,0.8508787155151367,0.2208411775354973,0.8585948944091797,0.1510137883263507,1.3093760013580322,0.3963279352418988,0.8330297470092773,0.4063335994220753,0.8124349117279053,0.2456140350877192,0.682915210723877,2140,0.1094191074371337,0.391812865497076,0.6713900566101074,0.025028068579303,0.0365679264068603,7.674975967182929,0.0023062229156494,0.38436764541530455,2.5797526836395264,0.0175438596491228,0.0011851787567138,0,0,54,['cluster'],['separated']
figure_category_based_markersize160_musicnetgroups_pca.png,musicnetgroups_pca,171,6,160,0.923235351167916,1.3969266414642334,0.9443014510217008,0.860584020614624,0.8994707209610584,1.336029291152954,0.8557381558809065,0.8735580444335938,0.8568041019832459,0.8330984115600586,0.3664759339904158,0.874502420425415,0.3320234386687647,0.8702175617218018,0.2537403831960646,0.7441818714141846,0.5045761959257923,1.342627763748169,0.5191050681020845,0.8583126068115234,0.228611306505149,0.8966357707977295,0.2014225564998779,0.9182806015014648,0.1477037852915185,0.7250783443450928,0.3577637434427132,1.415605068206787,0.3723484169744713,0.9078097343444824,0.2280701754385964,0.1034414768218994,3071,0.7173852920532227,0.391812865497076,0.693242073059082,0.025028068579303,0.0350315570831298,7.674975967182929,0.0021281242370605,0.40390920801761354,2.7949843406677246,0.0175438596491228,0.0013132095336914,0,0,108,['cluster'],['separated']
figure_ascending_markersize10_musicnetgroups_pca.png,musicnetgroups_pca,171,6,10,1.0,0.8620967864990234,1.0,1.4708778858184814,1.0,1.2660636901855469,1.0,0.2769680023193359,1.0,1.463608741760254,0.63161264516197,0.2756285667419433,0.4873411008139345,1.4419140815734863,0.302895525221719,0.6803748607635498,0.7247942913034446,1.4642653465270996,0.6895745322981528,0.2845878601074219,0.461574453263441,1.4407525062561035,0.3221751454185501,0.2756788730621338,0.1784778307542268,1.914344310760498,0.5683744092114278,0.2830207347869873,0.5262218640389301,0.8548064231872559,0.3333333333333333,0.7043037414550781,238,0.7282881736755371,0.391812865497076,0.7303447723388672,0.0250280685793031,0.0325214862823486,7.674975967182929,0.0021448135375976,0.27757302395177336,1.9346513748168943,0.0175438596491228,0.0010623931884765,0,0,0,['cluster'],['separated']
figure_ascending_markersize60_musicnetgroups_pca.png,musicnetgroups_pca,171,6,60,0.983421000971858,0.9023780822753906,0.989146080526233,0.8843193054199219,0.977938878373512,0.6906213760375977,0.9764045789417146,1.50032377243042,0.9811794069883336,0.2880997657775879,0.4899856321663228,0.8915655612945557,0.4024830899459987,0.8953042030334473,0.2400061165045089,1.9532482624053955,0.624926994961406,0.2927501201629638,0.6253837981810269,0.8984572887420654,0.3262755747327447,0.8967909812927246,0.2526413752769125,1.5507943630218506,0.1367883860729981,0.7152838706970215,0.4595148548737859,0.9430224895477296,0.4589567471268019,0.8986144065856934,0.2690058479532163,0.766383171081543,1218,0.7590515613555908,0.391812865497076,0.7706074714660645,0.0250280685793031,0.0345938205718994,7.674975967182929,0.0021958351135253,0.353099721999045,2.2324023246765137,0.0175438596491228,0.0011756420135498,0,0,0,['cluster'],['separated']
figure_ascending_markersize110_musicnetgroups_pca.png,musicnetgroups_pca,171,6,110,0.9505638137498894,0.2911911010742187,0.9657514688178804,0.9420998096466064,0.9231174784600346,1.3660309314727783,0.933733804818872,0.9408779144287108,0.9466411313061712,0.9170207977294922,0.4466192473240509,0.9321963787078856,0.3844693513468336,0.927187204360962,0.2238350817091086,1.3740270137786863,0.5851559385795724,0.9677436351776124,0.5930554178315589,0.9627225399017334,0.2918787549227885,0.9694840908050536,0.2400089074144488,0.9810044765472412,0.1273582914886138,1.379549503326416,0.4260897668438019,0.2974309921264648,0.4317790037306716,0.9495747089385986,0.2456140350877192,0.8053748607635498,2140,0.8039443492889404,0.391812865497076,0.791163444519043,0.0250280685793031,0.0324561595916748,7.674975967182929,0.0021576881408691,0.38436764541530455,2.4365122318267822,0.0175438596491228,0.0010697841644287,0,0,0,['cluster'],['separated']
figure_ascending_markersize160_musicnetgroups_pca.png,musicnetgroups_pca,171,6,160,0.9285796261462108,0.3026349544525146,0.9491593938040538,0.9847474098205566,0.88106569756114,1.4323925971984863,0.9085611078052456,0.9904756546020508,0.9261609474666328,0.9809775352478028,0.4082842930874004,0.3102471828460693,0.3630514143848695,0.990393877029419,0.2099998051482234,1.4342355728149414,0.5494257856890459,0.9988410472869872,0.5629508884304992,1.0019466876983645,0.2616681818039617,1.008845329284668,0.2244518879299722,0.9973666667938232,0.1192061459258849,1.4042680263519287,0.3937747939649397,0.301408052444458,0.4043701351871962,1.003800630569458,0.2280701754385964,0.8178701400756836,3071,0.8321793079376221,0.391812865497076,0.0982701778411865,0.0250280685793031,0.0331857204437255,7.674975967182929,0.0023279190063476,0.40390920801761376,2.6656010150909424,0.0175438596491228,0.0011377334594726,0,0,0,['cluster'],['separated']
figure_descending_markersize10_musicnetgroups_pca.png,musicnetgroups_pca,171,6,10,1.0,0.980903148651123,1.0,0.971519947052002,1.0,1.3899743556976318,1.0,0.9869637489318848,1.0,1.0150649547576904,0.6049975570203572,0.9980905055999756,0.4519900105101271,1.0133132934570312,0.3218398133082274,1.4543616771697998,0.7060645615044874,0.2895693778991699,0.6805759583813791,1.0150463581085205,0.4336892455386084,0.9918828010559082,0.2919813267219772,1.007105588912964,0.191781342365584,1.4557626247406006,0.5456721722727096,1.053142547607422,0.5158129129938193,1.0071752071380615,0.3333333333333333,0.0996110439300537,238,0.8270690441131592,0.391812865497076,0.8492186069488525,0.025028068579303,0.0348932743072509,7.674975967182929,0.0021266937255859,0.2775730239517709,2.080538511276245,0.0175438596491228,0.0011639595031738,0,0,0,['cluster'],['separated']
figure_descending_markersize60_musicnetgroups_pca.png,musicnetgroups_pca,171,6,60,0.9283712655610948,0.2979984283447265,0.9526739254236198,1.0016958713531494,1.0060892813224371,1.4367082118988037,0.9614773521199196,0.2942924499511719,0.9618422781630446,1.040191411972046,0.4318079554480378,1.0357205867767334,0.3560150575916558,1.0416476726531982,0.2862264543241622,1.499265193939209,0.5852913551552164,1.097999095916748,0.5977239674402559,1.0579373836517334,0.2813308799731977,0.2912847995758056,0.2189111751214373,1.0515432357788086,0.1668466734031509,1.5075740814208984,0.4206920842665,1.044356107711792,0.4335846686351927,0.2667393684387207,0.2690058479532163,0.8903627395629883,1218,0.8958876132965088,0.391812865497076,0.1089816093444824,0.025028068579303,0.0345396995544433,7.674975967182929,0.0021569728851318,0.3530997219990382,2.297473430633545,0.0175438596491228,0.0012266635894775,0,0,10,['cluster'],['separated']
figure_descending_markersize110_musicnetgroups_pca.png,musicnetgroups_pca,171,6,110,0.8014028198541306,1.050325870513916,0.8592073289220858,1.1014468669891355,1.021350382950278,1.5497758388519287,0.8934489682583033,0.2998583316802978,0.894617421929117,1.047659397125244,0.3610186352587337,1.0879957675933838,0.3260141931213445,1.0900075435638428,0.290941849727316,0.7252504825592041,0.5334124094803538,1.084115743637085,0.5503961910367436,1.077272653579712,0.2329879047530325,1.106363296508789,0.201173291132332,0.3049170970916748,0.1696315439823165,1.54052996635437,0.3802012521303043,1.1112360954284668,0.3974642059669805,1.1093275547027588,0.2456140350877192,0.1082406044006347,2140,0.932321548461914,0.391812865497076,0.923572301864624,0.025028068579303,0.0324552059173584,7.674975967182929,0.0022127628326416,0.38436764541530455,1.5736825466156006,0.0175438596491228,0.0011358261108398,0,0,54,['cluster'],['separated']
figure_descending_markersize160_musicnetgroups_pca.png,musicnetgroups_pca,171,6,160,0.7245718480603706,1.126391887664795,0.7970301681217753,1.1195991039276123,1.0322319614804405,1.5309779644012451,0.8533989913104996,0.2937157154083252,0.8557159589963836,1.099653244018555,0.3086392053754073,1.162367820739746,0.2935415669006017,1.118551254272461,0.2941915839318472,0.7073707580566406,0.4877421105989665,1.1063075065612793,0.5099519835277284,1.1161894798278809,0.1960810161094565,1.1230223178863523,0.1798985834981215,0.289348840713501,0.1715408126975354,1.5310654640197754,0.3414434356600907,1.1099908351898191,0.3631971189105506,1.1532576084136963,0.2280701754385964,0.1045548915863037,3071,0.9519150257110596,0.391812865497076,0.9828670024871826,0.025028068579303,0.0323133468627929,7.674975967182929,0.0021004676818847,0.40390920801761043,1.944948673248291,0.0175438596491228,0.0011932849884033,0,0,108,['cluster'],['separated']
figure_category_based_markersize10_test___interleaved_100_200_10d_0_notcramped_notrotated_tsne.png,test___interleaved_100_200_10d_0_notcramped_notrotated_tsne,2179,3,10,0.9607802670481528,1.1761887073516846,0.9657675061394012,1.139984369277954,1.0140655977445083,1.396955490112305,0.968801946263546,1.17793869972229,0.9738642102450756,0.3480761051177978,0.5812577790710125,1.1956689357757568,0.5878869036644562,1.1834840774536133,0.6023906782914878,0.5973494052886963,0.5798402004155249,1.2157535552978516,0.5862766002876647,1.2044355869293213,0.4166678029316777,0.3180339336395263,0.422552649911849,1.1782913208007812,0.4284536042071007,1.4765851497650146,0.41373201975285,1.2064106464385986,0.4193712842804803,0.3402137756347656,0.9857732905002294,1.177893877029419,4156,1.0173048973083496,0.0,0.1154565811157226,0.0305524791646664,0.196470022201538,3.6149322039657696,0.0172386169433593,-,15.0,0.0527765029830197,0.0059375762939453,0,0,41,['cluster'],['touching']
figure_category_based_markersize60_test___interleaved_100_200_10d_0_notcramped_notrotated_tsne.png,test___interleaved_100_200_10d_0_notcramped_notrotated_tsne,2179,3,60,0.7395888832640638,1.3908021450042725,0.7663747376185928,0.4418821334838867,1.1364508013487598,1.5133826732635498,0.7608655183179974,1.3406789302825928,0.7955474921403421,0.4795091152191162,0.2269416739598123,1.359760284423828,0.2303336113968005,1.3343698978424072,0.2450684701703679,0.7315986156463623,0.2280612703322555,1.3703665733337402,0.2311631444315406,1.3399546146392822,0.1340350595276089,1.373088836669922,0.1355341760645232,0.4757194519042969,0.1373427896226069,1.615044355392456,0.1341331158688268,1.38505220413208,0.1352282919180627,0.4753150939941406,0.79669573198715,1.3132989406585691,63576,1.0923759937286377,0.0,0.1197116374969482,0.0305524791646664,0.1937344074249267,3.6149322039657696,0.0184147357940673,-,15.0,0.0527765029830197,0.0064537525177001,0,0,1561,['cluster'],['touching']
figure_category_based_markersize110_test___interleaved_100_200_10d_0_notcramped_notrotated_tsne.png,test___interleaved_100_200_10d_0_notcramped_notrotated_tsne,2179,3,110,0.6034025261428853,0.5881872177124023,0.639996701562322,1.5270371437072754,1.264976283012914,0.8461778163909912,0.632214640705633,1.499467134475708,0.677042993550375,1.5707097053527832,0.1834739285343088,0.6270427703857422,0.187119243323928,0.584975004196167,0.2087344865495545,1.6718440055847168,0.1855528566148128,1.536329746246338,0.1890553732873537,0.6298649311065674,0.1081845644966887,1.4593758583068848,0.1095786714803361,1.5633728504180908,0.1137524204497154,0.831226110458374,0.1087327796589577,1.5106139183044434,0.1098671694628574,1.5540258884429932,0.5920146856356127,0.3166520595550537,105380,1.15576434135437,0.0,1.0742719173431396,0.0305524791646664,0.1810810565948486,3.6149322039657696,0.0162642002105712,-,15.0,0.0527765029830197,0.0067951679229736,0,0,4509,['cluster'],['touching']
figure_category_based_markersize160_test___interleaved_100_200_10d_0_notcramped_notrotated_tsne.png,test___interleaved_100_200_10d_0_notcramped_notrotated_tsne,2179,3,160,0.5253483387035631,1.622002124786377,0.5649809315464287,0.718050479888916,1.3754125865858893,1.8845925331115725,0.5567904592364559,1.6431105136871338,0.6048013774455123,0.7455878257751465,0.1667298192415661,1.6888446807861328,0.1706141092787088,1.680732488632202,0.1981860037866678,0.968269109725952,0.1692953376661496,1.6825881004333496,0.1732339275305866,1.637291431427002,0.0990888207423008,0.7553427219390869,0.1004783906690854,1.711853265762329,0.1067865475710762,0.9999420642852784,0.0998236452209697,1.6508283615112305,0.101095396952104,1.7641112804412842,0.4740706746213859,0.3033931255340576,130555,1.2292490005493164,0.0,1.0893144607543943,0.0305524791646664,0.1974716186523437,3.6149322039657696,0.0187728404998779,-,15.0,0.0527765029830197,0.0066685676574707,1,0,7988,['cluster'],['touching']
figure_ascending_markersize10_test___interleaved_100_200_10d_0_notcramped_notrotated_tsne.png,test___interleaved_100_200_10d_0_notcramped_notrotated_tsne,2179,3,10,0.974028589822316,0.3180258274078369,0.9783857507322372,1.2780628204345703,0.9895705778518176,1.5535991191864014,0.9759171526735576,0.3435413837432861,0.9770380857972482,1.2819812297821045,0.5881586224285749,1.303332805633545,0.5941077754168407,0.3339211940765381,0.5854948058903053,1.548943281173706,0.5839951296939763,1.3039519786834717,0.5881775585439115,0.3637208938598633,0.4212691531703146,1.328038215637207,0.4265664160247455,0.3400838375091553,0.4157356229374201,1.521322250366211,0.4166651126028978,1.343045949935913,0.4207280616715578,0.3509392738342285,0.9857732905002294,1.3472843170166016,4156,1.1427149772644043,0.0,0.1201508045196533,0.0305524791646664,0.1928212642669677,3.61493220396577,0.0172815322875976,-,15.0,0.0527765029830197,0.0065016746520996,0,0,0,['cluster'],['touching']
figure_ascending_markersize60_test___interleaved_100_200_10d_0_notcramped_notrotated_tsne.png,test___interleaved_100_200_10d_0_notcramped_notrotated_tsne,2179,3,60,0.7920674492841434,0.7851724624633789,0.8338449578400824,0.6373133659362793,0.9240477972862212,0.979389190673828,0.7915321924529322,0.7843940258026123,0.8117089642343476,0.7718191146850586,0.2389707456164809,0.6964774131774902,0.241294288509003,0.7773575782775879,0.2198437849027593,1.0293948650360107,0.236559636847637,0.7144594192504883,0.2357548152309213,0.8080580234527588,0.1407121565933948,0.7467741966247559,0.1410562553587347,0.7333154678344727,0.1247633590701617,1.0053379535675049,0.1390597161056456,0.8710949420928955,0.1379040021016703,0.7536497116088867,0.79669573198715,0.6076281070709229,63576,0.3836085796356201,0.0,0.3592636585235595,0.0305524791646664,0.1874430179595947,3.61493220396577,0.0177199840545654,-,15.0,0.0527765029830197,0.0063674449920654,0,0,0,['cluster'],['touching']
figure_ascending_markersize110_test___interleaved_100_200_10d_0_notcramped_notrotated_tsne.png,test___interleaved_100_200_10d_0_notcramped_notrotated_tsne,2179,3,110,0.6750020593222353,0.7852849960327148,0.7320342114627838,0.8941249847412109,0.8487116925860666,1.1928186416625977,0.6757275961157405,0.898918628692627,0.7007659259445138,0.984328031539917,0.1991914087053171,0.9265463352203368,0.2012478873341933,1.0486924648284912,0.1758907631547198,1.2228217124938965,0.196974274501095,0.9398553371429444,0.1953892336240587,0.9467837810516356,0.1168344856762088,0.9543638229370116,0.1166597583434548,0.8149096965789795,0.0981119597089967,1.372255802154541,0.11529073452936,0.9650375843048096,0.1135206692365417,0.9709131717681884,0.5920146856356127,0.6203525066375732,105380,0.3519997596740722,0.0,0.4565374851226806,0.0305524791646664,0.1968209743499755,3.61493220396577,0.0183644294738769,-,15.0,0.0527765029830197,0.006587266921997,0,0,0,['cluster'],['touching']
figure_ascending_markersize160_test___interleaved_100_200_10d_0_notcramped_notrotated_tsne.png,test___interleaved_100_200_10d_0_notcramped_notrotated_tsne,2179,3,160,0.6055513494920983,0.8766903877258301,0.6675193514766616,1.0110948085784912,0.78648890064041,1.5182828903198242,0.6063782671134411,1.1656169891357422,0.6321225519538176,0.9974944591522216,0.1849523709103283,1.094041109085083,0.1871053606000144,1.1486124992370603,0.158828286248264,1.476393461227417,0.1824156017745936,1.0133397579193115,0.180503168644653,1.1805148124694824,0.1091440062263932,1.36586332321167,0.1088011336176439,1.0310308933258057,0.0883334349827363,1.4211220741271973,0.107355587858933,1.013129472732544,0.1052834811377116,1.2068841457366943,0.4740706746213859,0.6801519393920898,130555,0.4394600391387939,0.0,0.5213093757629395,0.0305524791646664,0.1956772804260254,3.61493220396577,0.0184004306793212,-,15.0,0.0527765029830197,0.0060961246490478,0,0,0,['cluster'],['touching']
figure_descending_markersize10_test___interleaved_100_200_10d_0_notcramped_notrotated_tsne.png,test___interleaved_100_200_10d_0_notcramped_notrotated_tsne,2179,3,10,0.9592776016790392,0.98907732963562,0.9649387586110644,0.6622750759124756,1.0172805450216331,0.8937156200408936,0.966996597096125,0.8659918308258057,0.9724986726925938,0.6993017196655273,0.5787393778888213,0.8696353435516357,0.5863696926650752,0.8436520099639893,0.6098484396812338,1.0990362167358398,0.5775938648839353,0.9092581272125244,0.5850270744986291,0.9168915748596193,0.4143642072774922,0.723139762878418,0.4211444347292383,0.704932451248169,0.4354470727426137,1.121629238128662,0.4117749764231925,0.7302370071411133,0.4183459488921468,0.7405359745025635,0.9857732905002294,0.7423398494720459,4156,0.3345875740051269,0.0,0.5178828239440918,0.0305524791646664,0.1745812892913818,3.6149322039657696,0.0163140296936035,-,15.0,0.0527765029830197,0.0068531036376953,0,0,67,['cluster'],['touching']
figure_descending_markersize60_test___interleaved_100_200_10d_0_notcramped_notrotated_tsne.png,test___interleaved_100_200_10d_0_notcramped_notrotated_tsne,2179,3,60,0.7275523043223282,0.8880653381347656,0.7588280514842671,0.8798754215240479,1.1552991478045451,1.33298921585083,0.7440126596655534,0.8861277103424072,0.7831983191594097,0.8911881446838379,0.2214274834163592,0.8795123100280762,0.2273068960378459,0.8692243099212646,0.2600760317377112,1.3416883945465088,0.2232047078349858,0.9109654426574708,0.2288030405265834,0.8816587924957275,0.1305852824093291,1.0931031703948977,0.1336745495582717,0.9056472778320312,0.146531263339559,1.1631274223327637,0.131296981419163,1.112288475036621,0.1339705550734987,0.9035086631774902,0.79669573198715,0.8716161251068115,63576,0.4400944709777832,0.0,0.3788113594055176,0.0305524791646664,0.2034084796905517,3.6149322039657696,0.0188603401184082,-,15.0,0.0527765029830197,0.0066590309143066,0,0,2896,['cluster'],['touching']
figure_descending_markersize110_test___interleaved_100_200_10d_0_notcramped_notrotated_tsne.png,test___interleaved_100_200_10d_0_notcramped_notrotated_tsne,2179,3,110,0.585130750883825,1.0501494407653809,0.6281187151689295,1.2882158756256104,1.3008524977284237,1.277387619018555,0.6073368576019162,1.0581512451171875,0.6587916441360602,1.0646798610687256,0.1759862240155932,1.0813748836517334,0.1829735035969152,1.0343921184539795,0.2276490961160332,1.5011603832244873,0.1788025088271408,1.0849246978759766,0.185527706120258,1.0782146453857422,0.1035678485703341,1.0582029819488523,0.1070837089794339,1.1320810317993164,0.1247392259678412,1.3307838439941406,0.104832872246979,1.0447568893432615,0.1079665207916975,1.1128394603729248,0.5920146856356127,0.9029109477996826,105380,0.4944443702697754,0.0,0.4313540458679199,0.0305524791646664,0.199176549911499,3.6149322039657696,0.0182292461395263,-,15.0,0.0527765029830197,0.0063049793243408,0,0,8550,['cluster'],['touching']
figure_descending_markersize160_test___interleaved_100_200_10d_0_notcramped_notrotated_tsne.png,test___interleaved_100_200_10d_0_notcramped_notrotated_tsne,2179,3,160,0.5031954295429317,0.6966545581817627,0.5508758031476826,1.545867681503296,1.4326721213944205,1.2117538452148438,0.5273972219238103,1.2250690460205078,0.5833190360145285,1.4981427192687988,0.1578432628962036,0.95530366897583,0.165837747615008,1.5389206409454346,0.2203170896946692,1.2509818077087402,0.1612856007031657,1.241250991821289,0.1690486618980698,1.239821434020996,0.0936023021338691,1.2508699893951416,0.0976115499971659,1.577359676361084,0.119334182223071,1.2118375301361084,0.0951994805645283,1.278005599975586,0.0988475834812437,1.302687644958496,0.4740706746213859,0.9123830795288086,130555,0.538383960723877,0.0,0.4492425918579101,0.0305524791646664,0.1898047924041748,3.6149322039657696,0.0174908638000488,-,15.0,0.0527765029830197,0.0071437358856201,1,0,15757,['cluster'],['touching']
figure_category_based_markersize10_n500-d5-c3-spr0.2-out0_umap.png,n500-d5-c3-spr0.2-out0_umap,500,3,10,0.8152581893513672,0.8351945877075195,0.8454848629949987,0.86910080909729,0.9354772436060222,0.8385717868804932,0.8213570059889448,0.8501560688018799,0.8421113534054385,0.8315517902374268,0.7544366786230795,0.8391296863555908,0.7835081958011738,0.8831644058227539,0.8444488112036939,1.119588851928711,0.7568695493139923,0.591604471206665,0.778168235415418,0.8483436107635498,0.7020601898875054,0.9012107849121094,0.729997137668826,0.88881516456604,0.7695648107305622,1.120720386505127,0.7017711721979907,0.5845639705657959,0.7232504519220935,0.8785948753356934,0.994,0.4398467540740967,261,0.8039107322692871,0.0,0.4335920810699463,0.0304023600174181,0.052506685256958,8.978012678769963,0.0050940513610839,0.012753770055736559,13.13161325454712,0.564,0.0016214847564697,0,0,79,['cluster'],['intersecting']
figure_category_based_markersize60_n500-d5-c3-spr0.2-out0_umap.png,n500-d5-c3-spr0.2-out0_umap,500,3,60,0.522591417663417,0.915503740310669,0.5693953855442797,0.9387946128845216,0.6939133094817604,1.196038007736206,0.5413513289522943,0.6454904079437256,0.5691709273496294,0.9249880313873292,0.4160305347299963,0.9925329685211182,0.4453715969033245,0.9719762802124025,0.4908067437783617,0.8942179679870605,0.426131202034962,1.0037147998809814,0.4442004268061348,0.6329953670501709,0.3455665452221529,0.9459574222564696,0.3657131812474172,0.9683210849761964,0.3796764612611377,0.8796401023864746,0.3513504744492992,0.9796187877655028,0.3642283239335411,0.9525549411773682,0.988,0.5239346027374268,6733,0.8471224308013916,0.0,0.468743085861206,0.0304023600174181,0.0516581535339355,8.978012678769963,0.004749059677124,-,15.0,0.564,0.0015571117401123,0,0,1574,['cluster'],['intersecting']
figure_category_based_markersize110_n500-d5-c3-spr0.2-out0_umap.png,n500-d5-c3-spr0.2-out0_umap,500,3,110,0.380513945484235,0.6804862022399902,0.4258052277244373,1.006316900253296,0.5381059287712574,1.2982683181762695,0.3998634721194564,0.7100536823272705,0.4265037130237847,1.0521519184112549,0.2897910088894625,1.1017179489135742,0.313961856174167,0.7508854866027832,0.3456665588438481,0.9273831844329834,0.2995642330795036,1.0383398532867432,0.3140966145397967,1.0505189895629885,0.2340001904602605,0.7372124195098877,0.2486505123334755,1.074602127075195,0.2546114868211109,0.9711613655090332,0.2394916527949474,1.0566630363464355,0.248581712388785,0.7320075035095215,0.982,0.6235876083374023,19846,0.5121629238128662,0.0,0.4840760231018066,0.0304023600174181,0.0488312244415283,8.978012678769963,0.0045888423919677,-,15.0,0.564,0.0017509460449218,0,0,4958,['cluster'],['intersecting']
figure_category_based_markersize160_n500-d5-c3-spr0.2-out0_umap.png,n500-d5-c3-spr0.2-out0_umap,500,3,160,0.311982954038798,1.1562519073486328,0.3541568730124864,0.7801759243011475,0.4555849247740118,1.3892707824707031,0.3306105794791298,0.8022539615631104,0.355598942724959,0.784050703048706,0.2335126869149462,1.1325042247772217,0.2544892471034357,0.7474691867828369,0.2798748267582834,1.3549561500549316,0.2426845361564004,0.8040323257446289,0.2554007285081048,1.1734113693237305,0.1865831139831043,0.7594647407531738,0.1985990535628643,1.1309447288513184,0.2019764884749825,1.0496933460235596,0.1917014444092522,1.1534428596496582,0.1992558041345101,0.753756046295166,0.968,1.0885088443756104,34326,0.5835449695587158,0.0,0.5720739364624023,0.0304023600174181,0.0515480041503906,8.978012678769963,0.0046780109405517,-,15.0,0.564,0.0018067359924316,0,0,9410,['cluster'],['intersecting']
figure_ascending_markersize10_n500-d5-c3-spr0.2-out0_umap.png,n500-d5-c3-spr0.2-out0_umap,500,3,10,0.8462407694260669,0.2822611331939697,0.8574082702832201,1.1159956455230713,0.8803520886611004,0.9505698680877686,0.8363937015195811,0.7006886005401611,0.8464070399562711,1.095858812332153,0.7840120089377215,0.698458194732666,0.7966990616842776,0.6981980800628662,0.8014878205368544,1.337144374847412,0.7735699965606153,0.7181384563446045,0.7850987132910948,0.7044270038604736,0.73030839652403,1.116640329360962,0.7440184727194961,0.7266478538513184,0.7355915814558515,0.9650726318359376,0.7195246312475143,1.1508395671844482,0.732072081652134,0.7102165222167969,0.994,0.5576267242431641,261,0.5693109035491943,0.0,0.5622055530548096,0.0304023600174181,0.0537126064300537,8.978012678769963,0.0048375129699707,0.012753770055736557,10.852267265319824,0.564,0.0017461776733398,0,0,0,['cluster'],['intersecting']
figure_ascending_markersize60_n500-d5-c3-spr0.2-out0_umap.png,n500-d5-c3-spr0.2-out0_umap,500,3,60,0.5924764295442126,0.7678976058959961,0.5883278032613668,0.7575464248657227,0.5823676249741616,1.4462676048278809,0.5766314093501397,0.7601373195648193,0.5782363644415026,0.7953097820281982,0.4636965206965805,1.217639684677124,0.4589864475398504,0.7772271633148193,0.432076514054094,0.986875057220459,0.4535473696532904,1.2326722145080566,0.4546259831549132,0.7917048931121826,0.380903770754985,0.7771120071411133,0.3762659785890312,0.7473361492156982,0.3434441725309897,1.4783592224121094,0.3737657348089562,0.8006138801574707,0.3745565214631454,0.7776644229888916,0.988,0.6476333141326904,6733,0.5863380432128906,0.0,0.6023297309875488,0.0304023600174181,0.0508272647857666,8.978012678769963,0.0047857761383056,0.023949773019798008,12.587350368499756,0.564,0.0014851093292236,0,0,0,['cluster'],['intersecting']
figure_ascending_markersize110_n500-d5-c3-spr0.2-out0_umap.png,n500-d5-c3-spr0.2-out0_umap,500,3,110,0.4604837014618691,1.28892183303833,0.4456296277899507,0.8388321399688721,0.4180346733706358,1.0156257152557373,0.43938224642993,1.2606182098388672,0.4368774726311417,0.8282651901245117,0.3391253073948589,0.8628988265991211,0.3278489402014435,0.8214504718780518,0.2910642040942487,1.5284945964813232,0.327547423142976,0.8564629554748535,0.324809799322266,0.87851881980896,0.268391850656041,0.8228449821472168,0.2593122582343111,0.8196444511413574,0.2232546447130021,1.0768365859985352,0.261092281969451,0.8589987754821777,0.2584995700631319,1.2976477146148682,0.982,0.7090740203857422,19846,0.6762731075286865,0.0,0.6341133117675781,0.0304023600174181,0.0520079135894775,8.978012678769963,0.0049579143524169,0.03046149504474003,14.34487533569336,0.564,0.0017895698547363,0,0,0,['cluster'],['intersecting']
figure_ascending_markersize160_n500-d5-c3-spr0.2-out0_umap.png,n500-d5-c3-spr0.2-out0_umap,500,3,160,0.3930645979741046,0.8797569274902344,0.3743492222305579,1.349806547164917,0.3371115173291547,1.126228094100952,0.369808506047343,0.8779850006103516,0.3661427580021493,0.8627495765686035,0.2811630181950427,1.405928611755371,0.2685001814552948,0.9120371341705322,0.2295845552269892,1.1523480415344238,0.2691691823375889,0.8972599506378174,0.265556597558531,0.8838586807250977,0.2188566949251039,0.8794863224029541,0.2093152804581097,0.8900227546691895,0.174064102294741,1.1243255138397217,0.2115878677676943,1.4239938259124756,0.2083256922659355,0.9175231456756592,0.968,0.7742264270782471,34326,0.145942211151123,0.0,0.6605527400970459,0.0304023600174181,0.047666311264038,8.978012678769963,0.0047144889831542,-,15.0,0.564,0.0014972686767578,0,0,0,['cluster'],['intersecting']
figure_descending_markersize10_n500-d5-c3-spr0.2-out0_umap.png,n500-d5-c3-spr0.2-out0_umap,500,3,10,0.8095836891972757,0.8323414325714111,0.8411480617783879,0.7910406589508057,0.9432585739589038,1.0520999431610107,0.8119117494403116,0.8442339897155762,0.8329547464417499,0.8256471157073975,0.7492496682815195,0.8162059783935547,0.7796390526977774,1.3196406364440918,0.8540993423276939,1.068270206451416,0.7484985488457983,0.8248777389526367,0.7701227065121536,0.8283469676971436,0.6972847012142935,0.2757778167724609,0.7265127579839381,1.3368861675262451,0.7803396292674059,1.096984624862671,0.6942733281197435,0.8338184356689453,0.7161049632472947,0.8431994915008545,0.994,0.6959607601165771,261,0.695310115814209,0.0,0.1023261547088623,0.0304023600174181,0.0491976737976074,8.978012678769963,0.004634141921997,0.012753770055736562,10.838265419006348,0.564,0.0017144680023193,0,0,130,['cluster'],['intersecting']
figure_descending_markersize60_n500-d5-c3-spr0.2-out0_umap.png,n500-d5-c3-spr0.2-out0_umap,500,3,60,0.4961051099673902,1.4248173236846924,0.5556190967367352,0.895637035369873,0.7918356262513915,0.5705873966217041,0.5151781083405702,1.455199956893921,0.5418546014703942,0.8999454975128174,0.3966542050793901,0.9131529331207277,0.4340401180342188,0.8844857215881348,0.5417526190764125,1.1124026775360107,0.4062803102142729,0.308668851852417,0.4244800175980155,1.4095659255981443,0.3304175814221611,0.9016051292419434,0.3561158648793451,0.898395299911499,0.411720273193499,1.1624150276184082,0.3353866404764324,0.3140969276428222,0.3489021054917721,1.4403603076934814,0.988,0.8200235366821289,6733,0.1240615844726562,0.0,0.7275571823120117,0.0304023600174181,0.04998779296875,8.978012678769963,0.0047810077667236,0.023949773019798008,12.961354970932009,0.564,0.0016045570373535,0,0,3268,['cluster'],['intersecting']
figure_descending_markersize110_n500-d5-c3-spr0.2-out0_umap.png,n500-d5-c3-spr0.2-out0_umap,500,3,110,0.3513159185392877,0.9084205627441406,0.4081001135778791,1.531538486480713,0.6763547104305805,0.5990612506866455,0.3718113075161577,1.500772476196289,0.397242501063488,0.3562369346618652,0.2689323680778318,1.5550143718719482,0.2995401571975716,0.9790420532226562,0.4005726090390106,0.5822336673736572,0.2789385209770068,1.5284502506256104,0.2931464983515202,0.9897501468658448,0.2178472160316311,0.3615841865539551,0.2366011605722969,1.5380589962005615,0.2845485728826155,0.5640854835510254,0.2231892537917156,1.533444881439209,0.23227868457381,0.3646295070648193,0.982,0.8327093124389648,19846,0.7306592464447021,0.0,0.7344999313354492,0.0304023600174181,0.0466539859771728,8.978012678769963,0.0044000148773193,0.03046149504474003,14.027097702026367,0.564,0.0016558170318603,0,0,10779,['cluster'],['intersecting']
figure_descending_markersize160_n500-d5-c3-spr0.2-out0_umap.png,n500-d5-c3-spr0.2-out0_umap,500,3,160,0.2831534700990252,1.0094501972198486,0.3359513222196747,1.6223435401916504,0.6047392519693693,0.6238744258880615,0.3031943693932853,0.9957857131958008,0.3270657567320016,1.5609593391418457,0.2129599828513848,0.3663802146911621,0.2391758607172724,0.9846644401550292,0.3317744322894209,1.9092087745666504,0.2224032298760527,0.4013609886169433,0.2346532754111114,1.585815668106079,0.1706548107542823,0.388289213180542,0.1856863260458633,0.9881477355957032,0.2285930172663467,1.8381264209747317,0.1756092494860661,0.3724422454833984,0.1829583614354241,1.0291757583618164,0.968,0.8683736324310303,34326,0.7665162086486816,0.0,0.7810614109039307,0.0304023600174181,0.0533587932586669,8.978012678769963,0.0045835971832275,-,15.0,0.564,0.0015375614166259,0,0,20633,['cluster'],['intersecting']
figure_category_based_markersize10_abalone_tsne.png,abalone_tsne,4154,28,10,0.2421724032313865,0.5488107204437256,0.2459423494166431,1.124023199081421,0.2601771600287192,3.1128392219543457,0.2407214706378811,1.1523668766021729,0.2424872369950511,1.1355671882629397,0.2236169503490209,0.4525735378265381,0.225823206209773,1.113422155380249,0.2328695123405497,2.601957082748413,0.2219148586368816,1.0952095985412598,0.2230270907306059,1.078176975250244,0.207702602539213,1.107114553451538,0.2087468176637678,1.0969789028167725,0.2107496700754419,3.2280397415161133,0.2058338757960066,1.8370344638824463,0.20645834416576,0.4375944137573242,0.8750601829561868,1.2779924869537354,16265,0.9064164161682128,0.002166586422725,0.9110772609710692,0.0305420289931609,0.3902206420898437,2.1850914568887374,0.0328180789947509,-,15.0,0.8635050553683197,0.0453517436981201,4,0,9720,['three_order'],['intersecting']
figure_category_based_markersize60_abalone_tsne.png,abalone_tsne,4154,28,60,0.1115649623243452,1.3974575996398926,0.1113560501842183,1.4163093566894531,0.1096935233794388,2.7720866203308105,0.1070208327529989,1.402907371520996,0.1061911282537869,1.3739817142486572,0.0990118633444844,1.3716168403625488,0.0983613926288061,1.400400161743164,0.093579191062374,3.4903206825256348,0.0952797173243763,1.4665303230285645,0.0943820952180998,1.499478816986084,0.0889979644188685,0.7155234813690186,0.0880826202991686,1.4736313819885254,0.0815929269742282,3.5225772857666016,0.0858601163811451,1.4674272537231443,0.0849366735489405,1.4279773235321045,0.3623013962445835,1.0692832469940186,91429,0.2425346374511718,0.002166586422725,0.9170610904693604,0.0305420289931609,0.3537502288818359,2.1850914568887374,0.0315945148468017,-,15.0,0.8635050553683197,0.0493664741516113,556,0,152219,['three_order'],['intersecting']
figure_category_based_markersize110_abalone_tsne.png,abalone_tsne,4154,28,110,0.1028389259798224,1.7195825576782229,0.10195840597644,1.6639337539672852,0.0960483172392254,3.766206979751587,0.0969117524699326,1.717529296875,0.0952225391907992,1.7334446907043457,0.089497791144703,1.773249864578247,0.0883011516156537,0.9922418594360352,0.0799420776193698,3.9257986545562735,0.084896311833098,1.7533602714538574,0.0832970066478556,1.7629890441894531,0.0792206223195945,1.7540063858032229,0.0778704600947366,1.7583417892456057,0.0684617927882829,3.0378568172454834,0.0755316475465849,1.79610013961792,0.074026086999601,1.7501378059387207,0.1745305729417429,1.1453096866607666,116439,1.1335716247558594,0.002166586422725,0.1883413791656494,0.0305420289931609,0.405454158782959,2.1850914568887374,0.0349631309509277,-,15.0,0.8635050553683197,0.0463817119598388,1286,0,348277,['three_order'],['intersecting']
figure_category_based_markersize160_abalone_tsne.png,abalone_tsne,4154,28,160,0.1013235971424593,2.0146985054016118,0.1004325520328445,2.0831165313720703,0.0916807179917219,4.1422882080078125,0.0947484015345652,2.138758897781372,0.09259902594886,1.2341673374176023,0.0870149677876206,2.135180711746216,0.0858025327619762,2.0463316440582275,0.0749624048712213,4.259204864501953,0.0820899805956387,2.1798343658447266,0.0801294347891328,1.272671461105347,0.0762475116889883,2.087480306625366,0.0748928799220158,2.087714195251465,0.0634010011940503,4.130789279937744,0.0724152736699753,1.311811923980713,0.0706196371047445,2.079603910446167,0.1208473760231102,1.261152267456055,127673,0.4468209743499756,0.002166586422725,1.077007293701172,0.0305420289931609,0.3816969394683838,2.1850914568887374,0.0303573608398437,-,15.0,0.8635050553683197,0.0462684631347656,1765,0,550591,['three_order'],['intersecting']
figure_ascending_markersize10_abalone_tsne.png,abalone_tsne,4154,28,10,0.2888004261002684,1.3146002292633057,0.2626189059096276,1.3100645542144775,0.1990405513976725,2.512671947479248,0.2853277673019426,1.3533554077148438,0.272522901787787,1.2937538623809814,0.2648553507530145,0.4589977264404297,0.2411066559100936,1.3053991794586182,0.1827322207474608,3.3767735958099365,0.2603123979937506,1.3457303047180176,0.2489289174793519,0.4482722282409668,0.2445769413097106,1.3469762802124023,0.2228518938024585,1.2733070850372314,0.1688939437707802,2.5448219776153564,0.2393297822915242,1.3071653842926023,0.2290947734345747,1.3342628479003906,0.8750601829561868,1.4772288799285889,16265,0.1936521530151367,0.002166586422725,1.0533127784729004,0.0305420289931609,0.3880157470703125,2.1850914568887374,0.0323343276977539,-,15.0,0.8635050553683197,0.0445985794067382,3,0,0,['three_order'],['intersecting']
figure_ascending_markersize60_abalone_tsne.png,abalone_tsne,4154,28,60,0.1493941800195813,1.577253341674805,0.1260576192408726,0.6913051605224609,0.0600401187921765,3.730491161346436,0.1411892455860172,1.5628185272216797,0.129193922387264,0.6554145812988281,0.131857855300692,1.571481466293335,0.1125348079077555,1.5561766624450684,0.0553252407775564,3.6943790912628174,0.1223632848523887,0.6781651973724365,0.1124510104587869,1.569746494293213,0.1180059702248496,1.609851360321045,0.1016322267257979,0.6599388122558594,0.0512969530119976,3.7361786365509033,0.1079671130831416,1.612076759338379,0.0995498304845369,0.6672866344451904,0.3623013962445835,1.2720355987548828,91429,0.2618584632873535,0.002166586422725,1.1649353504180908,0.0305420289931609,0.3750996589660644,2.1850914568887374,0.0323288440704345,-,15.0,0.8635050553683197,0.045469045639038,545,0,0,['three_order'],['intersecting']
figure_ascending_markersize110_abalone_tsne.png,abalone_tsne,4154,28,110,0.1436961940496356,0.8945529460906982,0.1196702956687797,1.0100228786468506,0.0393930269219081,3.912698268890381,0.1328018424768996,1.8540403842926023,0.1198853784226464,0.9300665855407716,0.124238066074569,1.9103319644927976,0.1047315866090984,1.9027409553527832,0.0364648257145061,3.00766396522522,0.1111936695165244,1.8552911281585691,0.1010894680635794,1.8587639331817627,0.1094211727244369,1.864015817642212,0.0931086294015276,0.8951208591461182,0.0339418283582224,3.873301506042481,0.0956332019120904,0.9081437587738036,0.0873884951590083,1.8343701362609863,0.1745305729417429,1.3323795795440674,116439,0.3015973567962646,0.002166586422725,1.204932689666748,0.0305420289931609,0.3729333877563476,2.1850914568887374,0.03312349319458,-,15.0,0.8635050553683197,0.0470938682556152,1209,0,0,['three_order'],['intersecting']
figure_ascending_markersize160_abalone_tsne.png,abalone_tsne,4154,28,160,0.1453810383108578,1.2022974491119385,0.1210414311264261,1.1863021850585938,0.0285400887399294,4.212035655975342,0.1327471819640685,1.1431727409362793,0.1190997877482934,2.086604356765747,0.1236966175902207,2.07535457611084,0.1040984248768264,1.2132062911987305,0.0264457628140134,4.255522966384888,0.1083027083876428,1.1849441528320312,0.0980963878232981,2.1115410327911377,0.1076412970404482,2.209139823913574,0.0913162568526531,1.1825666427612305,0.0246377946417423,4.138585329055786,0.0914608303354375,2.147200584411621,0.0833903864905193,1.2043967247009275,0.1208473760231102,1.415274143218994,127673,0.3889691829681396,0.002166586422725,1.251375675201416,0.0305420289931609,0.3750910758972168,2.1850914568887374,0.0329141616821289,-,15.0,0.8635050553683197,0.0477547645568847,1639,0,0,['three_order'],['intersecting']
figure_descending_markersize10_abalone_tsne.png,abalone_tsne,4154,28,10,0.204902743997729,1.4624321460723877,0.2321687813243526,1.4508111476898191,0.3438512386565059,2.5440375804901123,0.2134180163504521,1.4596035480499268,0.2265228550173942,1.505317449569702,0.189884554009274,0.4678080081939697,0.2126448998384705,1.4839637279510498,0.2966515277115948,2.446521282196045,0.1972848090057996,1.5007569789886477,0.2083605629584165,0.4282662868499756,0.1769175196469896,1.435008525848389,0.1961499659906993,1.4885988235473633,0.2608457935134725,2.464475631713867,0.1834193341091444,1.4889929294586182,0.1928945428781588,0.4380638599395752,0.8750601829561868,1.5973308086395264,16265,1.2579450607299805,0.002166586422725,0.1587874889373779,0.0305420289931609,0.3680067062377929,2.1850914568887374,0.0328409671783447,-,15.0,0.8635050553683197,0.045285940170288,5,0,17170,['three_order'],['intersecting']
figure_descending_markersize60_abalone_tsne.png,abalone_tsne,4154,28,60,0.0809325472335925,0.6670114994049072,0.1010100364550079,1.7247447967529297,0.1699374806469846,3.660649538040161,0.084612585483667,0.6725528240203857,0.0940515229485596,1.67352032661438,0.0708363759060476,0.6480176448822021,0.0849615816008203,1.714531660079956,0.128258405586089,3.749429941177368,0.0742547780132045,0.7069969177246094,0.0822684125710474,1.7117819786071775,0.0629797763770799,0.6911654472351074,0.0733135405966054,1.760859489440918,0.1029971886849318,2.673593044281006,0.0661562888893999,1.7560985088348389,0.0731090499366888,1.7285196781158447,0.3623013962445835,0.3189258575439453,91429,1.378406047821045,0.002166586422725,0.1713721752166748,0.0305420289931609,0.3756518363952636,2.1850914568887374,0.0332176685333251,-,15.0,0.8635050553683197,0.0446305274963378,579,0,258670,['three_order'],['intersecting']
figure_descending_markersize110_abalone_tsne.png,abalone_tsne,4154,28,110,0.0700149895802512,1.2571330070495603,0.0905717880647809,1.120161771774292,0.1569299420987179,3.308908462524414,0.0728958414601743,1.2297370433807373,0.082661605031958,1.3045263290405271,0.0589502004889812,1.2199914455413818,0.0723687054897621,1.2052881717681885,0.1100076085643196,3.4912359714508057,0.0617626255944134,1.1958341598510742,0.0699594335188313,1.310821294784546,0.0509053889960777,1.2766060829162598,0.0602580634441446,1.2665133476257324,0.0846862640546964,3.3098292350769043,0.0535795438717233,1.2603297233581543,0.0606410449680419,1.229546308517456,0.1745305729417429,0.6482772827148438,116439,0.4936246871948242,0.002166586422725,0.5003433227539062,0.0305420289931609,0.3931748867034912,2.1850914568887374,0.0349102020263671,-,15.0,0.8635050553683197,0.045159101486206,1243,0,582581,['three_order'],['intersecting']
figure_descending_markersize160_abalone_tsne.png,abalone_tsne,4154,28,160,0.0665798471408433,1.6184704303741455,0.0878932846085454,1.7689392566680908,0.1555920130432601,3.518014430999756,0.0693000352899898,1.7459993362426758,0.0794565519650067,1.437105655670166,0.0548813456423632,1.659127712249756,0.0681657422196367,1.5212621688842771,0.1046322335325459,3.726391077041626,0.0575431272592049,1.5186736583709717,0.0660321414584199,1.689260959625244,0.0466794671485545,1.7788479328155518,0.0556705532620105,1.6202237606048584,0.0788177127065469,3.810160160064697,0.0491967817485832,1.7104268074035645,0.0564882849998057,1.518270492553711,0.1208473760231102,0.8590011596679688,127673,0.6309337615966797,0.002166586422725,0.656620979309082,0.0305420289931609,0.3915281295776367,2.1850914568887374,0.0335683822631835,-,15.0,0.8635050553683197,0.0461902618408203,1625,0,903795,['three_order'],['intersecting']
figure_category_based_markersize10_n100-d10-c3-spr0.2-out0_tsne.png,n100-d10-c3-spr0.2-out0_tsne,100,3,10,1.0,0.8027734756469727,1.0,0.6599016189575195,1.0,0.8632938861846924,1.0,0.848015546798706,1.0,0.6626589298248291,1.0,0.633716344833374,1.0,0.8153154850006104,1.0,0.8918695449829102,1.0,0.8768367767333984,1.0,0.672004222869873,1.0,0.6615164279937744,1.0,0.6771728992462158,1.0,0.9106729030609132,1.0,0.8903563022613525,1.0,0.6772642135620117,1.0,0.5615816116333008,0,0.3266305923461914,0.0,0.307535171508789,0.030159164392214,0.0094561576843261,27.469799725777484,0.0013537406921386,0.0023688968483956715,1.083468675613403,0.33,0.000528335571289,0,0,0,['cluster'],['intersecting']
figure_category_based_markersize60_n100-d10-c3-spr0.2-out0_tsne.png,n100-d10-c3-spr0.2-out0_tsne,100,3,60,1.0,0.7321572303771973,1.0,0.4923665523529053,1.0,1.1473755836486816,1.0,0.6854698657989502,1.0,0.6767504215240479,0.9594485585786614,0.7305102348327637,0.945591235653798,0.9722850322723388,0.9058264533993936,0.940953254699707,0.965569046964017,0.7444283962249756,0.9561028154297312,0.5242648124694824,0.9220577862715804,0.9591338634490968,0.896797587072526,0.743532657623291,0.8278636019063228,0.7499289512634277,0.9334301570637836,0.9820849895477296,0.9158974940844592,0.7610056400299072,1.0,0.3637795448303222,120,0.6400661468505859,0.0,0.3726534843444824,0.030159164392214,0.0105800628662109,27.469799725777484,0.0015230178833007,0.013914118498945364,0.9957363605499268,0.33,0.0005292892456054,0,0,0,['cluster'],['intersecting']
figure_category_based_markersize110_n100-d10-c3-spr0.2-out0_tsne.png,n100-d10-c3-spr0.2-out0_tsne,100,3,110,0.9481297761998084,0.793907880783081,0.958622085496628,0.7762212753295898,0.9898821105825788,1.0142600536346436,0.9578084416017504,0.7793130874633789,0.960838581778161,0.8153765201568604,0.8741127498281531,0.5515785217285156,0.8642261241255702,0.7837858200073242,0.8316996714630576,1.0045382976531982,0.8893149885156544,0.5484097003936768,0.8789583598968335,1.0786120891571045,0.8108153582078262,0.5555605888366699,0.7867540845233212,0.850818395614624,0.717106565456023,1.0288517475128174,0.8299637832222202,0.8125922679901123,0.8099375411677381,0.847754955291748,1.0,0.4232845306396484,530,0.6970710754394531,0.0,0.4158971309661865,0.030159164392214,0.0105049610137939,27.469799725777484,0.0015640258789062,0.018707865115285528,1.0665183067321775,0.33,0.0005064010620117,0,0,39,['cluster'],['intersecting']
figure_category_based_markersize160_n100-d10-c3-spr0.2-out0_tsne.png,n100-d10-c3-spr0.2-out0_tsne,100,3,160,0.8928375962115449,0.8176414966583252,0.9113362500604304,0.8916671276092529,0.9623307505759352,1.088541030883789,0.911533801298615,0.5787534713745117,0.915884193375914,0.8276991844177246,0.8051154145170265,0.8569917678833008,0.8002194630988515,0.8767647743225098,0.7753963372201381,0.8101658821105957,0.8262463228235524,0.8545773029327393,0.8166082510788658,0.8497490882873535,0.7330887188798283,0.9017221927642822,0.7132542799715693,0.8931083679199219,0.6492737817251115,0.8180985450744629,0.7555531435116947,0.833404541015625,0.7367493689531837,0.8823802471160889,1.0,0.7924823760986328,1137,0.444077730178833,0.0,0.4465425014495849,0.030159164392214,0.0104119777679443,27.469799725777484,0.0018074512481689,0.022222921727147786,1.2229728698730469,0.33,0.0005149841308593,0,0,96,['cluster'],['intersecting']
figure_ascending_markersize10_n100-d10-c3-spr0.2-out0_tsne.png,n100-d10-c3-spr0.2-out0_tsne,100,3,10,1.0,0.8945693969726562,1.0,0.584824800491333,1.0,1.123732089996338,1.0,0.5918819904327393,1.0,0.9372918605804444,1.0,0.5900802612304688,1.0,0.9150938987731934,1.0,1.1438007354736328,1.0,0.9391546249389648,1.0,0.5993225574493408,1.0,0.916196584701538,1.0,0.6139798164367676,1.0,1.1745970249176023,1.0,0.6095576286315918,1.0,0.9244163036346436,1.0,0.8081088066101074,0,0.4789693355560303,0.0,0.4730477333068847,0.030159164392214,0.0101301670074462,27.46979972577748,0.0016119480133056,0.0023688968483956715,0.9299197196960448,0.33,0.0004770755767822,0,0,0,['cluster'],['intersecting']
figure_ascending_markersize60_n100-d10-c3-spr0.2-out0_tsne.png,n100-d10-c3-spr0.2-out0_tsne,100,3,60,1.0,0.2781851291656494,1.0,0.9812018871307372,1.0,1.2022173404693604,1.0,0.6298437118530273,1.0,0.9631597995758056,0.9594485585786614,0.9693539142608644,0.945699836942195,0.6500406265258789,0.9055650734126044,0.844782829284668,0.965623979773234,0.9961545467376708,0.9561051710195828,0.6371650695800781,0.9220577862715804,0.9935462474822998,0.896992972285393,0.636685848236084,0.8274270597670759,1.196648120880127,0.9335328361165414,0.6225719451904297,0.9159018173827148,0.9928531646728516,1.0,0.4817187786102295,120,0.4899783134460449,0.0,0.5013492107391357,0.030159164392214,0.0094630718231201,27.46979972577748,0.0014402866363525,0.013914118498945364,1.4075281620025637,0.33,0.0004627704620361,0,0,0,['cluster'],['intersecting']
figure_ascending_markersize110_n100-d10-c3-spr0.2-out0_tsne.png,n100-d10-c3-spr0.2-out0_tsne,100,3,110,0.9565552374515252,0.6876099109649658,0.9632591302711292,0.6957626342773438,0.9669011167774136,1.3035888671875,0.958890621159496,0.6761248111724854,0.9620792336094108,0.6712944507598877,0.8818103370302521,1.0089523792266846,0.8683565991623241,0.6804320812225342,0.8147734772883408,1.2658889293670654,0.8910895138556658,0.6832847595214844,0.8803575273513947,0.686636209487915,0.8178999161825187,1.078791856765747,0.7904769686925619,0.6669559478759766,0.7040081684219958,1.3045880794525146,0.832243363573854,0.702965259552002,0.8114322021247459,1.0556161403656006,1.0,0.5268537998199463,530,0.544370174407959,0.0,0.5385258197784424,0.030159164392214,0.0103456974029541,27.46979972577748,0.0016658306121826,0.018707865115285528,1.0853965282440186,0.33,0.0004918575286865,0,0,0,['cluster'],['intersecting']
figure_ascending_markersize160_n100-d10-c3-spr0.2-out0_tsne.png,n100-d10-c3-spr0.2-out0_tsne,100,3,160,0.9124463300554598,0.739952802658081,0.9190324255629264,0.7026124000549316,0.9225844300483592,0.8923137187957764,0.914953864823914,1.1185002326965332,0.9178099262617616,0.7074429988861084,0.8222426695084035,1.1557977199554443,0.8066728507152661,0.7128207683563232,0.7475038503649889,0.9277732372283936,0.8306625984313701,0.7124342918395996,0.8188541324401335,1.162400484085083,0.7482693993315721,0.7204852104187012,0.718794121278314,1.1435649394989014,0.6282749360084681,0.984074592590332,0.7605921020342888,0.7282888889312744,0.7391599028853755,1.1685914993286133,1.0,0.5738382339477539,1137,0.1071217060089111,0.0,1.0055334568023682,0.030159164392214,0.0099687576293945,27.46979972577748,0.0016384124755859,0.022222921727147786,1.229095697402954,0.33,0.0004851818084716,0,0,0,['cluster'],['intersecting']
figure_descending_markersize10_n100-d10-c3-spr0.2-out0_tsne.png,n100-d10-c3-spr0.2-out0_tsne,100,3,10,1.0,0.2801785469055176,1.0,1.1680870056152344,1.0,0.90938138961792,1.0,0.7189290523529053,1.0,1.1728792190551758,1.0,0.7283613681793213,1.0,0.690507173538208,1.0,0.9408016204833984,1.0,1.195004940032959,1.0,0.7551121711730957,1.0,0.716461181640625,1.0,0.7195224761962891,1.0,0.9289417266845704,1.0,0.713223934173584,1.0,0.7670471668243408,1.0,1.080646514892578,0,0.0963778495788574,0.0,0.548724889755249,0.030159164392214,0.0101552009582519,27.469799725777484,0.0016794204711914,0.0023688968483956715,1.0471055507659912,0.33,0.0004248619079589,0,0,0,['cluster'],['intersecting']
figure_descending_markersize60_n100-d10-c3-spr0.2-out0_tsne.png,n100-d10-c3-spr0.2-out0_tsne,100,3,60,1.0,1.2163810729980469,1.0,0.783179521560669,1.0,0.9745056629180908,1.0,0.7490108013153076,1.0,0.7629530429840088,0.9572032391402552,0.7882201671600342,0.94543791697077,1.2636723518371582,0.9086938886262776,0.9815151691436768,0.9640757751152712,0.7755792140960693,0.9555842298672972,0.7565643787384033,0.9179192677498144,0.7683901786804199,0.8965218190426489,0.7843284606933594,0.8326663611206438,1.4947834014892578,0.9306431416086904,0.7828125953674316,0.9149461901995994,0.7780189514160156,1.0,0.6029505729675293,120,0.6309242248535156,0.0,0.6328754425048828,0.030159164392214,0.0103669166564941,27.469799725777484,0.0015583038330078,0.013914118498945364,1.1465842723846436,0.33,0.0004656314849853,0,0,0,['cluster'],['intersecting']
figure_descending_markersize110_n100-d10-c3-spr0.2-out0_tsne.png,n100-d10-c3-spr0.2-out0_tsne,100,3,110,0.9465035362556232,0.2782144546508789,0.958620072412538,1.282912254333496,0.9931579362133628,1.0157065391540527,0.9497279747895252,0.8037829399108887,0.9557753093451932,0.7995898723602295,0.8695717239157764,0.7936313152313232,0.8640306859971882,0.8137044906616211,0.8389858753315856,1.0301108360290527,0.8800868801554553,1.325305700302124,0.87395923579142,0.2889578342437744,0.8042058668812953,0.7985067367553711,0.7864315610107278,0.8179364204406738,0.7262474463023938,1.0443131923675537,0.8199612440678645,0.8141870498657227,0.8050458713427553,0.7777040004730225,1.0,0.6803848743438721,530,0.663076639175415,0.0,0.6640586853027344,0.030159164392214,0.0107083320617675,27.469799725777484,0.0016946792602539,0.018707865115285528,0.6772198677062988,0.33,0.0004403591156005,0,0,74,['cluster'],['intersecting']
figure_descending_markersize160_n100-d10-c3-spr0.2-out0_tsne.png,n100-d10-c3-spr0.2-out0_tsne,100,3,160,0.8888577973614479,1.3835415840148926,0.9112668868061332,0.8167924880981445,0.9697815775907742,1.036324977874756,0.8943970672056316,0.8625872135162354,0.9040187634684254,0.8664689064025879,0.7984429401533242,0.8299946784973145,0.7999056439722481,0.8077001571655273,0.7863026946875205,1.0708603858947754,0.8094717854219435,0.8604369163513184,0.8062203082349503,0.2887694835662842,0.724723834359926,1.3689701557159424,0.7127982350513267,0.8485803604125977,0.661205247070804,0.5314373970031738,0.7392756752812412,1.402043342590332,0.7275162300345369,0.8588838577270508,1.0,0.6876561641693115,1137,0.1110410690307617,0.0,0.6704535484313965,0.030159164392214,0.0100703239440917,27.469799725777484,0.0015468597412109,0.022222921727147786,1.384648323059082,0.33,0.0004997253417968,0,0,251,['cluster'],['intersecting']
figure_category_based_markersize10_n500-d10-c3-spr0.2-out0_tsne.png,n500-d10-c3-spr0.2-out0_tsne,500,3,10,0.9486689448688124,0.8534798622131348,0.9588728033064524,0.8514659404754639,0.9782597455337289,1.087010383605957,0.9499300825115956,0.851771354675293,0.9568415584887808,1.4195001125335691,0.8952611011411667,0.8431601524353027,0.908021932115554,0.2628991603851318,0.9281741317445952,1.6866600513458252,0.8945358299294557,0.2823967933654785,0.9054911702674544,1.471567153930664,0.8475462298565445,0.2742741107940674,0.8622928802227139,1.464923620223999,0.8829673627635641,0.5317790508270264,0.84524612114879,1.4874608516693115,0.859371655748473,0.2710766792297363,0.996,0.7190625667572021,119,0.7167201042175293,0.0,0.7338967323303223,0.0307033767681482,0.0511767864227294,11.179552286172278,0.0049788951873779,0.007789538457078453,13.093704223632812,0.154,0.0018210411071777,0,0,16,['cluster'],['intersecting']
figure_category_based_markersize60_n500-d10-c3-spr0.2-out0_tsne.png,n500-d10-c3-spr0.2-out0_tsne,500,3,60,0.8089296864062827,0.9364168643951416,0.8359770224700815,0.910999059677124,0.9156253423459444,0.531620979309082,0.8087907412335587,1.5552263259887695,0.8282459784832308,0.312680721282959,0.6376985945165514,0.9110701084136964,0.651386431887722,1.487419843673706,0.673758707413721,0.5452523231506348,0.6384276623953271,0.9337639808654784,0.6491088919299395,1.4896373748779297,0.5262945993215573,0.3108978271484375,0.5335698319665587,0.8958051204681396,0.5329717693464391,1.8090200424194336,0.5273475645071399,0.3218638896942138,0.5336816232057513,0.9046218395233154,0.996,0.8294010162353516,3974,0.754418134689331,0.0,0.7578272819519043,0.0307033767681482,0.0508613586425781,11.179552286172278,0.0050239562988281,0.015521800702190499,14.995756387710571,0.154,0.0016038417816162,0,0,395,['cluster'],['intersecting']
figure_category_based_markersize110_n500-d10-c3-spr0.2-out0_tsne.png,n500-d10-c3-spr0.2-out0_tsne,500,3,110,0.6591116577943219,0.988692045211792,0.6979627478331387,0.9411745071411132,0.8227365451040254,1.234600305557251,0.6587766348226958,0.3675296306610107,0.6867743968035387,0.9942853450775146,0.4583380879344449,0.9832017421722412,0.4660949880689191,1.6268303394317627,0.4806223814611259,0.5982639789581299,0.4592356270895953,0.9890179634094238,0.4653625998343458,0.9653515815734864,0.351321277832476,0.9833433628082277,0.3498669230206639,0.9868276119232178,0.3394646152109681,1.2115707397460938,0.3524728911594039,0.945192575454712,0.3519092461299165,1.687997579574585,0.996,0.2224798202514648,15155,0.8109786510467529,0.0,0.7957601547241211,0.0307033767681482,0.0470879077911376,11.179552286172278,0.0043652057647705,-,15.0,0.154,0.0017948150634765,0,0,1431,['cluster'],['intersecting']
figure_category_based_markersize160_n500-d10-c3-spr0.2-out0_tsne.png,n500-d10-c3-spr0.2-out0_tsne,500,3,160,0.5689163615013977,1.04420804977417,0.6083801247065848,1.0560526847839355,0.7413486366286042,1.2629005908966064,0.5672736125637092,0.3932640552520752,0.5958128015091708,1.0594878196716309,0.3651594021067041,1.0331599712371826,0.3683328939072003,1.021904468536377,0.3735209936295993,1.3079519271850586,0.3660707936430137,1.0569729804992676,0.3686333183416442,1.0166594982147217,0.2688654477854302,1.0614924430847168,0.2641197392735673,1.0745112895965576,0.2496530844244516,1.364659547805786,0.270225986192965,0.3851175308227539,0.2668754667816201,1.034701585769653,0.992,0.9528162479400636,30671,0.8764128684997559,0.0,0.8580489158630371,0.0307033767681482,0.0469958782196044,11.179552286172278,0.0041263103485107,-,15.0,0.154,0.0017485618591308,0,0,2892,['cluster'],['intersecting']
figure_ascending_markersize10_n500-d10-c3-spr0.2-out0_tsne.png,n500-d10-c3-spr0.2-out0_tsne,500,3,10,0.9568008540821168,0.9923412799835204,0.9647381643903504,0.2874352931976318,0.9745339376580504,1.1830298900604248,0.9589226071794066,0.9648377895355223,0.9626550270164476,0.9742295742034912,0.9028570125143148,0.9963784217834472,0.9134374141588204,0.98233962059021,0.924204319598194,1.2042927742004397,0.9028666061063466,0.9903900623321532,0.9108471730178996,0.2735838890075683,0.8546711789887333,0.9987404346466064,0.8673171091571802,0.9635303020477296,0.8788179360594961,1.2156925201416016,0.8530024109112708,0.9949071407318116,0.8643308950566129,0.9798405170440674,0.996,0.853825569152832,119,0.1042010784149169,0.0,0.8530368804931641,0.0307033767681482,0.047849416732788,11.179552286172278,0.0045149326324462,0.007789538457078453,10.986552715301514,0.154,0.0017194747924804,0,0,0,['cluster'],['intersecting']
figure_ascending_markersize60_n500-d10-c3-spr0.2-out0_tsne.png,n500-d10-c3-spr0.2-out0_tsne,500,3,60,0.865246785071757,0.2990097999572754,0.8649727147438802,1.076179265975952,0.8746106791069763,1.2910926342010498,0.8703421343876079,1.0660274028778076,0.8664419208179144,0.3144388198852539,0.6763267312488479,1.0361924171447754,0.6702462743386942,1.0212140083312988,0.6474826084412111,1.3151767253875732,0.6804967335951138,1.064955711364746,0.6742838897819532,1.065745830535889,0.5551204119499289,0.3136687278747558,0.5470842707052668,1.0671250820159912,0.514001349226882,1.2726731300354004,0.5586417118744509,1.0852806568145752,0.5518872616762558,1.1118907928466797,0.996,0.9613821506500244,3974,0.1140015125274658,0.0,0.8800115585327148,0.0307033767681482,0.0484147071838378,11.179552286172278,0.005049705505371,0.0155218007021905,12.494277715682983,0.154,0.0015466213226318,0,0,0,['cluster'],['intersecting']
figure_ascending_markersize110_n500-d10-c3-spr0.2-out0_tsne.png,n500-d10-c3-spr0.2-out0_tsne,500,3,110,0.7507571663417268,0.3417201042175293,0.7460721652619204,1.1101739406585691,0.7454250787458901,1.346879243850708,0.7574926570340266,1.1357803344726562,0.7490337338364157,1.132591962814331,0.5094577562927756,0.3467190265655517,0.4906133804363795,1.097083568572998,0.4478789243013044,1.3552429676055908,0.513906509247359,1.1219308376312256,0.4977185262856576,0.3478443622589111,0.3855415815867303,1.1272566318511963,0.365473465414783,1.1269192695617676,0.3201048809319945,1.3709707260131836,0.3888609021410539,1.1305475234985352,0.3726779233917505,1.1622488498687744,0.996,0.220879316329956,15155,0.916900873184204,0.0,0.9204545021057128,0.0307033767681482,0.0466284751892089,11.179552286172278,0.004094123840332,0.02117464240458204,13.85475492477417,0.154,0.0017182826995849,0,0,0,['cluster'],['intersecting']
figure_ascending_markersize160_n500-d10-c3-spr0.2-out0_tsne.png,n500-d10-c3-spr0.2-out0_tsne,500,3,160,0.6727093932957019,0.3874340057373047,0.6623647006541437,1.1768407821655271,0.6501230258243691,1.451387643814087,0.6801340968853848,1.1931328773498535,0.6668316530334453,1.1740553379058838,0.4167711452917668,0.388641357421875,0.3923927687062986,1.1884751319885254,0.3435387881241026,1.3923444747924805,0.4215713889924486,1.2220213413238523,0.4010429319195341,0.398184061050415,0.3019076900901123,1.1870172023773191,0.2787696092747597,1.192609786987305,0.2334491280022745,0.6463227272033691,0.3054501458464027,1.2210934162139893,0.2867491732354377,1.1562793254852295,0.992,1.068492412567139,30671,0.9696536064147948,0.0,0.1068050861358642,0.0307033767681482,0.0518522262573242,11.179552286172278,0.0053653717041015,-,15.0,0.154,0.0015859603881835,0,0,0,['cluster'],['intersecting']
figure_descending_markersize10_n500-d10-c3-spr0.2-out0_tsne.png,n500-d10-c3-spr0.2-out0_tsne,500,3,10,0.9402630586712571,1.0718419551849363,0.958570585180542,1.0771260261535645,0.985972401107096,1.3560540676116943,0.94572902764607,1.094050407409668,0.9555319945034324,0.2752704620361328,0.887536154854338,1.098259449005127,0.9076720389426988,1.1632769107818604,0.9356516697250314,0.5255386829376221,0.8906007214357896,1.114297866821289,0.904226210128968,1.1142582893371582,0.8404087565533708,1.1568808555603027,0.861906214307716,0.2972326278686523,0.8902179262567893,1.347489833831787,0.8415454688822268,1.1189720630645752,0.8581492393042153,1.1545977592468262,0.996,0.1096332073211669,119,0.9495522975921632,0.0,1.0083441734313965,0.0307033767681482,0.0447797775268554,11.179552286172278,0.0045881271362304,0.007789538457078453,10.097975254058838,0.154,0.0018203258514404,0,0,28,['cluster'],['intersecting']
figure_descending_markersize60_n500-d10-c3-spr0.2-out0_tsne.png,n500-d10-c3-spr0.2-out0_tsne,500,3,60,0.766133687671763,1.184321641921997,0.8227420809252307,1.1516625881195068,0.9686493496824364,1.40874981880188,0.7690564703821787,0.3206799030303955,0.8063386526008323,1.1624393463134766,0.6081615159132443,1.1611874103546145,0.6424803016439782,0.3248908519744873,0.7067587220810143,1.4051790237426758,0.6109187647357726,1.199342966079712,0.634428182712103,1.1706039905548096,0.5041987561618922,1.1915831565856934,0.5270125084256538,0.3185536861419678,0.5563422474394264,1.436232328414917,0.5067234469810251,1.1719913482666016,0.5229383336610461,0.3220882415771484,0.996,1.0565571784973145,3974,1.0404117107391355,0.0,0.1097478866577148,0.0307033767681482,0.0527918338775634,11.179552286172278,0.0047240257263183,0.015521800702190499,12.94312834739685,0.154,0.0016379356384277,0,0,725,['cluster'],['intersecting']
figure_descending_markersize110_n500-d10-c3-spr0.2-out0_tsne.png,n500-d10-c3-spr0.2-out0_tsne,500,3,110,0.592115213842195,0.3444933891296386,0.6704862165966969,1.2070722579956057,0.9468422170049507,1.452819585800171,0.5898831510344045,1.285320520401001,0.643856760767902,0.3486301898956299,0.4197016025510365,1.2009549140930176,0.4517400876009984,1.257557392120361,0.5291485756278222,0.5946993827819824,0.419508221779777,1.2477045059204102,0.4425337758653409,1.2411181926727295,0.325052105263755,0.3709697723388672,0.3406145803421865,1.2341454029083252,0.3671726231266086,1.4518651962280271,0.3254958259098216,1.2709317207336426,0.337121618115715,0.3557507991790771,0.996,1.144648790359497,15155,1.0680296421051023,0.0,0.1048040390014648,0.0307033767681482,0.0478930473327636,11.179552286172278,0.0047714710235595,0.02117464240458204,13.88500952720642,0.154,0.0017125606536865,0,0,2934,['cluster'],['intersecting']
figure_descending_markersize160_n500-d10-c3-spr0.2-out0_tsne.png,n500-d10-c3-spr0.2-out0_tsne,500,3,160,0.4950821647512946,1.2779521942138672,0.5753480778730293,0.3715617656707763,0.9104871120644568,1.491102933883667,0.4907791771619657,1.2768468856811523,0.5466701881088287,0.3921675682067871,0.3264841163658574,1.3026890754699707,0.3533106598309097,1.263355731964111,0.4227443380373662,0.5964617729187012,0.3260705052295283,1.3009746074676514,0.3454684698393254,1.3192622661590576,0.2435457015109452,1.2803130149841309,0.2549289021020694,0.3951852321624756,0.2752789618573814,1.548304796218872,0.2441366601599203,1.325021505355835,0.252526283955895,0.390726089477539,0.992,1.2010009288787842,30671,0.1383838653564453,0.0,1.062133550643921,0.0307033767681482,0.0518460273742675,11.179552286172278,0.0047380924224853,-,15.0,0.154,0.0016374588012695,0,0,6080,['cluster'],['intersecting']
figure_category_based_markersize10_wdbc_class_1_2_pca.png,wdbc_class_1_2_pca,569,2,10,0.7942138148630349,1.2477281093597412,0.7885370566738774,1.2411749362945557,0.7384380171409932,0.4454612731933594,0.6744497254399429,1.2169311046600342,0.7127131455879032,0.279390811920166,0.4287415619483373,1.2510952949523926,0.4139035669358163,1.2355167865753174,0.3672589910401258,1.4159469604492188,0.4843850216528228,0.274604320526123,0.4914898980345275,1.2212457656860352,0.2936246980683642,0.2798786163330078,0.2805936768474539,1.2056596279144287,0.2444068453820238,1.394646167755127,0.3778922986317917,1.2478978633880615,0.3750697733007995,0.2803661823272705,0.6660808435852372,1.0842878818511963,1611,0.1059465408325195,0.015817223198594,1.0877490043640137,0.0307988672824191,0.1048328876495361,5.223082483893635,0.004643440246582,-,15.0,0.1089630931458699,0.0013923645019531,2,0,179,['cluster'],['intersecting']
figure_category_based_markersize60_wdbc_class_1_2_pca.png,wdbc_class_1_2_pca,569,2,60,0.5364261595754398,0.3063664436340332,0.5199138177011162,1.2747554779052734,0.4095694447510373,0.4524037837982178,0.4220855245574524,1.2711164951324463,0.4572106712665185,0.3022475242614746,0.3062544546523404,1.2742233276367188,0.2942380554529353,1.2769317626953125,0.2257486495227699,0.4834442138671875,0.3009296001829965,1.243858814239502,0.3033216332755561,1.2940738201141355,0.2143012765493274,1.3179566860198977,0.2051778013500278,0.2937226295471191,0.1558160933714784,1.472109079360962,0.2338150529526828,0.319925308227539,0.2269382319426731,1.32421875,0.4007029876977153,1.1155076026916504,7560,0.1032495498657226,0.015817223198594,1.0979492664337158,0.0307988672824191,0.1103556156158447,5.223082483893635,0.0052907466888427,-,15.0,0.1089630931458699,0.0017268657684326,9,0,3347,['cluster'],['intersecting']
figure_category_based_markersize110_wdbc_class_1_2_pca.png,wdbc_class_1_2_pca,569,2,110,0.5209436368547501,1.344141721725464,0.4969514317423255,1.3754096031188965,0.3689247199533128,0.5208621025085449,0.4200359004164465,1.3724100589752195,0.4468375063848762,1.3407721519470217,0.2884826661959523,0.3245904445648193,0.2658931517135821,1.3571782112121582,0.186638456584179,1.4973347187042236,0.2816418276368188,0.3437938690185547,0.2720159951003963,1.3145344257354736,0.199472113388914,1.3596484661102295,0.1815030490638499,0.3500146865844726,0.1249168510990231,1.498509168624878,0.2118433543050937,0.3342742919921875,0.1955202860293871,1.3671743869781494,0.3286467486818981,1.1564064025878906,13176,0.1262228488922119,0.015817223198594,1.144585371017456,0.0307988672824191,0.1078379154205322,5.223082483893635,0.0051956176757812,-,15.0,0.1089630931458699,0.00146484375,18,0,7992,['cluster'],['intersecting']
figure_category_based_markersize160_wdbc_class_1_2_pca.png,wdbc_class_1_2_pca,569,2,160,0.5309402098822447,0.5947797298431396,0.5010648289425085,0.5078344345092773,0.3562677936338467,0.7205708026885986,0.4368818473479429,0.5612609386444092,0.4571131521296153,0.5670187473297119,0.2847127713419332,0.5968060493469238,0.2580502158561575,0.6411504745483398,0.1720484799422126,0.6931149959564209,0.2807478875024536,0.6157047748565674,0.2651771045784594,0.6548128128051758,0.1945081719230935,0.5522477626800537,0.1737716162591266,0.6290173530578613,0.1134075753450984,0.7904102802276611,0.2068303310692185,0.563138484954834,0.1867592506178051,0.5734617710113525,0.2653778558875219,0.3498327732086181,17347,0.2460570335388183,0.015817223198594,0.4037497043609619,0.0307988672824191,0.1102957725524902,5.223082483893635,0.0053045749664306,-,15.0,0.1089630931458699,0.0016829967498779,22,0,13038,['cluster'],['intersecting']
figure_ascending_markersize10_wdbc_class_1_2_pca.png,wdbc_class_1_2_pca,569,2,10,0.8087724289669078,0.6085937023162842,0.7975979320899307,0.502422571182251,0.7361820406851196,0.6952111721038818,0.854065310370906,0.5825731754302979,0.8714417189328819,0.5630128383636475,0.4470877735512667,0.5601904392242432,0.4252857717410447,0.5516712665557861,0.3604034400488672,0.6993277072906494,0.5809117949419467,0.5707724094390869,0.5697149157856229,0.6147916316986084,0.3089325267890666,0.6143093109130859,0.2899428377276497,0.5942249298095703,0.2386078518479056,0.7451913356781006,0.4401422342224979,0.4998624324798584,0.4231901352361809,0.5713992118835449,0.6660808435852372,0.3698341846466064,1611,0.380373477935791,0.015817223198594,0.2410130500793457,0.0307988672824191,0.1067595481872558,5.223082483893635,0.0049977302551269,0.05508930676871044,13.242281675338743,0.1089630931458699,0.001460313796997,0,0,0,['cluster'],['intersecting']
figure_ascending_markersize60_wdbc_class_1_2_pca.png,wdbc_class_1_2_pca,569,2,60,0.5544879097251324,0.6368381977081299,0.5305798899110576,0.7214643955230713,0.4006055477820418,0.6668856143951416,0.6514773170080412,0.6938693523406982,0.6814281141714288,0.7155518531799316,0.3256616714877961,0.6981227397918701,0.3081287114784992,0.6496071815490723,0.2179783535876018,0.6880407333374023,0.4014058472100592,0.6651570796966553,0.3857998421485392,0.6477072238922119,0.2305275092637714,0.6971333026885986,0.2171051164918181,0.8213069438934326,0.1497229689946189,0.6932368278503418,0.2900639523882108,0.6449341773986816,0.2690682570602726,0.5908503532409668,0.4007029876977153,0.4599196910858154,7560,0.488147497177124,0.015817223198594,0.2767224311828613,0.0307988672824191,0.1146059036254882,5.223082483893635,0.0050654411315917,-,15.0,0.1089630931458699,0.0012464523315429,1,0,0,['cluster'],['intersecting']
figure_ascending_markersize110_wdbc_class_1_2_pca.png,wdbc_class_1_2_pca,569,2,110,0.5400054120327101,0.6186449527740479,0.5076117455461925,0.813666820526123,0.3560990281729963,0.7881894111633301,0.6430667724290168,0.760073184967041,0.6649479955716711,0.6486587524414062,0.3080855572739042,0.6152288913726807,0.2761794020558542,0.8227658271789551,0.1770329181176106,0.8429083824157715,0.3570178008520518,0.6590161323547363,0.3301162866496597,0.7807204723358154,0.2155232837351252,0.6270425319671631,0.1896935655682462,0.6123414039611816,0.1177977517463152,0.9606411457061768,0.2471019206969288,0.657569408416748,0.2195585308709798,0.630272626876831,0.3286467486818981,0.4695608615875244,13176,0.302487850189209,0.015817223198594,0.462270975112915,0.0307988672824191,0.1012687683105468,5.223082483893635,0.0050370693206787,-,15.0,0.1089630931458699,0.0014183521270751,19,0,0,['cluster'],['intersecting']
figure_ascending_markersize160_wdbc_class_1_2_pca.png,wdbc_class_1_2_pca,569,2,160,0.5507535112750886,0.5310094356536865,0.5119441543842898,0.7115185260772705,0.3407381111426876,0.8600108623504639,0.656097085260934,0.714392900466919,0.6687704886038086,0.7597148418426514,0.3052815375239847,0.7226483821868896,0.2682588995078118,0.7470965385437012,0.1608725503812206,0.8184895515441895,0.3452040918777275,0.8404054641723633,0.3133539562855911,0.747626781463623,0.211164904767223,0.543830394744873,0.181747261000525,0.8825838565826416,0.1052920136946229,0.8502664566040039,0.2342189475394457,0.7055923938751221,0.2046129019115949,0.7476978302001953,0.2653778558875219,0.5660309791564941,17347,0.3513915538787842,0.015817223198594,0.5754964351654053,0.0307988672824191,0.1161139011383056,5.223082483893635,0.0053651332855224,-,15.0,0.1089630931458699,0.0014503002166748,43,0,0,['cluster'],['intersecting']
figure_descending_markersize10_wdbc_class_1_2_pca.png,wdbc_class_1_2_pca,569,2,10,0.6858447683635165,0.6555337905883789,0.7563983032652183,0.6825110912322998,0.8705536639833981,0.8469429016113281,0.6734847662369682,0.6447129249572754,0.7123882595761737,0.6670379638671875,0.3865330487608508,0.8474209308624268,0.3998156531028692,0.48903489112854,0.4173062100492468,1.06125807762146,0.4802998286801133,0.5065963268280029,0.4898864367960552,0.6786055564880371,0.2690959989915124,0.9079198837280272,0.2717206262106689,0.5004854202270508,0.2744275142574877,1.1225595474243164,0.3732386356950986,0.5225355625152588,0.3732945216613318,0.9274342060089112,0.6660808435852372,0.3547031879425049,1611,0.3545598983764648,0.015817223198594,0.5897071361541748,0.0307988672824191,0.1116840839385986,5.223082483893635,0.0050623416900634,0.05508930676871058,13.341465711593628,0.1089630931458699,0.0013561248779296,2,0,179,['cluster'],['intersecting']
figure_descending_markersize60_wdbc_class_1_2_pca.png,wdbc_class_1_2_pca,569,2,60,0.3490980834027494,0.7757749557495117,0.4515076384005549,0.7736659049987793,0.7050263392051728,0.903529405593872,0.4167612393567854,0.761723518371582,0.4556335492108289,0.5645244121551514,0.2315256997263093,1.0417180061340332,0.2647880992772957,0.5586516857147217,0.3067169312988289,0.9002902507781982,0.2927204678863597,0.7925400733947754,0.3009557580009278,0.8068943023681641,0.1731953996120764,0.8155534267425537,0.1873217775606243,0.8094677925109863,0.1959906726596799,1.1883981227874756,0.2255807902689079,0.5559749603271484,0.2246812914845545,0.8378872871398926,0.4007029876977153,0.4138071537017822,7560,0.6884303092956543,0.015817223198594,0.4053239822387695,0.0307988672824191,0.1152443885803222,5.223082483893635,0.0051491260528564,-,15.0,0.1089630931458699,0.0013175010681152,9,0,3365,['cluster'],['intersecting']
figure_descending_markersize110_wdbc_class_1_2_pca.png,wdbc_class_1_2_pca,569,2,110,0.3226007164222593,0.3309321403503418,0.4182691625275319,0.8533935546875,0.7076507782459913,1.0253775119781494,0.4102831183988934,0.8535001277923584,0.44416049285125,0.8395721912384033,0.2115742262655129,0.8844659328460693,0.2348326002576284,0.8787262439727783,0.2519795498554428,1.0445058345794678,0.2704030757771571,0.6001260280609131,0.2687183724420255,0.8694674968719482,0.1574024782905352,0.9171605110168456,0.1632413171355305,0.6247336864471436,0.1532795937324591,1.048539161682129,0.2016525732996879,0.8709120750427246,0.1926300538242845,0.8967196941375732,0.3286467486818981,0.4410521984100342,13176,0.4328665733337402,0.015817223198594,0.4222726821899414,0.0307988672824191,0.1048061847686767,5.223082483893635,0.0048661231994628,-,15.0,0.1089630931458699,0.001373291015625,18,0,8062,['cluster'],['intersecting']
figure_descending_markersize160_wdbc_class_1_2_pca.png,wdbc_class_1_2_pca,569,2,160,0.3229056669306535,0.6383187770843506,0.4109026795758967,0.968369960784912,0.7296239295978431,0.8121798038482666,0.4217263218816012,0.9264051914215088,0.4528938610530139,0.92797589302063,0.2067530867312546,0.9444308280944824,0.2243914854522094,0.6996541023254395,0.2345626758527471,1.138866901397705,0.2665482840316397,0.6636054515838623,0.2607193049054106,0.942373514175415,0.1520566890550897,0.6834616661071777,0.1543369960180951,0.9777674674987792,0.1397441102582035,1.1493566036224363,0.1948510624548241,0.6580169200897217,0.1830475179083949,0.9762938022613524,0.2653778558875219,0.4665474891662597,17347,0.4769682884216308,0.015817223198594,0.450491189956665,0.0307988672824191,0.1164782047271728,5.223082483893635,0.0052616596221923,-,15.0,0.1089630931458699,0.0012893676757812,22,0,13209,['cluster'],['intersecting']
figure_category_based_markersize10_interleaved_100_200_6d_0_notcramped_notrotated_tsne.png,interleaved_100_200_6d_0_notcramped_notrotated_tsne,837,6,10,0.9448005720979594,0.6103355884552002,0.9559118815909436,0.9492592811584472,0.9991599230671118,1.0825083255767822,0.9524672320251028,0.9069666862487792,0.9597473218882993,0.9325096607208252,0.8281559238698865,0.6162769794464111,0.845654198123089,0.9778387546539308,0.8755777246604742,1.070897340774536,0.8361986426241466,0.5944736003875732,0.8459599878445492,0.9279448986053468,0.7371479711578981,0.6344032287597656,0.7582010612528991,0.9754674434661864,0.7792013457753674,1.450171709060669,0.7452279511887512,0.6333348751068115,0.7562940127476001,0.604849100112915,0.995221027479092,0.8666810989379883,406,0.108130931854248,0.0,0.8490946292877197,0.0304262886402541,0.0886321067810058,6.024277807458729,0.0072278976440429,-,15.0,0.086021505376344,0.004810094833374,0,0,21,['cluster'],['intersecting']
figure_category_based_markersize60_interleaved_100_200_6d_0_notcramped_notrotated_tsne.png,interleaved_100_200_6d_0_notcramped_notrotated_tsne,837,6,60,0.634388005715409,0.7114162445068359,0.6888330720060251,0.7015964984893799,0.9745279825416776,1.4785828590393066,0.6594519966266796,0.6874134540557861,0.7019387994993361,0.667090892791748,0.3350586246247545,1.0703003406524658,0.348516837597426,0.6919806003570557,0.3701864851392554,1.1218605041503906,0.3416441447148631,0.6791465282440186,0.3514953670973175,1.0301430225372314,0.2276461546898409,0.715233325958252,0.2332702576698219,1.030463457107544,0.2284907607053894,1.136565923690796,0.2305404378425708,1.074821710586548,0.2344473600282046,0.721215009689331,0.982078853046595,0.6147093772888184,19807,0.4958419799804687,0.0,0.5114257335662842,0.0304262886402541,0.0808169841766357,6.024277807458729,0.0067613124847412,-,15.0,0.086021505376344,0.0043442249298095,0,0,919,['cluster'],['intersecting']
figure_category_based_markersize110_interleaved_100_200_6d_0_notcramped_notrotated_tsne.png,interleaved_100_200_6d_0_notcramped_notrotated_tsne,837,6,110,0.4584963696040662,0.7857160568237305,0.518998846898653,0.7544646263122559,0.928454439014647,1.617255687713623,0.4862072528163562,0.7683372497558594,0.5335148979010313,1.170889139175415,0.2191167945457525,0.7673811912536621,0.2279052951948773,0.7679436206817627,0.2451736478291981,1.2178666591644287,0.22429575501186,0.7729597091674805,0.2304418373962773,1.1455233097076416,0.1439571826295086,0.7586896419525146,0.1460112273764049,1.2043910026550293,0.1412344641918491,1.2750377655029297,0.1457712733067917,0.7721710205078125,0.1469590281754658,0.7650160789489746,0.8936678614097969,0.6151678562164307,50106,0.5505321025848389,0.0,0.5434157848358154,0.0304262886402541,0.0897691249847412,6.024277807458729,0.0075099468231201,-,15.0,0.086021505376344,0.0052800178527832,0,0,2807,['cluster'],['intersecting']
figure_category_based_markersize160_interleaved_100_200_6d_0_notcramped_notrotated_tsne.png,interleaved_100_200_6d_0_notcramped_notrotated_tsne,837,6,160,0.3790766423528355,0.8234765529632568,0.4362145765128035,1.2515511512756348,0.8860086078600461,1.3189702033996582,0.4056870429558354,0.8391861915588379,0.4501205175947101,0.8155961036682129,0.1799041020379975,1.2869272232055664,0.1877021059393379,0.8737096786499023,0.2049008285497566,1.2964258193969729,0.1851062182743056,0.8461184501647949,0.1899585756283061,0.8622264862060547,0.1179378112243029,0.8854260444641113,0.1195781516172119,1.2639734745025637,0.1158458295369725,1.2930216789245603,0.1199090648027966,0.901662826538086,0.1203806334119509,0.8685455322265625,0.7108721624850657,0.6406309604644775,72141,0.592057466506958,0.0,0.5456054210662842,0.0304262886402541,0.0809125900268554,6.024277807458729,0.0065376758575439,-,15.0,0.086021505376344,0.0051162242889404,2,0,4897,['cluster'],['intersecting']
figure_ascending_markersize10_interleaved_100_200_6d_0_notcramped_notrotated_tsne.png,interleaved_100_200_6d_0_notcramped_notrotated_tsne,837,6,10,0.9555364100741504,0.3038959503173828,0.9656161686883886,0.7070653438568115,0.9851172673895724,1.187629461288452,0.9588432390656216,1.174612283706665,0.9635942624714696,0.7518115043640137,0.8381576887752621,0.7389004230499268,0.8537400234832571,0.7733805179595947,0.8611892813487987,1.184413194656372,0.842475895826525,0.7682580947875977,0.8495698220463734,0.757011890411377,0.7464618268394072,0.7251043319702148,0.7650961031479846,0.7245762348175049,0.764957452298226,1.651313304901123,0.7512968436912972,0.7706916332244873,0.7596755734587215,0.7393558025360107,0.995221027479092,0.6069381237030029,406,0.5812928676605225,0.0,0.5791451930999756,0.0304262886402541,0.0888051986694336,6.024277807458727,0.0071971416473388,-,15.0,0.086021505376344,0.004746675491333,0,0,0,['cluster'],['intersecting']
figure_ascending_markersize60_interleaved_100_200_6d_0_notcramped_notrotated_tsne.png,interleaved_100_200_6d_0_notcramped_notrotated_tsne,837,6,60,0.7110589091090936,0.3380782604217529,0.7499962834946636,1.2452733516693115,0.802752586693136,1.30877685546875,0.7057973888231549,0.8059744834899902,0.7278822977383543,0.8231546878814697,0.3679778874557708,0.7938425540924072,0.3685648145696751,0.7973968982696533,0.3277614798247492,1.2889103889465332,0.3628560578003632,1.31449294090271,0.3622599158700043,0.803936243057251,0.2482155808682109,0.8279726505279541,0.2443127637297243,0.8549461364746094,0.2059187433860867,1.307244062423706,0.2442008226336663,0.8270487785339355,0.2411353008903405,0.8409633636474609,0.982078853046595,0.2270748615264892,19807,0.6351611614227295,0.0,0.6148364543914795,0.0304262886402541,0.0853474140167236,6.024277807458727,0.0074884891510009,-,15.0,0.086021505376344,0.0045320987701416,0,0,0,['cluster'],['intersecting']
figure_ascending_markersize110_interleaved_100_200_6d_0_notcramped_notrotated_tsne.png,interleaved_100_200_6d_0_notcramped_notrotated_tsne,837,6,110,0.553137645801844,0.9092888832092284,0.5943671583088421,0.4028422832489013,0.639049684213771,1.8289833068847656,0.5430848754525951,0.8746843338012695,0.5667264925837712,0.88258957862854,0.2561398320977289,0.9061038494110109,0.2493072301767829,0.9407682418823242,0.2023650793236451,1.3154783248901367,0.2475691437201789,0.3914206027984619,0.2429929235737568,1.4189364910125732,0.1666564806095194,0.932053804397583,0.1577344661280906,0.8646900653839111,0.1202168057182592,1.3479011058807373,0.1603278800792931,0.3991134166717529,0.1546509868765523,1.4407463073730469,0.8936678614097969,0.753199577331543,50106,0.1300086975097656,0.0,0.623992919921875,0.0304262886402541,0.0851221084594726,6.024277807458727,0.0071742534637451,-,15.0,0.086021505376344,0.0046999454498291,0,0,0,['cluster'],['intersecting']
figure_ascending_markersize160_interleaved_100_200_6d_0_notcramped_notrotated_tsne.png,interleaved_100_200_6d_0_notcramped_notrotated_tsne,837,6,160,0.4773633855882258,0.949260950088501,0.513622914841521,0.4233505725860595,0.5348723638025452,1.91577410697937,0.4643644122831667,0.9792284965515136,0.4848953777640336,0.4378340244293213,0.2200905262050859,1.4430367946624756,0.2107716502255771,0.4654157161712646,0.1598323448892105,1.944246768951416,0.2101872491792801,0.4526550769805908,0.204064596424232,1.474956512451172,0.1430138513370678,0.4361846446990967,0.1325910262425584,1.5116288661956787,0.0939539957328945,0.8659563064575195,0.1358355337782224,1.4579861164093018,0.129223715808787,0.4423623085021972,0.7108721624850657,0.7970089912414551,72141,0.718419075012207,0.0,0.6727852821350098,0.0304262886402541,0.086362600326538,6.024277807458727,0.0071659088134765,-,15.0,0.086021505376344,0.0046679973602294,1,0,0,['cluster'],['intersecting']
figure_descending_markersize10_interleaved_100_200_6d_0_notcramped_notrotated_tsne.png,interleaved_100_200_6d_0_notcramped_notrotated_tsne,837,6,10,0.9392068375611424,0.8554606437683105,0.9518707251421632,1.3839483261108398,1.0096961029732447,0.7318246364593506,0.9364820337368508,1.402177333831787,0.948981103585986,0.3070631027221679,0.8224414040964626,0.8182387351989746,0.8419933897802814,1.377610445022583,0.8864835871011089,0.7418825626373291,0.8227885013328397,0.8641622066497803,0.8370218483358118,1.3988940715789795,0.7314989336513509,0.2919814586639404,0.7548578502837877,0.8480794429779053,0.7900716865919555,1.3176414966583252,0.7337122228952346,1.4560785293579102,0.7486923376453116,0.2865362167358398,0.995221027479092,0.7048256397247314,406,0.6861779689788818,0.0,0.7111399173736572,0.0304262886402541,0.0835084915161132,6.024277807458729,0.0067336559295654,-,15.0,0.086021505376344,0.004995584487915,0,0,42,['cluster'],['intersecting']
figure_descending_markersize60_interleaved_100_200_6d_0_notcramped_notrotated_tsne.png,interleaved_100_200_6d_0_notcramped_notrotated_tsne,837,6,60,0.6039069038007929,0.3387725353240967,0.6663460181385863,0.8861005306243896,1.0815341903710785,1.3842313289642334,0.6018244225027936,1.5386991500854492,0.658944211575549,0.3333501815795898,0.3180994614160882,0.8925888538360596,0.3399757306372195,0.9202797412872314,0.4016190968938254,1.3953659534454346,0.3185204445291979,0.9127318859100342,0.3370625182956041,0.9182109832763672,0.2159147614828295,0.9061565399169922,0.2282036399390359,0.9308807849884032,0.2465951127742034,1.383284568786621,0.2165712708810879,0.9037086963653564,0.2264473177864124,0.902987003326416,0.982078853046595,0.8660111427307129,19807,0.7583558559417725,0.0,0.7556564807891846,0.0304262886402541,0.0935816764831543,6.024277807458729,0.0080959796905517,-,15.0,0.086021505376344,0.004317283630371,0,0,2123,['cluster'],['intersecting']
figure_descending_markersize110_interleaved_100_200_6d_0_notcramped_notrotated_tsne.png,interleaved_100_200_6d_0_notcramped_notrotated_tsne,837,6,110,0.4099633486156583,1.0113356113433838,0.4751464925423513,1.0111052989959717,1.1991238294470647,1.4521660804748535,0.4104142620337839,0.3906371593475342,0.4732052856644112,0.9946601390838624,0.1972788734168385,1.0273313522338867,0.2146439893093489,0.960188627243042,0.282327673558821,1.4373185634613037,0.1980412801014289,1.0116815567016602,0.2138254382651873,1.0477116107940674,0.129892219106492,0.9859869480133056,0.1386358701654211,1.0007078647613523,0.1599993588713543,1.4762158393859863,0.1305083985141331,0.4055840969085693,0.1381181831706787,1.0008981227874756,0.8936678614097969,0.8465304374694824,50106,0.7928807735443115,0.0,0.807974100112915,0.0304262886402541,0.0918295383453369,6.024277807458729,0.0072362422943115,-,15.0,0.086021505376344,0.0048422813415527,0,0,7142,['cluster'],['intersecting']
figure_descending_markersize160_interleaved_100_200_6d_0_notcramped_notrotated_tsne.png,interleaved_100_200_6d_0_notcramped_notrotated_tsne,837,6,160,0.3237928080478915,1.0773110389709473,0.3837957701162076,1.079599142074585,1.308454621531029,1.533797264099121,0.3247671109737587,0.4319252967834472,0.3846008905070504,1.0433425903320312,0.155620198715449,1.0904076099395752,0.171902229712062,1.0882961750030518,0.2464447302402442,1.4768147468566897,0.1572029254677077,1.0910272598266602,0.1721163256566462,1.0967466831207275,0.1024232585277296,1.0769946575164795,0.11075462908576,1.0811922550201416,0.1360331464532067,0.9195964336395264,0.1036991560475865,1.084397792816162,0.1108653569173189,1.0768756866455078,0.7108721624850657,0.8529970645904541,72141,0.8146336078643799,0.0,0.1200513839721679,0.0304262886402541,0.0936288833618164,6.024277807458729,0.0076804161071777,-,15.0,0.086021505376344,0.0045323371887207,1,0,13013,['cluster'],['intersecting']
figure_category_based_markersize10_iris_umap.png,iris_umap,147,3,10,0.9820340686518996,0.9082283973693848,0.9886662477022332,0.9043207168579102,1.001603210721154,1.174342393875122,0.9808875468198354,0.2768545150756836,0.9850483608870332,0.895566463470459,0.839417359851204,0.896697998046875,0.8417904708335553,0.957677125930786,0.8553126947175644,1.160810470581055,0.8127461005919958,0.9670512676239014,0.8279031132310227,0.9285502433776855,0.7329710357368779,0.9487097263336182,0.7329097542338785,0.2829964160919189,0.7463094546600837,1.184581279754639,0.6938141105408926,0.9284052848815918,0.7139985713120525,0.9522018432617188,1.0,0.0992157459259033,78,0.791743278503418,0.0,0.8059818744659424,0.0284461689824969,0.0142903327941894,7.0101558210487385,0.0018038749694824,0.02386382153981075,1.966026306152344,0.0680272108843537,0.000690221786499,0,0,2,"['lip_cluster','linear']","['separated','touching']"
figure_category_based_markersize60_iris_umap.png,iris_umap,147,3,60,0.7322838539764742,0.2591469287872314,0.8140044326990112,0.9467415809631348,1.0125261950588909,1.184572458267212,0.7386135812258722,0.984949827194214,0.7756617491968671,0.2733309268951416,0.3957973243133258,0.9552035331726074,0.4209366430967334,0.9436299800872804,0.4428028560611508,1.2203354835510254,0.3994991501169367,0.2721607685089111,0.4129779409578812,0.948723077774048,0.2711863974511738,0.9358937740325928,0.2838639536521921,0.9784612655639648,0.2833620622780736,1.197636365890503,0.2737940320631628,0.9886696338653564,0.2814006607841167,0.2639405727386474,0.9931972789115646,0.7906262874603271,2891,0.8265659809112549,0.0,0.0982663631439209,0.0284461689824969,0.0142505168914794,7.0101558210487385,0.0022675991058349,0.04840752951493196,2.13361930847168,0.0680272108843537,0.0007679462432861,0,0,120,"['lip_cluster','linear']","['separated','touching']"
figure_category_based_markersize110_iris_umap.png,iris_umap,147,3,110,0.638386764930756,0.9739727973937988,0.7358489135259862,0.9767253398895264,0.9912111203790158,0.4935526847839355,0.6510967448284577,0.991990327835083,0.6907924118648614,0.9708940982818604,0.2810852387642639,0.9596889019012452,0.2965750880489602,0.9794857501983644,0.3054792979052521,1.2288942337036133,0.2878116727629826,0.2757363319396972,0.2955052505044278,0.9864237308502196,0.1802181444222494,1.002227544784546,0.1857120529425312,1.040541648864746,0.1805633748123537,0.5261106491088867,0.1847363982069633,0.993882417678833,0.1879538016799966,1.007852554321289,0.979591836734694,0.0920166969299316,7941,0.8562235832214355,0.0,0.8681011199951172,0.0284461689824969,0.0149407386779785,7.0101558210487385,0.0018978118896484,0.06458101298659538,2.341343879699707,0.0680272108843537,0.000711441040039,0,0,244,"['lip_cluster','linear']","['separated','touching']"
figure_category_based_markersize160_iris_umap.png,iris_umap,147,3,160,0.5902743837690967,0.2657952308654785,0.6912993319955246,1.035356044769287,0.9648784000776958,1.2608428001403809,0.6058095215779151,0.2945601940155029,0.6449328382748347,1.0484726428985596,0.2402129651737263,1.0149927139282229,0.2524154124483331,0.2864434719085693,0.2543980717242643,1.284808874130249,0.2475660616186892,1.0477187633514404,0.2532882041669327,1.0272183418273926,0.1507882180331087,0.2818002700805664,0.1543949671637052,1.0188610553741455,0.146513818361768,1.254589557647705,0.1555701607903492,1.0483298301696775,0.157589649367374,0.2693417072296142,0.9387755102040816,0.8568744659423828,12409,0.8774185180664062,0.0,0.0943326950073242,0.0284461689824969,0.0138306617736816,7.0101558210487385,0.0018641948699951,0.07553222251822389,2.557125329971313,0.0680272108843537,0.0006651878356933,0,0,358,"['lip_cluster','linear']","['separated','touching']"
figure_ascending_markersize10_iris_umap.png,iris_umap,147,3,10,0.9883952762657374,1.0083811283111572,0.9886670377046038,1.034083127975464,0.9947355872194326,0.4769268035888672,0.9831921652364052,1.0549776554107666,0.9854958531675831,1.0435917377471924,0.846614685143388,1.0172135829925537,0.8420497344989932,0.2602581977844238,0.8360957923856179,1.2610628604888916,0.8151467436145152,1.0583856105804443,0.8285629069051774,0.2815837860107422,0.7404068514989687,1.0162084102630615,0.7333024746378561,1.0353631973266602,0.7210958825302969,0.4792861938476562,0.6961602895774888,1.0549733638763428,0.714745032032581,1.0158178806304932,1.0,0.9005203247070312,78,0.0989737510681152,0.0,0.8923170566558838,0.0284461689824969,0.0150797367095947,7.0101558210487385,0.0018656253814697,0.023863821539810745,1.0522286891937256,0.0680272108843537,0.0005824565887451,0,0,0,"['lip_cluster','linear']","['separated','touching']"
figure_ascending_markersize60_iris_umap.png,iris_umap,147,3,60,0.8217872840266989,1.0743529796600342,0.8164682814932156,1.0513384342193604,0.8791930237626134,1.2708673477172852,0.7692623421332937,0.2690479755401611,0.7868130514465295,1.0902771949768066,0.4399189880716861,1.081352710723877,0.4246800068730443,0.2781126499176025,0.3837420261723047,1.25701642036438,0.41662488537437,1.0819025039672852,0.420720909118933,1.0995962619781494,0.3003515593760584,0.2845931053161621,0.2869736180133089,1.0497291088104248,0.245433222779501,1.2804484367370603,0.2856706413804197,0.2775654792785644,0.2871256926405,1.0771493911743164,0.9931972789115646,0.9686837196350098,2891,0.0984113216400146,0.0,0.9086499214172364,0.0284461689824969,0.0133976936340332,7.0101558210487385,0.0016248226165771,0.04840752951493198,1.9715511798858645,0.0680272108843537,0.0006425380706787,0,0,0,"['lip_cluster','linear']","['separated','touching']"
figure_ascending_markersize110_iris_umap.png,iris_umap,147,3,110,0.752434891851122,0.2966177463531494,0.7393298834427726,1.1036477088928225,0.7954578183824496,1.3349018096923828,0.6886376944996153,0.2679383754730224,0.7047757445956581,1.1061739921569824,0.330045194099835,1.123070478439331,0.3010292378436805,1.115914821624756,0.2488774882529604,0.4892971515655517,0.309636820248249,1.097764492034912,0.3050266943362817,1.1476218700408936,0.2113826371412016,0.2924435138702392,0.1889895904014228,1.114123821258545,0.1475155859538826,1.316629409790039,0.1997188863993587,0.2835111618041992,0.1946315887373257,1.1301534175872805,0.979591836734694,0.9646015167236328,7941,0.0968830585479736,0.0,0.9501440525054932,0.0284461689824969,0.0140628814697265,7.0101558210487385,0.0019288063049316,0.06458101298659538,1.2156744003295898,0.0680272108843537,0.0005490779876708,0,0,0,"['lip_cluster','linear']","['separated','touching']"
figure_ascending_markersize160_iris_umap.png,iris_umap,147,3,160,0.7161105652359194,1.1012248992919922,0.6950819593903068,1.138669729232788,0.7329190053290855,0.531456470489502,0.6469691744906041,1.106698513031006,0.660332218226323,1.1263344287872314,0.2904040343908448,0.2878613471984863,0.2568598200246609,1.1551687717437744,0.197859043300248,0.4877254962921142,0.2710591720426309,1.1168115139007568,0.2631424328541355,1.140207290649414,0.1821319701099215,0.2998397350311279,0.1575381463698664,1.1512069702148438,0.1143667654938684,1.324941873550415,0.1714444215194557,1.137017011642456,0.164309986747106,0.2982416152954101,0.9387755102040816,0.995030641555786,12409,0.1101753711700439,0.0,0.9818840026855468,0.0284461689824969,0.0126481056213378,7.0101558210487385,0.0016746520996093,0.07553222251822389,2.3543710708618164,0.0680272108843537,0.0006122589111328,0,0,0,"['lip_cluster','linear']","['separated','touching']"
figure_descending_markersize10_iris_umap.png,iris_umap,147,3,10,0.9820241610311762,0.5050220489501953,0.9871573264296236,0.4296426773071289,1.001601737868656,0.6763439178466797,0.980878176721116,0.3963041305541992,0.9850449759308392,0.4412195682525635,0.8373682359003648,0.4989488124847412,0.8402231841144354,0.4775364398956299,0.8587953332669391,0.7263822555541992,0.8110229021650437,0.4405429363250732,0.8270835220578443,0.5204310417175293,0.7298574364045198,0.4846136569976806,0.7313629410796904,0.5239822864532471,0.7516294810843032,0.6880128383636475,0.6913109762054642,0.4525051116943359,0.712782051644352,0.4983808994293213,1.0,0.2537503242492676,78,0.1726963520050048,0.0,0.3120083808898926,0.0284461689824969,0.0140919685363769,7.0101558210487385,0.0017709732055664,0.023863821539810745,1.0826523303985596,0.0680272108843537,0.0007514953613281,0,0,2,"['lip_cluster','linear']","['separated','touching']"
figure_descending_markersize60_iris_umap.png,iris_umap,147,3,60,0.6850957101225742,0.6216104030609131,0.7691827217384285,0.4533874988555908,1.1247690909710966,0.8076248168945312,0.6600763320578831,0.4807770252227783,0.7173887702819584,0.5583086013793945,0.3707372902725478,0.5252444744110107,0.4060879204400116,0.528752326965332,0.4929053289541507,0.7600972652435303,0.3676582860098421,0.5351126194000244,0.3916253600345869,0.5864715576171875,0.2541292486881337,0.4358594417572021,0.2758650644864735,0.6083509922027588,0.3156064614410039,0.7125298976898193,0.2547863152354243,0.6603381633758545,0.2693256465263584,0.478276252746582,0.9931972789115646,0.3222553730010986,2891,0.3128228187561035,0.0,0.3332550525665283,0.0284461689824969,0.0144226551055908,7.0101558210487385,0.0018858909606933,0.048407529514931984,1.3671789169311523,0.0680272108843537,0.0006210803985595,0,0,212,"['lip_cluster','linear']","['separated','touching']"
figure_descending_markersize110_iris_umap.png,iris_umap,147,3,110,0.5628230267598466,0.4730114936828613,0.6671138614616979,0.6298644542694092,1.2339487259293036,0.7560081481933594,0.5314801988660008,0.7101650238037109,0.5993853471529957,0.5259287357330322,0.2498381167013997,0.7188982963562012,0.2829942480570355,0.513787031173706,0.3664247568180256,0.9027993679046632,0.2507168633375324,0.6545131206512451,0.2707789113451341,0.7611348628997803,0.1605542027315939,0.5455715656280518,0.179588445484746,0.6600024700164795,0.2151583329593658,0.7782626152038574,0.1640530736696241,0.7093753814697266,0.1748947725167076,0.5677955150604248,0.979591836734694,0.3775508403778076,7941,0.2465014457702636,0.0,0.3786101341247558,0.0284461689824969,0.0137293338775634,7.0101558210487385,0.0017685890197753,0.06458101298659538,1.4783837795257568,0.0680272108843537,0.0005984306335449,0,0,547,"['lip_cluster','linear']","['separated','touching']"
figure_descending_markersize160_iris_umap.png,iris_umap,147,3,160,0.4976182056606016,0.5676760673522949,0.6100938759312154,0.7094006538391113,1.3206434336674688,0.8249855041503906,0.4658854986237785,0.662308931350708,0.5370093145334942,0.6858813762664795,0.2054156472316625,0.6849441528320312,0.2380974209738336,0.7196753025054932,0.320107156832486,0.8044025897979736,0.2072980119781033,0.6094775199890137,0.2264008250598465,0.7166721820831299,0.1294199525228536,0.711606502532959,0.1479108121141171,0.6379871368408203,0.1821261028726088,1.0265100002288818,0.1333067479917367,0.7738745212554932,0.1434365244576464,0.5906405448913574,0.9387755102040816,0.4555082321166992,12409,0.2655813694000244,0.0,0.4230246543884277,0.0284461689824969,0.0144298076629638,7.0101558210487385,0.0018923282623291,0.07553222251822389,1.853016376495361,0.0680272108843537,0.0005931854248046,0,0,886,"['lip_cluster','linear']","['separated','touching']"
figure_category_based_markersize10_cars03Cropped_d1_umap.png,cars03Cropped_d1_umap,7404,2,10,0.5440549720411133,0.6756761074066162,0.4159618975172037,0.986663818359375,1.2262486761696771,0.9275612831115724,0.5486784066441159,0.8745298385620117,0.5599107760547002,1.3985004425048828,0.1758029736740712,0.859992504119873,0.1641219308728881,0.8190741539001465,0.2184554321925258,0.9951512813568116,0.1760643183415386,0.8929574489593506,0.1780069837942345,1.152177333831787,0.1048402402145416,1.0255498886108398,0.1022286301578242,0.8314130306243896,0.1199085308616558,0.8627963066101074,0.1048556133740212,1.0718235969543457,0.1058255327454579,1.1031928062438965,0.2344678552133981,0.4331388473510742,19447,0.6077146530151367,0.2982171799027552,0.3913564682006836,0.0300305308622964,0.6963746547698975,0.6306884786628755,0.0589971542358398,-,15.0,0.4100486223662885,0.016352891921997,12,0,2197,['three_order'],"['intersecting','separated']"
figure_category_based_markersize60_cars03Cropped_d1_umap.png,cars03Cropped_d1_umap,7404,2,60,0.3135677418331424,1.1960961818695068,0.2060171618477682,1.0670208930969238,1.876168259465313,1.656970500946045,0.3194060470538225,1.0464065074920654,0.3254776484843347,1.734649419784546,0.1281434143529306,1.0915319919586182,0.1068178648647981,1.432870626449585,0.1921263927468959,1.2013771533966064,0.1290695458996216,1.305488109588623,0.1300637398930137,1.7429234981536863,0.080525610606857,1.24406099319458,0.0721006771338245,1.0558764934539795,0.1012472374105848,1.4363763332366943,0.0808753234270069,1.2467966079711914,0.0812699680738132,1.7591757774353027,0.1142625607779578,0.5770015716552734,46892,0.8722889423370361,0.2982171799027552,0.4579713344573974,0.0300305308622964,0.662428617477417,0.6306884786628755,0.0548288822174072,-,15.0,0.4100486223662885,0.0165662765502929,36,0,23224,['three_order'],"['intersecting','separated']"
figure_category_based_markersize110_cars03Cropped_d1_umap.png,cars03Cropped_d1_umap,7404,2,110,0.2536503752161387,1.388577938079834,0.159537247839559,1.6438806056976318,2.9043774795751016,1.9278388023376465,0.2588829061957201,1.705449104309082,0.2627774603991014,1.7688064575195312,0.1152918898699861,1.8920793533325195,0.0916901422571235,1.3964645862579346,0.1936849933072875,1.8537557125091555,0.1163425341356182,1.6323184967041016,0.1170784136884587,1.9712903499603271,0.0745999237949692,1.7955589294433594,0.0643315722017691,1.6155083179473877,0.1001829605179086,1.9053332805633545,0.0750307592575824,1.4302592277526855,0.0753178400253549,1.9558250904083248,0.0961642355483522,1.034635066986084,60359,0.7548480033874512,0.2982171799027552,0.4986488819122314,0.0300305308622964,0.668567419052124,0.6306884786628755,0.059152603149414,-,15.0,0.4100486223662885,0.0158417224884033,39,0,54908,['three_order'],"['intersecting','separated']"
figure_category_based_markersize160_cars03Cropped_d1_umap.png,cars03Cropped_d1_umap,7404,2,160,0.2280716251979081,1.549535036087036,0.1399911666924296,1.6053001880645752,4.566546890269975,1.991431713104248,0.2326198179427832,2.210761070251465,0.2356015446530505,2.4472551345825195,0.1092331248561008,2.163907527923584,0.0845840540452933,1.8553907871246336,0.1968200633897521,2.195436716079712,0.110256781993386,2.1544432640075684,0.1108833594067333,2.308828353881836,0.0718139208897951,1.8765900135040283,0.060599409827958,1.9912223815917969,0.1005774976084562,2.362344026565552,0.0722511306477029,2.194817066192627,0.0725030815266235,2.497632503509521,0.0880605078336034,0.885918140411377,69532,0.8605294227600098,0.2982171799027552,0.5514132976531982,0.0300305308622964,0.7022392749786377,0.6306884786628755,0.0612797737121582,-,15.0,0.4100486223662885,0.01572847366333,40,0,91463,['three_order'],"['intersecting','separated']"
figure_ascending_markersize10_cars03Cropped_d1_umap.png,cars03Cropped_d1_umap,7404,2,10,0.6099102328542876,1.0891897678375244,0.6430507797711926,1.0377297401428225,0.5886077360801165,1.2397873401641846,0.6100327171418954,0.7899963855743408,0.599920150501071,1.3464858531951904,0.1856658031676979,1.0357084274291992,0.2065014253021174,1.0694921016693115,0.1791120805170706,0.9682772159576416,0.1854951396739068,1.1481051445007324,0.1850675986967727,1.0525765419006348,0.1094995529632522,1.0755362510681152,0.1230000797080635,0.8008999824523926,0.1056270894382899,1.3176515102386477,0.1093769120005118,0.7993879318237305,0.1094095075782098,1.327690601348877,0.2344678552133981,0.5728437900543213,19447,0.5462155342102051,0.2982171799027552,0.5111217498779297,0.0300305308622964,0.6982905864715576,0.6306884786628755,0.0572054386138916,-,15.0,0.4100486223662885,0.0137255191802978,6,0,0,['three_order'],"['intersecting','separated']"
figure_ascending_markersize60_cars03Cropped_d1_umap.png,cars03Cropped_d1_umap,7404,2,60,0.3854107024348814,1.1453068256378174,0.4504655760476318,1.4156415462493896,0.2711229859175957,1.2876191139221191,0.3856078493486197,1.4735941886901855,0.3677812465312764,1.7239172458648682,0.1442475263683171,1.1007957458496094,0.1753507382235647,1.4693999290466309,0.1128753841895988,1.299238681793213,0.1443702447595373,1.4715569019317627,0.1411355488595,1.4751112461090088,0.0887278298212358,1.4542241096496582,0.1088638416833344,1.1285011768341064,0.071274353853367,1.3565785884857178,0.088810246994616,1.5071642398834229,0.0873227712768219,1.4568665027618408,0.1142625607779578,1.097470998764038,46892,0.7109429836273193,0.2982171799027552,0.1790497303009033,0.0300305308622964,0.7019088268280029,0.6306884786628755,0.0554111003875732,-,15.0,0.4100486223662885,0.0162091255187988,19,0,0,['three_order'],"['intersecting','separated']"
figure_ascending_markersize110_cars03Cropped_d1_umap.png,cars03Cropped_d1_umap,7404,2,110,0.3229568497355112,1.8112788200378416,0.4015477090838402,1.605875015258789,0.1787893258383689,2.056556940078736,0.3229400994228787,1.5119900703430176,0.3032999871245887,2.16226577758789,0.1334642956471301,1.5076110363006592,0.170005924813045,1.6537456512451172,0.0891204645211256,2.091969966888428,0.1337114346341446,1.5607192516326904,0.1294268660821778,2.202894926071167,0.0841121253195529,1.5216162204742432,0.1078291305667221,2.008824586868286,0.0593529589801561,1.7254366874694824,0.0843096787856531,1.5519254207611084,0.0822660919998062,2.218580484390259,0.0961642355483522,0.8207895755767822,60359,0.8440759181976318,0.2982171799027552,0.6174440383911133,0.0300305308622964,0.6723842620849609,0.6306884786628755,0.0561451911926269,-,15.0,0.4100486223662885,0.0150160789489746,21,0,0,['three_order'],"['intersecting','separated']"
figure_ascending_markersize160_cars03Cropped_d1_umap.png,cars03Cropped_d1_umap,7404,2,160,0.2950915417007547,2.3004910945892334,0.3829230052341499,2.0733847618103027,0.138723588225031,2.485670566558838,0.294887477164327,1.872898817062378,0.2747780620818312,2.222235679626465,0.1277931000235743,1.8716630935668943,0.1681601650794471,2.3621695041656494,0.076156044175987,2.052877187728882,0.1280917547491766,1.960088968276977,0.1232913101838257,2.5007779598236084,0.08155596846883,1.9441511631011963,0.1077361899561112,2.400462865829468,0.0524843771991526,2.1713943481445312,0.0818150940687053,1.9094359874725344,0.0794758238840798,2.21875548362732,0.0880605078336034,1.4452762603759766,69532,0.490818977355957,0.2982171799027552,0.65195631980896,0.0300305308622964,0.6547544002532959,0.6306884786628755,0.0582931041717529,-,15.0,0.4100486223662885,0.0148169994354248,103,0,0,['three_order'],"['intersecting','separated']"
figure_descending_markersize10_cars03Cropped_d1_umap.png,cars03Cropped_d1_umap,7404,2,10,0.5179123485578401,0.905879020690918,0.371093005526522,1.2466416358947754,1.282669739162811,1.0516672134399414,0.5330908332271975,0.9037346839904784,0.5548958883166666,1.6280395984649658,0.1724756278715379,0.9021058082580566,0.1537308867738797,0.881150484085083,0.2254971759470014,1.09088134765625,0.1736889642336997,1.3913230895996094,0.177308299567079,1.1429259777069092,0.1034659799635174,0.9068360328674316,0.0969461467177434,0.8990371227264404,0.1236144861385996,1.5123240947723389,0.1037453801418485,0.9135513305664062,0.1055114099219596,1.1915855407714844,0.2344678552133981,0.7131783962249756,19447,0.6632556915283203,0.2982171799027552,0.639040470123291,0.0300305308622964,0.6810193061828613,0.6306884786628755,0.0594115257263183,-,15.0,0.4100486223662885,0.0147974491119384,6,0,4958,['three_order'],"['intersecting','separated']"
figure_descending_markersize60_cars03Cropped_d1_umap.png,cars03Cropped_d1_umap,7404,2,60,0.2867268876861958,1.2674131393432615,0.1636373024606697,1.271116018295288,2.0862972028913456,1.4576647281646729,0.3011112403978514,1.2530200481414795,0.31921644498361,1.5033667087554932,0.1234063255650733,1.713709592819214,0.0910419214308387,1.2339344024658203,0.2055248883897881,1.4050238132476809,0.1256214992296496,1.3304519653320312,0.1296723384271891,1.4884002208709717,0.078622624492622,1.701529026031494,0.0630643237576321,1.3003480434417725,0.1080863337262524,1.4578843116760254,0.079366276857815,1.2904911041259766,0.0813615418100708,1.5789422988891602,0.1142625607779578,0.7848622798919678,46892,0.7879793643951416,0.2982171799027552,0.6867053508758545,0.0300305308622964,0.6731019020080566,0.6306884786628755,0.0604970455169677,-,15.0,0.4100486223662885,0.0149843692779541,25,0,68061,['three_order'],"['intersecting','separated']"
figure_descending_markersize110_cars03Cropped_d1_umap.png,cars03Cropped_d1_umap,7404,2,110,0.2277227501049966,2.0813605785369877,0.1190947730443752,1.6610887050628662,3.4249619497163764,1.7998318672180176,0.240343578691438,1.67588210105896,0.2562992491608535,1.914067268371582,0.1095216482978883,1.6592509746551514,0.0740525524350266,1.687142848968506,0.2114995901330825,1.8009629249572754,0.1119555567995209,1.7065722942352295,0.1163487242995086,1.85346794128418,0.0720984424998959,2.118405342102051,0.053731165225386,1.6992595195770264,0.1091189738461934,1.8322443962097168,0.0729739440097336,1.7151570320129397,0.075255792264796,1.877063512802124,0.0961642355483522,0.9603424072265624,60359,0.9812896251678468,0.2982171799027552,0.1892452239990234,0.0300305308622964,0.6982612609863281,0.6306884786628755,0.0625388622283935,-,15.0,0.4100486223662885,0.0159108638763427,27,0,171493,['three_order'],"['intersecting','separated']"
figure_descending_markersize160_cars03Cropped_d1_umap.png,cars03Cropped_d1_umap,7404,2,160,0.202326205650061,2.4620985984802246,0.1005722086320417,2.118731737136841,5.847164243145226,2.1757943630218506,0.2138335170443184,2.062002658843994,0.2289674999815284,2.303757429122925,0.1028018167038802,2.052461862564087,0.0660054258668654,2.10164213180542,0.2175760257062574,1.6894922256469729,0.1053114780329953,2.460936546325684,0.109891589882475,2.345677375793457,0.068906611018773,1.9715802669525144,0.0491221030473515,2.1730499267578125,0.1108504136553005,2.179802417755127,0.0698580288439144,2.1109964847564697,0.0722944376351196,2.261186122894287,0.0880605078336034,1.0992534160614014,69532,0.5101685523986816,0.2982171799027552,0.7898693084716797,0.0300305308622964,0.6829719543457031,0.6306884786628755,0.0610415935516357,-,15.0,0.4100486223662885,0.0152366161346435,28,0,289593,['three_order'],"['intersecting','separated']"
figure_category_based_markersize10_n500-d10-c5-spr0.1-out0_tsne.png,n500-d10-c5-spr0.1-out0_tsne,500,5,10,1.0,1.3005762100219729,1.0,0.8453567028045654,1.0,1.20479154586792,1.0,0.793910026550293,1.0,0.8038146495819092,0.8361112518178873,0.2987987995147705,0.8486325283310209,1.3369688987731934,0.8505366869151192,1.2166531085968018,0.8337319822291285,0.8112320899963379,0.8361095010183136,0.2954308986663818,0.718377296046393,1.3687222003936768,0.7370648808593445,0.2915112972259521,0.7399424385563773,1.6960034370422363,0.7148716843171858,0.851189136505127,0.7183747111518174,0.849165678024292,1.0,0.1192512512207031,283,0.6708507537841797,0.0,0.6788606643676758,0.0301578633770772,0.0446972846984863,7.734256869349298,0.0047192573547363,0.011951620728236767,13.0487642288208,0.022,0.002528429031372,0,0,0,['cluster'],"['separated','touching']"
figure_category_based_markersize60_n500-d10-c5-spr0.1-out0_tsne.png,n500-d10-c5-spr0.1-out0_tsne,500,5,60,0.9401380027202556,0.8583345413208008,0.9368513460881168,0.8818492889404297,1.0177005482299777,1.200214385986328,0.9506823066903832,0.8563520908355713,0.960571285914883,0.8425769805908203,0.5089693035823084,0.9002666473388672,0.5021145615511866,0.8668506145477295,0.4831205283610756,1.2062439918518066,0.5164515413001316,0.8460557460784912,0.5089478402579894,0.9111483097076416,0.3489382673237097,0.9042916297912598,0.3429649851703706,0.8705110549926758,0.3167417261277644,1.2308039665222168,0.3545214154411743,0.8896064758300781,0.3461850341532535,0.8841874599456787,1.0,0.7855782508850098,8103,0.7142865657806396,0.0,0.0947048664093017,0.0301578633770772,0.0416295528411865,7.734256869349298,0.0042171478271484,-,15.0,0.022,0.0028896331787109,0,0,58,['cluster'],"['separated','touching']"
figure_category_based_markersize110_n500-d10-c5-spr0.1-out0_tsne.png,n500-d10-c5-spr0.1-out0_tsne,500,5,110,0.881782082759219,0.9882938861846924,0.8786198375522318,0.3625855445861816,1.02967527875591,1.2514028549194336,0.9047964515370526,0.8914816379547119,0.9205562256760058,1.5185766220092771,0.362703234451242,0.3630514144897461,0.3473070863809563,0.8887505531311035,0.31691031712927,1.2529871463775637,0.3686294284667932,1.519261121749878,0.3571975653067419,0.3534994125366211,0.2283061840080574,0.9007654190063475,0.2164294224116327,0.8866293430328369,0.1872745541385457,1.9071292877197263,0.2314663797427465,0.3595170974731445,0.221589826769485,0.932157039642334,0.99,0.7938840389251709,25275,0.7376563549041748,0.0,0.7430715560913086,0.0301578633770772,0.0479989051818847,7.734256869349298,0.0048120021820068,-,15.0,0.022,0.0025637149810791,0,0,214,['cluster'],"['separated','touching']"
figure_category_based_markersize160_n500-d10-c5-spr0.1-out0_tsne.png,n500-d10-c5-spr0.1-out0_tsne,500,5,160,0.8193044069352247,1.0054888725280762,0.8176653667740443,0.3513908386230469,1.0475017646310123,1.313556671142578,0.8579985316593104,0.9775619506835938,0.8779577230089718,1.590735912322998,0.2928553300375437,0.3632528781890869,0.2774165276180081,0.9627931118011476,0.2486983474398814,1.4000554084777832,0.2995626731594631,0.9810576438903807,0.2875054439892706,0.942329168319702,0.178292432735049,0.996229648590088,0.1670458161593462,1.0164670944213867,0.1410990774271628,1.3709559440612793,0.1814586933898736,0.960533857345581,0.1718986009416839,0.9973554611206056,0.932,0.8617799282073975,43176,0.7998814582824707,0.0,0.0982344150543212,0.0301578633770772,0.047370433807373,7.734256869349298,0.0046963691711425,-,15.0,0.022,0.0024912357330322,0,0,443,['cluster'],"['separated','touching']"
figure_ascending_markersize10_n500-d10-c5-spr0.1-out0_tsne.png,n500-d10-c5-spr0.1-out0_tsne,500,5,10,1.0,0.2848281860351562,1.0,0.9066193103790284,1.0,1.294804573059082,1.0,0.9071955680847168,1.0,0.9019863605499268,0.8379947114094887,0.92930269241333,0.8489721453133858,0.9647698402404784,0.8485917385451485,1.303511142730713,0.834967477718234,0.959496021270752,0.8365533054513393,0.2729494571685791,0.7211625623717763,0.9273314476013184,0.7375774112300107,0.9639043807983398,0.7370033436036997,1.2650017738342283,0.7166902740903013,0.9464190006256104,0.7190301965453312,0.948380708694458,1.0,0.8137152194976807,283,0.1082241535186767,0.0,0.7737905979156494,0.0301578633770772,0.0449981689453125,7.734256869349298,0.0046467781066894,0.011951620728236769,10.626856565475464,0.022,0.0027439594268798,0,0,0,['cluster'],"['separated','touching']"
figure_ascending_markersize60_n500-d10-c5-spr0.1-out0_tsne.png,n500-d10-c5-spr0.1-out0_tsne,500,5,60,0.976207323484997,0.3186268806457519,0.9793208616342308,0.9556879997253418,0.974531721728078,1.3116772174835205,0.9874643302291064,0.973353385925293,0.9849104422047286,0.995447874069214,0.5311715745731524,0.970639705657959,0.5170588474099913,0.3059260845184326,0.4600935980177865,1.3068487644195557,0.5358193684913286,0.9864983558654784,0.5191296325985069,0.9704318046569824,0.364845107213709,0.9684112071990968,0.351257305036737,0.9690792560577391,0.3011315558914691,1.391188383102417,0.3676597161761971,0.3126249313354492,0.3524500443260429,0.9583775997161864,1.0,0.834113359451294,8103,0.8072974681854248,0.0,0.098170518875122,0.0301578633770772,0.0454392433166503,7.734256869349298,0.0047605037689208,0.02308340236419216,12.184351921081545,0.022,0.002671480178833,0,0,0,['cluster'],"['separated','touching']"
figure_ascending_markersize110_n500-d10-c5-spr0.1-out0_tsne.png,n500-d10-c5-spr0.1-out0_tsne,500,5,110,0.9459585309700778,1.0149602890014648,0.9492309687355248,1.01546311378479,0.9325963996289118,1.3702659606933594,0.9671170165207156,1.014829397201538,0.961878384176561,1.0603423118591309,0.3910822582615376,0.3551955223083496,0.3625134170845417,1.0156352519989014,0.2897789876849752,1.389340877532959,0.3919281385623941,1.0364744663238523,0.3686851205062735,1.0623040199279783,0.2464945493046821,1.0375185012817385,0.2240367808630696,0.335200548171997,0.171540225569885,1.3926148414611816,0.2457621237225532,1.04227614402771,0.2280475298186673,1.0469202995300293,0.99,0.9172401428222656,25275,0.1156005859375,0.0,0.835221529006958,0.0301578633770772,0.0438082218170166,7.734256869349298,0.0046491622924804,0.03160445273795658,13.87122893333435,0.022,0.0027871131896972,0,0,0,['cluster'],"['separated','touching']"
figure_ascending_markersize160_n500-d10-c5-spr0.1-out0_tsne.png,n500-d10-c5-spr0.1-out0_tsne,500,5,160,0.9101752937879216,1.1156964302062988,0.913402172992944,0.3647027015686035,0.8853655792957856,1.406294822692871,0.9422716834351096,1.087822198867798,0.9338816015752928,1.10331130027771,0.3259347073384586,1.0971806049346924,0.2940350002521502,1.0915188789367676,0.2179520950336059,0.7536022663116455,0.3254742092190349,1.0921411514282229,0.3002825517942628,1.0980262756347656,0.1985108174575457,1.0827276706695557,0.1752202370916574,0.3646011352539062,0.1242722080731836,1.4513626098632812,0.1967104085989131,1.0974669456481934,0.1789038672675771,1.0685114860534668,0.932,0.9467356204986572,43176,0.1288597583770752,0.0,0.8779544830322266,0.0301578633770772,0.0420172214508056,7.734256869349298,0.0042872428894042,-,15.0,0.022,0.0026617050170898,0,0,0,['cluster'],"['separated','touching']"
figure_descending_markersize10_n500-d10-c5-spr0.1-out0_tsne.png,n500-d10-c5-spr0.1-out0_tsne,500,5,10,1.0,1.049457311630249,1.0,1.0402534008026123,1.0,0.6759612560272217,1.0,1.0155625343322754,1.0,1.0095078945159912,0.8344418124351414,1.020507574081421,0.8481872457127362,0.2945320606231689,0.8552927091537954,1.415534257888794,0.8322074469775166,1.0261409282684326,0.835355720121969,0.2773327827453613,0.7159160489263073,1.0031046867370603,0.7363933439316621,1.0525519847869873,0.7471715398279113,1.4085001945495603,0.7126329456576816,0.2764887809753418,0.7172625449286993,0.9834432601928712,1.0,0.9083290100097656,283,0.910689115524292,0.0,0.0988807678222656,0.0301578633770772,0.0426781177520751,7.734256869349298,0.0045783519744873,0.011951620728236766,10.553511142730711,0.022,0.0026266574859619,0,0,0,['cluster'],"['separated','touching']"
figure_descending_markersize60_n500-d10-c5-spr0.1-out0_tsne.png,n500-d10-c5-spr0.1-out0_tsne,500,5,60,0.9283482292395072,0.3282258510589599,0.9332045615752318,1.0767366886138916,1.032506750105601,1.4267570972442627,0.9426072791338824,1.0765199661254885,0.9562434046669444,0.3212003707885742,0.4953258532521409,1.1034691333770752,0.4989412328632798,1.0559823513031006,0.5014612068278503,1.4213552474975586,0.5065222589166953,1.124842643737793,0.504536557905398,0.3035666942596435,0.3377734740251298,1.0902659893035889,0.3404937240377917,1.073284387588501,0.3311447165259047,0.687558650970459,0.346307561537076,1.1104328632354736,0.3426681840646727,1.0806941986083984,1.0,0.9791693687438964,8103,0.1129095554351806,0.0,0.9260168075561525,0.0301578633770772,0.0458288192749023,7.734256869349298,0.0045557022094726,0.023083402364192155,11.381953477859495,0.022,0.002460241317749,0,0,88,['cluster'],"['separated','touching']"
figure_descending_markersize110_n500-d10-c5-spr0.1-out0_tsne.png,n500-d10-c5-spr0.1-out0_tsne,500,5,110,0.8451538261322324,0.3491132259368896,0.8537071700543267,1.1558794975280762,1.080514245678678,1.4808425903320312,0.8692340163888537,0.3366363048553467,0.8973163991936091,1.1240811347961426,0.3403919211736574,1.151167392730713,0.3398291392266024,1.1287014484405518,0.341141948159914,0.6899862289428711,0.3511142580102787,1.1508891582489014,0.3486950332002529,1.1712369918823242,0.2131122172581552,1.142258882522583,0.2121363791916024,0.3273115158081054,0.2025448982867553,1.5235676765441897,0.2199874770606561,1.1837270259857178,0.2163922812870785,0.3319733142852783,0.99,1.011425256729126,25275,0.1179208755493164,0.0,0.9436354637145996,0.0301578633770772,0.0462682247161865,7.734256869349298,0.0043904781341552,0.03160445273795658,13.807055234909058,0.022,0.0030171871185302,0,0,374,['cluster'],"['separated','touching']"
figure_descending_markersize160_n500-d10-c5-spr0.1-out0_tsne.png,n500-d10-c5-spr0.1-out0_tsne,500,5,160,0.7614237838477974,1.2422068119049072,0.7721068280926253,1.2041888236999512,1.1448013817803235,0.735281229019165,0.7935296545787475,1.217829942703247,0.833619381886931,1.2048096656799316,0.2668884952246738,0.3653371334075928,0.267588876002198,1.2007672786712646,0.276696376524509,1.622223138809204,0.2777144785338264,0.3648989200592041,0.2764780978276784,1.1929378509521484,0.1618008519175876,0.359856367111206,0.1618386243868025,1.214320182800293,0.1573656858654416,1.5535399913787842,0.1683091184753062,1.195737361907959,0.1657204626646388,0.3457682132720947,0.932,1.061805009841919,43176,0.1271960735321045,0.0,0.976942539215088,0.0301578633770772,0.0472919940948486,7.734256869349298,0.0046350955963134,-,15.0,0.022,0.0025265216827392,0,0,831,['cluster'],"['separated','touching']"
figure_category_based_markersize10_ms_interleaved_400_800_3d_0_umap.png,ms_interleaved_400_800_3d_0_umap,1821,3,10,0.8727895627447044,0.3332257270812988,0.8977877482165131,1.1882059574127195,1.0325824859607229,1.4238512516021729,0.9011930043826434,0.3197011947631836,0.9125593094929272,1.1797761917114258,0.4557903074231573,1.2111341953277588,0.4712125930637232,0.300335168838501,0.4922830891301344,1.3948071002960205,0.4599512453084389,1.200143575668335,0.4671945724397104,0.3159067630767822,0.308429579747448,1.1899230480194092,0.3194357768415801,0.3024499416351318,0.3231793191414501,1.378126621246338,0.3087709406166419,1.2082631587982178,0.3139665708909283,0.3247177600860595,0.9187259747391544,1.0874192714691162,4772,1.0119712352752686,0.0016474464579901,0.1094095706939697,0.0300774152158189,0.1539802551269531,3.395440059527326,0.0152006149291992,-,15.0,0.086765513454146,0.0055701732635498,0,0,154,['cluster'],['touching']
figure_category_based_markersize60_ms_interleaved_400_800_3d_0_umap.png,ms_interleaved_400_800_3d_0_umap,1821,3,60,0.652296615064021,0.8318140506744385,0.7122583567181514,0.7511825561523438,1.1093076740124077,1.1529080867767334,0.6972425375015152,0.8096218109130859,0.7303373806625195,0.7666826248168945,0.2398568510952261,0.7423336505889893,0.2493039389766889,0.823763370513916,0.2680682633032792,1.1681671142578125,0.2436762395808713,0.7622170448303223,0.248239994477501,0.7516162395477295,0.1469451172612791,0.8501482009887695,0.1510950338167902,0.8200719356536865,0.1524547569093732,1.0937762260437012,0.1476365443022251,0.809622049331665,0.149532949977815,0.9078359603881836,0.7627677100494233,0.6120851039886475,44641,0.4376280307769775,0.0016474464579901,0.2657835483551025,0.0300774152158189,0.1799848079681396,3.395440059527326,0.0172207355499267,-,15.0,0.086765513454146,0.0070459842681884,1,0,2836,['cluster'],['touching']
figure_category_based_markersize110_ms_interleaved_400_800_3d_0_umap.png,ms_interleaved_400_800_3d_0_umap,1821,3,110,0.5516554566253755,0.7653598785400391,0.6216653591014303,0.9728500843048096,1.1648914709243094,1.1253962516784668,0.5930138203691981,1.0577292442321775,0.6336398195415068,0.9537460803985596,0.1949875863549083,0.9735407829284668,0.2038864683358566,0.9638607501983644,0.2265198159427601,1.2607614994049072,0.19847576639293,0.9834465980529784,0.2029400427041219,0.9783658981323242,0.1184225515318394,0.9911274909973145,0.1219393484259966,0.9762966632843018,0.1254579126771995,1.2670302391052246,0.11918247085236,1.027219295501709,0.1208175402609046,1.0615553855895996,0.6403075233388248,0.6804103851318359,79981,0.5388431549072266,0.0016474464579901,0.3112637996673584,0.0300774152158189,0.185394287109375,3.395440059527326,0.0170168876647949,-,15.0,0.086765513454146,0.0062110424041748,2,0,7643,['cluster'],['touching']
figure_category_based_markersize160_ms_interleaved_400_800_3d_0_umap.png,ms_interleaved_400_800_3d_0_umap,1821,3,160,0.4921735714165187,0.6845676898956299,0.5651790715008518,1.1671807765960691,1.2101654885569144,1.451512575149536,0.5304398603022481,1.0624029636383057,0.573670394975665,1.2208247184753418,0.174977032894335,1.4013595581054688,0.1836750341040649,1.0709264278411863,0.2090000973167868,1.555079460144043,0.1782647396137612,1.2346916198730469,0.1828310832217607,1.0600433349609375,0.1064025841057962,1.0214340686798096,0.1096557911059662,1.1946954727172852,0.1143766892546777,1.6976816654205322,0.1071347366791767,1.0985386371612549,0.1087441411878544,1.0633344650268557,0.5551894563426688,0.7466905117034912,105268,0.6592321395874023,0.0016474464579901,0.3537845611572265,0.0300774152158189,0.1763031482696533,3.395440059527326,0.0160810947418212,-,15.0,0.086765513454146,0.0062358379364013,2,0,13147,['cluster'],['touching']
figure_ascending_markersize10_ms_interleaved_400_800_3d_0_umap.png,ms_interleaved_400_800_3d_0_umap,1821,3,10,0.90462759369822,0.9098076820373536,0.9343637828661814,0.7187504768371582,0.9794882052861436,1.187225103378296,0.9205818767181324,0.7364852428436279,0.9265383849843724,0.9718081951141356,0.4664531312208728,0.8087790012359619,0.4823721262004855,0.9219646453857422,0.4729474822048357,1.014387845993042,0.4665168028280432,0.9293482303619384,0.4717203105238855,0.9527738094329834,0.3142431691467175,0.7734072208404541,0.3251049707267549,0.9545376300811768,0.3117344970183968,1.0517919063568115,0.3124197916257427,0.8106057643890381,0.316404192190028,1.0134122371673584,0.9187259747391544,0.4938070774078369,4772,0.6091785430908203,0.0016474464579901,0.6159400939941406,0.0300774152158189,0.1794123649597168,3.395440059527326,0.0174949169158935,-,15.0,0.086765513454146,0.0062232017517089,0,0,0,['cluster'],['touching']
figure_ascending_markersize60_ms_interleaved_400_800_3d_0_umap.png,ms_interleaved_400_800_3d_0_umap,1821,3,60,0.7200492781691665,1.098161697387695,0.7895399855562897,0.9131784439086914,0.9285609855107344,1.407880783081055,0.7580435236496027,0.9376218318939208,0.7730194237758095,0.9321277141571044,0.2544876957835166,0.9442360401153564,0.2628396714663388,0.9583311080932616,0.2444557821641545,1.2413983345031738,0.2547484207840019,1.035705327987671,0.2552804051933797,0.9588942527770996,0.1545563453814048,0.9437422752380372,0.1576630273886369,0.9511928558349608,0.1407557891202415,1.444791316986084,0.1530995614308574,0.9584264755249025,0.1528843083631527,0.9594249725341796,0.7627677100494233,0.6403946876525879,44641,0.7241830825805664,0.0016474464579901,0.4117724895477295,0.0300774152158189,0.1727533340454101,3.395440059527326,0.0167295932769775,-,15.0,0.086765513454146,0.0061235427856445,0,0,0,['cluster'],['touching']
figure_ascending_markersize110_ms_interleaved_400_800_3d_0_umap.png,ms_interleaved_400_800_3d_0_umap,1821,3,110,0.6271331973379954,1.0920381546020508,0.7106754205876549,1.0795936584472656,0.8914832742559194,1.3853163719177246,0.6732491135554243,1.1095974445343018,0.6898790405034303,1.1385254859924316,0.2110995426914892,0.8720359802246094,0.218328053976448,1.111774206161499,0.1986004866808054,1.660731315612793,0.2120904462132828,0.8550846576690674,0.2114184876743149,1.372009515762329,0.1269092580087766,1.1610212326049805,0.1289754302552122,0.8554089069366455,0.1117475414301725,1.4147651195526123,0.1258715845493297,1.117682695388794,0.1248380045098116,1.1010911464691162,0.6403075233388248,0.988844394683838,79981,0.5212993621826172,0.0016474464579901,0.466050386428833,0.0300774152158189,0.1786572933197021,3.395440059527326,0.0138688087463378,-,15.0,0.086765513454146,0.0058588981628417,1,0,0,['cluster'],['touching']
figure_ascending_markersize160_ms_interleaved_400_800_3d_0_umap.png,ms_interleaved_400_800_3d_0_umap,1821,3,160,0.5713465210945562,0.9791691303253174,0.6600416177280379,0.975532054901123,0.8604549078411754,1.6003291606903076,0.6197405922121604,1.3381478786468506,0.6363932023370502,1.2558183670043943,0.1922288966393889,1.2698488235473633,0.1990827846363587,1.2994067668914795,0.1774189044469055,1.575730323791504,0.1935405068993881,1.5921785831451416,0.1922407683165222,0.9907138347625732,0.1155533450293726,1.2852423191070557,0.117219331300987,1.3179378509521484,0.0989062947918196,1.2744617462158203,0.1146765882045043,1.2926335334777832,0.113221241243534,1.2931246757507324,0.5551894563426688,1.0571162700653076,105268,0.5876712799072266,0.0016474464579901,0.4999208450317383,0.0300774152158189,0.1770949363708496,3.395440059527326,0.0147528648376464,-,15.0,0.086765513454146,0.0066144466400146,1,0,0,['cluster'],['touching']
figure_descending_markersize10_ms_interleaved_400_800_3d_0_umap.png,ms_interleaved_400_800_3d_0_umap,1821,3,10,0.8690092059344198,0.6798386573791504,0.8962463698149922,0.9732797145843506,1.0487794368936576,1.249375581741333,0.8945307858605236,0.987591028213501,0.9105575893238612,1.0031452178955078,0.4534417289521827,1.0302517414093018,0.4696592241410409,0.6964004039764404,0.5027226456363307,1.3342993259429932,0.4576001322709043,0.7042815685272217,0.4665976132158875,1.044586420059204,0.3067508869299886,1.0450499057769775,0.3182035908206861,0.7017161846160889,0.3305951820616947,1.3300457000732422,0.3074346682538676,0.7064738273620605,0.3136644431323231,1.028496503829956,0.9187259747391544,0.9792065620422364,4772,0.5344934463500977,0.0016474464579901,0.5132894515991211,0.0300774152158189,0.1748428344726562,3.395440059527326,0.0163567066192626,-,15.0,0.086765513454146,0.0055036544799804,0,0,205,['cluster'],['touching']
figure_descending_markersize60_ms_interleaved_400_800_3d_0_umap.png,ms_interleaved_400_800_3d_0_umap,1821,3,60,0.6365149381574842,1.198251485824585,0.7020607070286149,1.2006916999816897,1.2315482853253803,1.1095356941223145,0.6760709770888644,1.2131927013397217,0.7208656595571633,0.841224193572998,0.2329980648337508,0.8630936145782471,0.2449651472128099,1.1786000728607178,0.2879089866388438,1.4829976558685305,0.23833233347596,0.843623161315918,0.2459111876278896,1.203641653060913,0.1425982813133817,1.233187913894653,0.1483668849220638,0.8528971672058105,0.1630083866931883,1.4963710308074951,0.1446652736429411,0.8698465824127197,0.1482404634228001,0.8564345836639404,0.7627677100494233,1.199988603591919,44641,0.5952460765838623,0.0016474464579901,0.5457310676574707,0.0300774152158189,0.1819915771484375,3.395440059527326,0.0170099735260009,-,15.0,0.086765513454146,0.0062196254730224,1,0,4064,['cluster'],['touching']
figure_descending_markersize110_ms_interleaved_400_800_3d_0_umap.png,ms_interleaved_400_800_3d_0_umap,1821,3,110,0.5301192589133781,1.0444154739379885,0.6070098917467486,1.3596532344818115,1.3894517828693762,1.25488018989563,0.5677396528466334,1.362661838531494,0.6218365943715221,0.9950289726257324,0.1864656085872166,1.4070937633514404,0.1986941764794637,1.0107781887054443,0.2508837171609236,1.281071662902832,0.1918103337025558,1.3746976852416992,0.1999032921335625,1.0075478553771973,0.1131289482562646,1.4206252098083496,0.1187888197858071,0.9875965118408204,0.1378908588467966,1.2835571765899658,0.1153988692019398,1.379826307296753,0.1190944314333862,1.0025084018707275,0.6403075233388248,0.7930262088775635,79981,1.1226515769958496,0.0016474464579901,0.6211526393890381,0.0300774152158189,0.2057290077209472,3.395440059527326,0.0129435062408447,-,15.0,0.086765513454146,0.0062637329101562,1,0,10854,['cluster'],['touching']
figure_descending_markersize160_ms_interleaved_400_800_3d_0_umap.png,ms_interleaved_400_800_3d_0_umap,1821,3,160,0.467172063148757,0.6628203392028809,0.5479055818308376,1.5236375331878662,1.5354302982954653,1.4223599433898926,0.5026530570708015,1.5450263023376465,0.5604572623657224,1.1392278671264648,0.1652457306145146,1.1403276920318604,0.1778462722257897,1.619255542755127,0.2371708307615353,1.4386560916900637,0.1703403183416264,1.1736772060394287,0.1791610354613059,1.557295322418213,0.1003749186463357,1.156376600265503,0.1061510806888244,1.1587705612182615,0.1285106379020272,1.4226627349853516,0.1025456158653774,1.5401625633239746,0.1066224915556897,1.1098811626434326,0.5551894563426688,0.7974803447723389,105268,0.7142050266265869,0.0016474464579901,1.1076619625091553,0.0300774152158189,0.1777944564819336,3.395440059527326,0.0167226791381835,-,15.0,0.086765513454146,0.0065572261810302,2,0,18404,['cluster'],['touching']
figure_category_based_markersize10_world_11d_tsne.png,world_11d_tsne,151,5,10,1.0,0.3002543449401855,1.0,0.8548135757446289,1.0,1.6986382007598877,1.0,0.8131308555603027,1.0,0.8232519626617432,0.9589478329433736,0.7736856937408447,0.97371681170035,1.2601313591003418,0.9773057387873963,1.2109200954437256,0.949567862610442,0.7867043018341064,0.9558782622361404,0.7777454853057861,0.9211333142455416,0.7731223106384277,0.948779852190318,1.248276948928833,0.9556186788694888,1.2196853160858154,0.9039783045578031,0.8064408302307129,0.9154854531458128,0.77475905418396,1.0,0.5975618362426758,15,1.1173346042633057,0.0,0.1133275032043457,0.0298109346649684,0.0159122943878173,17.586206633131525,0.0023350715637207,0.007908602259458214,1.9180190563201904,0.4966887417218543,0.000946044921875,0,0,0,['three_order'],['intersecting']
figure_category_based_markersize60_world_11d_tsne.png,world_11d_tsne,151,5,60,0.9449063174349024,1.2826123237609863,0.937727712061468,0.8248691558837891,1.016498629550978,1.2232615947723389,0.939179421775805,0.7978677749633789,0.9397875172069408,1.2802026271820068,0.8613682350871812,0.8356940746307373,0.8620872417774575,0.8104085922241211,0.9188665124464768,1.7549428939819336,0.8374502864395708,0.834367036819458,0.8474263340425953,0.8251457214355469,0.7914013505675774,0.8275480270385742,0.7977387793627757,0.8349683284759521,0.8383455473659571,1.239717721939087,0.7556053511236926,0.8398566246032715,0.7715949167006539,1.3628270626068115,1.0,0.6576645374298096,336,0.1190924644470214,0.0,0.6231601238250732,0.0298109346649684,0.0152063369750976,17.586206633131525,0.0021920204162597,0.015474269908080592,2.718848705291748,0.4966887417218543,0.0007939338684082,0,0,27,['three_order'],['intersecting']
figure_category_based_markersize110_world_11d_tsne.png,world_11d_tsne,151,5,110,0.8817969726462352,0.332538366317749,0.8746868969382391,1.3796947002410889,1.0145759180385403,1.292938470840454,0.8639651911151013,0.8572142124176025,0.873397743929127,0.8656258583068848,0.7347027839752425,0.8592860698699951,0.7299649927798117,0.868582010269165,0.8003599017309864,1.2736093997955322,0.6988079761070264,0.8764455318450928,0.7156368819361915,1.457383632659912,0.6296668832053267,0.9110419750213624,0.6263344143401941,0.8975434303283691,0.6608326921449674,1.2932732105255127,0.5866607927665726,0.8958902359008789,0.6061488839504336,0.8734309673309326,1.0,0.7046422958374023,1528,0.7123332023620605,0.0,0.1180460453033447,0.0298109346649684,0.0156891345977783,17.586206633131525,0.0021774768829345,0.022586295147208654,2.390443801879883,0.4966887417218543,0.0009112358093261,0,0,100,['three_order'],['intersecting']
figure_category_based_markersize160_world_11d_tsne.png,world_11d_tsne,151,5,160,0.8298192685009518,1.4241294860839844,0.826133869757064,0.9132900238037108,0.9821926953589096,1.3148212432861328,0.8093632077254596,0.9313509464263916,0.8213802995857715,0.9461042881011964,0.6371849377297494,0.9371075630187988,0.6311008734765485,0.9328787326812744,0.6730689235278511,1.3377432823181152,0.6030004742876671,0.933434247970581,0.6180846049903761,0.9335103034973145,0.5171367574070088,0.9403162002563475,0.5105667096655067,0.9246113300323486,0.5119452875875714,1.3251872062683103,0.4804902369338981,0.9250202178955078,0.4954566330228598,0.3434059619903564,1.0,0.7155053615570068,3624,0.7051072120666504,0.0,0.6965162754058838,0.0298109346649684,0.0167748928070068,17.586206633131525,0.0022823810577392,0.028511832780247687,2.6496920585632324,0.4966887417218543,0.0010139942169189,0,0,178,['three_order'],['intersecting']
figure_ascending_markersize10_world_11d_tsne.png,world_11d_tsne,151,5,10,1.0,1.469820499420166,1.0,0.3140337467193603,1.0,1.8906421661376955,1.0,0.9088075160980223,1.0,0.9201831817626952,0.9592084958093496,0.3300986289978027,0.9737170299556166,1.5438673496246338,0.9772773895370628,1.3797268867492676,0.9495849280811012,0.9569835662841796,0.9558838894104416,0.3205039501190185,0.9216144558705428,1.5435357093811035,0.9487802666291018,1.0189094543457031,0.9555644703060752,1.3487558364868164,0.904009237364044,0.3239312171936035,0.9154957764905124,1.5256993770599363,1.0,0.1098697185516357,15,0.7284984588623047,0.0,0.749168872833252,0.0298109346649684,0.0147743225097656,17.586206633131525,0.0019659996032714,0.007908602259458214,1.7892589569091797,0.4966887417218543,0.0009691715240478,0,0,0,['three_order'],['intersecting']
figure_ascending_markersize60_world_11d_tsne.png,world_11d_tsne,151,5,60,0.9665220903214286,1.0139358043670654,0.9647260285836208,0.9907093048095704,0.9861524117018908,1.3935086727142334,0.9564545690721896,0.9302120208740234,0.9524754937753898,0.9164841175079346,0.8805548831772114,1.527294397354126,0.8851590948898662,0.9805026054382324,0.8921053962048555,0.7232809066772461,0.8517961114248026,1.59486985206604,0.8580755562898592,0.3248035907745361,0.8086312596057159,1.5934433937072754,0.8177169138586595,0.3256521224975586,0.8144346921577075,1.9943006038665767,0.767782754688093,0.3247444629669189,0.7807002770037078,0.9371845722198486,1.0,0.7788846492767334,336,0.7685854434967041,0.0,0.7677571773529053,0.0298109346649684,0.0155422687530517,17.586206633131525,0.0022218227386474,0.015474269908080592,2.029829502105713,0.4966887417218543,0.0008718967437744,0,0,0,['three_order'],['intersecting']
figure_ascending_markersize110_world_11d_tsne.png,world_11d_tsne,151,5,110,0.91175483445255,0.970719575881958,0.9171164445354048,0.9874117374420166,0.96766142165917,0.7481651306152344,0.8875593951473537,1.6040465831756592,0.8904998492940779,0.3360505104064941,0.7609239625325037,1.6134402751922607,0.7606269538399353,0.3445968627929687,0.7635170544830012,1.416696548461914,0.716858075387091,0.9809086322784424,0.7284296882996701,1.638756275177002,0.6529130754621004,0.3323771953582763,0.6497574804981534,1.0118701457977295,0.6305020895453726,1.433823823928833,0.6012262487251139,1.0041437149047852,0.6162692469970719,1.6472136974334717,1.0,0.1316115856170654,1528,0.8390629291534424,0.0,0.7972962856292725,0.0298109346649684,0.0166130065917968,17.586206633131525,0.0021705627441406,0.022586295147208654,2.226966142654419,0.4966887417218543,0.0008597373962402,0,0,0,['three_order'],['intersecting']
figure_ascending_markersize160_world_11d_tsne.png,world_11d_tsne,151,5,160,0.8649162994609471,1.0431814193725586,0.8720179576729494,1.083862066268921,0.9332100580826952,0.7775142192840576,0.8325659188538407,1.015756607055664,0.8379802898322704,1.0110270977020264,0.6663511126045334,1.7761337757110596,0.6595597754121804,0.3589422702789306,0.6366109011128627,1.4310946464538574,0.6201898834776218,1.0542495250701904,0.6294775248819731,1.0299475193023682,0.5419350932486376,1.043402910232544,0.5303463553871366,1.0323224067687988,0.4830763086925134,1.4758267402648926,0.4941412851796738,1.0418589115142822,0.5040595319081391,1.0089495182037354,1.0,0.8668296337127686,3624,0.8578035831451416,0.0,0.1099956035614013,0.0298109346649684,0.0162084102630615,17.586206633131525,0.0022737979888916,0.028511832780247687,2.465635061264038,0.4966887417218543,0.0008983612060546,0,0,0,['three_order'],['intersecting']
figure_descending_markersize10_world_11d_tsne.png,world_11d_tsne,151,5,10,1.0,1.0099055767059326,1.0,1.0049917697906494,1.0,1.4043354988098145,1.0,1.025773048400879,1.0,1.0146636962890625,0.9589478329433736,0.9999990463256836,0.973714470953202,1.01385760307312,0.9773057387873963,1.4329917430877686,0.9495500086196548,1.0199251174926758,0.955868278259152,1.0300476551055908,0.9211333142455416,1.0409023761749268,0.94877540742251,0.3132531642913818,0.9556186788694888,1.4839575290679932,0.9039459435588144,1.0271687507629397,0.9154671372932364,1.0285687446594238,1.0,0.8507282733917236,15,0.8565363883972168,0.0,0.8960952758789062,0.0298109346649683,0.0164203643798828,17.586206633131525,0.0022661685943603,0.007908602259458214,1.1758441925048828,0.4966887417218543,0.0008957386016845,0,0,0,['three_order'],['intersecting']
figure_descending_markersize60_world_11d_tsne.png,world_11d_tsne,151,5,60,0.9379347608668108,1.0848007202148438,0.936669580233062,1.1139447689056396,1.023130417694408,1.491081953048706,0.9310863936992848,0.3176572322845459,0.9380995983386748,1.0544779300689695,0.8545846276912841,1.0394330024719238,0.8610101758597208,1.077497482299805,0.9280948353914756,1.529092788696289,0.8302734299605389,1.0659387111663818,0.8456737474896258,1.082759141921997,0.784839404841769,1.0922083854675293,0.7966600307433482,1.0838613510131836,0.8492138525016518,0.7298734188079834,0.7491586152409435,1.0677525997161863,0.7698268911950621,1.1080284118652344,1.0,0.8987786769866943,336,0.8881604671478271,0.0,0.1107921600341796,0.0298109346649683,0.0152957439422607,17.586206633131525,0.0021967887878417,0.01547426990808059,2.113051652908325,0.4966887417218543,0.000756025314331,0,0,59,['three_order'],['intersecting']
figure_descending_markersize110_world_11d_tsne.png,world_11d_tsne,151,5,110,0.8547313655046301,1.0741310119628906,0.8685992275077167,1.084162950515747,1.0526088883014086,1.4932117462158203,0.8413198144111749,0.3293325901031494,0.8608018814961229,1.0651991367340088,0.712716586463793,1.0916345119476318,0.7252802731006693,1.0963466167449951,0.8328278139536693,1.5616931915283203,0.681955323938949,0.3299660682678222,0.7061883256583206,1.0966274738311768,0.6111698796124191,1.1148838996887207,0.6225581239678663,1.104423999786377,0.6889727089382839,1.5387256145477295,0.5733501802447905,1.123962640762329,0.5986596392638578,0.3321976661682129,1.0,0.9306643009185792,1528,0.9189541339874268,0.0,0.1131715774536132,0.0298109346649683,0.0157034397125244,17.586206633131525,0.0022017955780029,0.022586295147208654,2.2966997623443604,0.4966887417218543,0.0009307861328125,0,0,296,['three_order'],['intersecting']
figure_descending_markersize160_world_11d_tsne.png,world_11d_tsne,151,5,160,0.7878804992531115,1.1626482009887695,0.8151736011892916,1.1398887634277344,1.052599916867057,0.7354133129119873,0.7757795537088397,1.1165151596069336,0.7994142056066595,1.1302289962768557,0.6072597237945725,1.1646075248718262,0.6243410077286541,1.1402583122253418,0.7186636052243249,1.55946946144104,0.5817553321790877,0.3494844436645508,0.6042582236536267,1.1203529834747314,0.494008739949283,1.1317367553710938,0.505907727354921,1.1287338733673096,0.5455791457591621,1.5727839469909668,0.4653661941608717,0.3432772159576416,0.4856898124290255,1.1370630264282229,1.0,0.9830951690673828,3624,0.9642348289489746,0.0,0.1102936267852783,0.0298109346649683,0.0157666206359863,17.586206633131525,0.0020744800567626,0.028511832780247683,2.4882490634918213,0.4966887417218543,0.0009067058563232,0,0,719,['three_order'],['intersecting']
figure_category_based_markersize10_ms_interleaved_40_80_3d_50_tsne.png,ms_interleaved_40_80_3d_50_tsne,205,3,10,1.0,1.1254448890686035,1.0,0.302056074142456,1.0,1.3623042106628418,1.0,1.134709358215332,1.0,1.1398985385894775,0.9972762152462378,0.3076305389404297,0.9971212091199454,1.1207172870635986,0.9967680937820356,1.385054349899292,0.9971714742969237,1.1407837867736816,0.9972863225271038,1.151381015777588,0.9945672281934927,0.3006186485290527,0.994258945535126,1.1336069107055664,0.9935570107012482,1.4079763889312744,0.994358904577244,1.2378461360931396,0.9945873332859378,0.3234684467315674,1.0,0.9423823356628418,2,1.005241870880127,0.0,0.1138076782226562,0.0300711817792933,0.0227301120758056,18.24851928426336,0.0028839111328125,0.0028232371388130927,3.332371234893799,0.424390243902439,0.0009686946868896,0,0,0,['cluster'],['intersecting']
figure_category_based_markersize60_ms_interleaved_40_80_3d_50_tsne.png,ms_interleaved_40_80_3d_50_tsne,205,3,60,0.9748428344623966,0.3104851245880127,0.971111007477883,1.1419029235839844,0.9714087768132696,1.3993382453918457,0.9748430889060148,1.1942956447601318,0.9711854885591044,0.3191783428192138,0.9410356513334988,1.1638333797454834,0.9351294037109756,1.1825544834136963,0.933116938018656,1.4396443367004397,0.9392732744369234,0.3214931488037109,0.9367141903856532,1.2085211277008057,0.9094947163802368,1.1731736660003662,0.9017189156392548,1.183037519454956,0.8977294550214091,0.5777969360351562,0.9062078058587828,1.1788108348846436,0.9046060650430116,1.204167366027832,1.0,0.1202471256256103,226,0.9744300842285156,0.0,1.015513896942139,0.0300711817792933,0.0239949226379394,18.24851928426336,0.0029408931732177,0.009939973408618706,2.784228801727295,0.424390243902439,0.0009157657623291,0,0,39,['cluster'],['intersecting']
figure_category_based_markersize110_ms_interleaved_40_80_3d_50_tsne.png,ms_interleaved_40_80_3d_50_tsne,205,3,110,0.888954327215701,1.2008864879608154,0.8939335749113849,1.1893842220306396,0.9130373083372636,1.5073096752166748,0.8900503328000655,0.3310062885284424,0.8898012057978008,1.218392848968506,0.8116117231209086,1.247931957244873,0.8126435722278418,0.3445284366607666,0.8176662295079556,1.4478211402893066,0.8091292278274561,1.2205908298492432,0.810879837411259,1.2424278259277344,0.746650154739537,0.3309304714202881,0.7449054661311052,1.2086565494537354,0.7403347520798698,1.5037109851837158,0.7416961101946382,0.3390688896179199,0.7448178418812796,1.1921074390411377,1.0,1.0257983207702637,1346,0.10823655128479,0.0,1.0189428329467771,0.0300711817792933,0.0210428237915039,18.24851928426336,0.0026144981384277,0.016012501281000156,4.242268323898315,0.424390243902439,0.0008995532989501,0,0,333,['cluster'],['intersecting']
figure_category_based_markersize160_ms_interleaved_40_80_3d_50_tsne.png,ms_interleaved_40_80_3d_50_tsne,205,3,160,0.7879124474874405,1.2581603527069092,0.7989423385266028,0.3473615646362304,0.8284315914724613,1.4966046810150146,0.7894288435374931,1.2743849754333496,0.7918284194897112,0.3521454334259033,0.6784745693451971,1.2887530326843262,0.6845609707577969,1.2713377475738523,0.6874242447982392,0.6032760143280029,0.6761530977903727,1.2202446460723877,0.6807420076641701,1.290668249130249,0.5957300546089888,0.3537487983703613,0.5988290231288251,1.2587213516235352,0.5874366488968024,1.5075697898864746,0.5913061309081838,0.3451018333435058,0.5969897152135419,1.2331197261810305,1.0,1.080333232879639,3747,0.1150627136230468,0.0,1.0435137748718262,0.0300711817792933,0.0209016799926757,18.24851928426336,0.0026729106903076,0.02105703596104109,4.369982719421387,0.424390243902439,0.0009231567382812,0,0,946,['cluster'],['intersecting']
figure_ascending_markersize10_ms_interleaved_40_80_3d_50_tsne.png,ms_interleaved_40_80_3d_50_tsne,205,3,10,1.0,0.2982523441314697,1.0,1.2220208644866943,1.0,1.4884016513824463,1.0,0.3074564933776855,1.0,1.213740348815918,0.9973267894744644,1.2313716411590576,0.9971212091199454,0.3062396049499511,0.9967680937820356,1.4452781677246094,0.9972368779881682,1.2204527854919434,0.9973122576918588,1.2132573127746582,0.9946678329540004,0.3074462413787842,0.994258945535126,1.2635226249694824,0.9935570107012482,1.5914897918701172,0.9944889835870944,0.3058958053588867,0.99463892457296,1.22461199760437,1.0,1.044374942779541,2,0.1049525737762451,0.0,1.053919792175293,0.0300711817792933,0.0219020843505859,18.248519284263363,0.0027952194213867,0.0028232371388130927,2.016327142715454,0.424390243902439,0.0008625984191894,0,0,0,['cluster'],['intersecting']
figure_ascending_markersize60_ms_interleaved_40_80_3d_50_tsne.png,ms_interleaved_40_80_3d_50_tsne,205,3,60,0.9782569172575012,1.2631008625030518,0.9713028366715344,0.313364028930664,0.9636820928811248,1.4734535217285156,0.9781552987951744,1.2609095573425293,0.9727318441229764,1.2872350215911863,0.9447509347431736,0.3125011920928955,0.935364529154622,1.2707180976867676,0.9242128427677376,1.574742555618286,0.9429269619904388,0.3278183937072754,0.9384059598486072,1.2625374794006348,0.9134641497592232,0.3095884323120117,0.9019907752297314,1.2344987392425537,0.8878494484464837,1.5210702419281006,0.9101479161954068,0.3102669715881347,0.906420093029032,1.2717111110687256,1.0,1.093085765838623,226,0.1081006526947021,0.0,1.0802319049835205,0.0300711817792933,0.017629861831665,18.248519284263363,0.0025637149810791,0.009939973408618706,3.268219470977783,0.424390243902439,0.0008416175842285,0,0,0,['cluster'],['intersecting']
figure_ascending_markersize110_ms_interleaved_40_80_3d_50_tsne.png,ms_interleaved_40_80_3d_50_tsne,205,3,110,0.9136646269951044,0.7146227359771729,0.8968484124119476,0.6102604866027832,0.87391130185973,0.9421401023864746,0.9144025635452236,0.6707711219787598,0.9016400298143048,0.6064388751983643,0.8336312888916644,0.6216607093811035,0.8152958694015161,0.6762049198150635,0.7804337229369861,0.9503293037414552,0.8307218891101014,0.639000415802002,0.8213815105499909,0.5987966060638428,0.7664898665069884,0.6860597133636475,0.7473386059839962,0.6964359283447266,0.7050213873405674,0.8795039653778076,0.7610730208559695,0.6367154121398926,0.7542433486190188,0.7474255561828613,1.0,0.3815569877624511,1346,0.3648266792297363,0.0,0.2377369403839111,0.0300711817792933,0.0224568843841552,18.248519284263363,0.0027861595153808,0.016012501281000156,3.067709445953369,0.424390243902439,0.0008914470672607,0,0,0,['cluster'],['intersecting']
figure_ascending_markersize160_ms_interleaved_40_80_3d_50_tsne.png,ms_interleaved_40_80_3d_50_tsne,205,3,160,0.8311045220602771,0.826838493347168,0.8041796333927959,0.67691969871521,0.7709262706845217,0.9444756507873536,0.8329870412707172,0.6929090023040771,0.8124564946039787,0.6914944648742676,0.7134341836710816,0.7018325328826904,0.6891446457335887,0.707634449005127,0.6387140411267538,0.9658582210540771,0.7110311410245107,0.7130069732666016,0.6975200585471424,0.7538919448852539,0.6249516096585016,0.6484837532043457,0.6029017335759824,0.8380088806152344,0.5452114306140048,0.9901275634765624,0.6202252518590421,0.7790365219116211,0.6110729152090599,0.7516603469848633,1.0,0.4491596221923828,3747,0.2695574760437011,0.0,0.406240701675415,0.0300711817792933,0.0211479663848876,18.248519284263363,0.0028467178344726,0.02105703596104109,3.5589418411254883,0.424390243902439,0.0008821487426757,0,0,0,['cluster'],['intersecting']
figure_descending_markersize10_ms_interleaved_40_80_3d_50_tsne.png,ms_interleaved_40_80_3d_50_tsne,205,3,10,1.0,0.6981394290924072,1.0,0.692859411239624,1.0,0.8256299495697021,1.0,0.8602988719940186,1.0,0.5905435085296631,0.9972762152462378,0.851029634475708,0.9971163505336904,0.5817430019378662,0.9967934185877338,0.977139949798584,0.9971714742969237,0.7394607067108154,0.9972863225271038,0.7531347274780273,0.9945672281934927,0.7464513778686523,0.9942492841161704,0.7759511470794678,0.9936073357737504,1.224701166152954,0.994358904577244,0.631669282913208,0.9945873332859378,0.8046939373016357,1.0,0.289175271987915,2,0.4722797870635986,0.0,0.4648973941802978,0.0300711817792933,0.0222275257110595,18.248519284263363,0.0026800632476806,0.0028232371388130927,2.296023368835449,0.424390243902439,0.0008399486541748,0,0,0,['cluster'],['intersecting']
figure_descending_markersize60_ms_interleaved_40_80_3d_50_tsne.png,ms_interleaved_40_80_3d_50_tsne,205,3,60,0.9706121541571728,0.8064770698547363,0.9689859059769672,0.818687915802002,0.980137577701626,0.9128499031066896,0.9695340041866958,0.8589200973510742,0.9698216762515148,0.6629853248596191,0.936628428443442,0.8176207542419434,0.9330440166139838,0.8287827968597412,0.9422857901591148,0.91898512840271,0.9339384342299396,0.8560652732849121,0.9352757972319315,0.672661304473877,0.904943923016249,0.8596920967102051,0.8996730968608991,0.6680631637573242,0.9072488803925024,1.1241812705993652,0.9008640210138475,0.8936891555786133,0.9031063744229704,0.6769492626190186,1.0,0.5793557167053223,226,0.5623700618743896,0.0,0.3333809375762939,0.0300711817792933,0.0225152969360351,18.248519284263363,0.0028254985809326,0.009939973408618706,2.8639936447143555,0.424390243902439,0.000868797302246,0,0,61,['cluster'],['intersecting']
figure_descending_markersize110_ms_interleaved_40_80_3d_50_tsne.png,ms_interleaved_40_80_3d_50_tsne,205,3,110,0.8799165189344509,0.535036563873291,0.8889208250116404,0.9297053813934326,0.9407728046727774,0.9821889400482178,0.8791649256773594,0.7227587699890137,0.8859854604443874,0.9307417869567872,0.8027260439022621,0.7399659156799316,0.808158876605809,0.7486758232116699,0.8442534226315586,1.2412338256835938,0.79887612494303,0.7668092250823975,0.8071405459321332,0.7739286422729492,0.737986359582613,0.7815959453582764,0.7408497655383558,0.7813112735748291,0.7656961755199984,1.0251290798187256,0.7320247445780301,0.7719180583953857,0.7411818769316315,0.7888085842132568,1.0,0.6111860275268555,1346,0.3645040988922119,0.0,0.3524243831634521,0.0300711817792933,0.0211446285247802,18.248519284263363,0.0029246807098388,0.016012501281000156,3.159446954727173,0.424390243902439,0.0006835460662841,0,0,458,['cluster'],['intersecting']
figure_descending_markersize160_ms_interleaved_40_80_3d_50_tsne.png,ms_interleaved_40_80_3d_50_tsne,205,3,160,0.7646305164698244,1.026918888092041,0.7894482251359602,0.5690081119537354,0.8942523503529771,1.2703800201416016,0.7645821173107353,0.8129606246948242,0.78040696142527,0.7986483573913574,0.658970449995804,0.8252654075622559,0.6770695800260124,1.0638689994812012,0.7403892033369233,1.095717430114746,0.6557669762874027,0.6014633178710938,0.6713152424037356,1.0797905921936035,0.5789662963078999,0.8471567630767822,0.5926984390023042,0.9327056407928468,0.6317002152167367,0.8339369297027588,0.5740660374279578,1.0777647495269775,0.5889824234698262,0.8478255271911621,1.0,0.4137306213378906,3747,0.3878896236419678,0.0,0.6585450172424316,0.0300711817792933,0.0207974910736084,18.248519284263363,0.0026831626892089,0.02105703596104109,3.66366982460022,0.424390243902439,0.0008080005645751,0,0,1392,['cluster'],['intersecting']
figure_category_based_markersize10_n100-d5-c3-spr0.2-out0_pca.png,n100-d5-c3-spr0.2-out0_pca,100,3,10,1.0,0.5662388801574707,1.0,0.9512689113616944,1.0,1.1194076538085938,1.0,1.0910604000091553,1.0,0.5665574073791504,1.0,1.0786466598510742,1.0,0.5689065456390381,1.0,1.3249733448028564,1.0,0.5651099681854248,1.0,0.8335700035095215,1.0,0.8484551906585693,1.0,0.581843376159668,1.0,1.3720653057098389,1.0,0.6038906574249268,1.0,0.8376092910766602,1.0,0.6867187023162842,0,0.4155895709991455,0.0,0.4167172908782959,0.0303522185967279,0.0125777721405029,24.03354682505118,0.0019078254699707,0.004103049699311091,1.033348798751831,0.23,0.000615119934082,0,0,0,['cluster'],['intersecting']
figure_category_based_markersize60_n100-d5-c3-spr0.2-out0_pca.png,n100-d5-c3-spr0.2-out0_pca,100,3,60,0.8480171954649546,0.8962860107421875,0.8696488539146345,0.8817155361175537,0.916650427234624,0.8429555892944336,0.85070681868972,0.8682277202606201,0.8616440644984952,1.175381422042847,0.8179415490977985,0.6030700206756592,0.8353554261963383,0.909071922302246,0.8747939076107452,1.1572678089141846,0.8211992481168593,1.001394271850586,0.830779499218451,0.6652686595916748,0.7899261507165274,0.9142241477966307,0.8036640212145945,0.9378261566162108,0.8365930072617533,0.9016432762145996,0.7936700517485872,0.9053049087524414,0.8020496391012294,0.9211030006408693,1.0,0.4412834644317627,231,0.7632424831390381,0.0,0.4510574340820312,0.0303522185967279,0.0107960700988769,24.03354682505118,0.0018477439880371,0.020013323283913698,1.1650071144104004,0.23,0.0006208419799804,0,0,77,['cluster'],['intersecting']
figure_category_based_markersize110_n100-d5-c3-spr0.2-out0_pca.png,n100-d5-c3-spr0.2-out0_pca,100,3,110,0.7320121003087898,0.9755172729492188,0.7684462595255039,0.6549811363220215,0.8370515204309119,1.1771585941314695,0.7387736792694781,0.9628138542175292,0.7549319460038255,0.6478514671325684,0.665075435623046,0.9681262969970704,0.6843644675077482,0.6479427814483643,0.718479735747559,1.246676683425903,0.6713424148142868,0.9700477123260498,0.6803293959827887,0.987163782119751,0.6093548019910189,0.6600096225738525,0.6168680482202382,0.9969570636749268,0.6293322400026495,0.9074811935424804,0.6151910996112497,1.005333662033081,0.6191453125748012,1.0067410469055176,1.0,0.480421781539917,1124,0.4797403812408447,0.0,0.4612472057342529,0.0303522185967279,0.0132694244384765,24.03354682505118,0.0018539428710937,0.028703024864352476,1.2257556915283203,0.23,0.0005598068237304,0,0,347,['cluster'],['intersecting']
figure_category_based_markersize160_n100-d5-c3-spr0.2-out0_pca.png,n100-d5-c3-spr0.2-out0_pca,100,3,160,0.6678208530215963,1.0271341800689695,0.7028702745275379,1.0222618579864502,0.7549206457064954,0.9331915378570556,0.6751910357268097,1.0408761501312256,0.6882800049386653,1.0175206661224363,0.58018753768091,0.6692142486572266,0.5928462203132714,1.045844793319702,0.6009893602082381,0.919585943222046,0.5859397547998484,1.0298590660095217,0.5900400920108966,0.6862800121307373,0.5128852980803891,1.053508996963501,0.5126053545842237,1.0486905574798584,0.4992004311084229,0.9263739585876464,0.51752926453443,1.0613250732421875,0.5163414024465016,0.7067608833312988,1.0,0.5211868286132812,2432,0.4954919815063476,0.0,0.9147300720214844,0.0303522185967279,0.0133919715881347,24.03354682505118,0.00185227394104,0.03415424970865225,1.3957061767578125,0.23,0.0006015300750732,0,0,722,['cluster'],['intersecting']
figure_ascending_markersize10_n100-d5-c3-spr0.2-out0_pca.png,n100-d5-c3-spr0.2-out0_pca,100,3,10,1.0,0.6770114898681641,1.0,0.6824948787689209,1.0,0.9322693347930908,1.0,1.0640861988067627,1.0,1.060328722000122,1.0,0.6881628036499023,1.0,0.6716742515563965,1.0,1.3028461933135986,1.0,0.693042516708374,1.0,1.1379609107971191,1.0,0.7116527557373047,1.0,0.6918201446533203,1.0,1.377528429031372,1.0,0.7330517768859863,1.0,1.1616477966308594,1.0,0.5250928401947021,0,0.5152637958526611,0.0,0.5198240280151367,0.0303522185967279,0.0138473510742187,24.03354682505117,0.0018525123596191,0.004103049699311091,1.0376896858215332,0.23,0.000497817993164,0,0,0,['cluster'],['intersecting']
figure_ascending_markersize60_n100-d5-c3-spr0.2-out0_pca.png,n100-d5-c3-spr0.2-out0_pca,100,3,60,0.9073898512565932,1.1441445350646973,0.8828006920337195,0.7404286861419678,0.8541055030134387,0.9588191509246826,0.9133775050322168,1.135997295379639,0.9027071657039948,0.7226753234863281,0.873577463533803,0.7107772827148438,0.8475508207058009,1.140005111694336,0.8162946181470448,0.9617533683776855,0.8799944042099263,0.7332777976989746,0.8691549659656106,1.1803770065307615,0.8421944741191932,0.7432951927185059,0.8150078883597287,0.7361552715301514,0.7816895562340299,1.399791240692139,0.8489655023553996,0.7401542663574219,0.8380075488095668,0.7498435974121094,1.0,0.5519595146179199,231,1.011186599731445,0.0,0.1043112277984619,0.0303522185967279,0.0132904052734375,24.03354682505117,0.0018467903137207,0.020013323283913698,1.5872116088867188,0.23,0.0005407333374023,0,0,0,['cluster'],['intersecting']
figure_ascending_markersize110_n100-d5-c3-spr0.2-out0_pca.png,n100-d5-c3-spr0.2-out0_pca,100,3,110,0.8192356070969316,0.7703611850738525,0.7871255017269765,0.7727055549621582,0.7376251385295771,1.0069940090179443,0.8336198101774884,0.7450265884399414,0.8191014085250813,1.1960217952728271,0.7401902479590184,0.7862119674682617,0.7011818799553791,0.7738828659057617,0.6422789038553027,0.9972364902496338,0.7526336713125026,1.19620943069458,0.7347548080688826,0.7548568248748779,0.6750562796578282,0.7573659420013428,0.6321585819575034,1.2225449085235596,0.5687603207882981,1.0162465572357178,0.6859897848571486,0.77449631690979,0.666157534497668,0.7731583118438721,1.0,0.5897331237792969,1124,0.5893275737762451,0.0,0.5908634662628174,0.0303522185967279,0.0120277404785156,24.03354682505117,0.0017988681793212,0.028703024864352476,1.2529771327972412,0.23,0.0004386901855468,0,0,0,['cluster'],['intersecting']
figure_ascending_markersize160_n100-d5-c3-spr0.2-out0_pca.png,n100-d5-c3-spr0.2-out0_pca,100,3,160,0.7604757214656126,0.8064403533935547,0.7222098668672354,1.256408452987671,0.6464295322896277,1.0523004531860352,0.7774348151505562,0.797863245010376,0.7585169796478426,0.8052892684936523,0.6567245286986482,0.7885355949401855,0.6107526623300406,0.8023016452789307,0.5307904569083014,1.5306956768035889,0.6681513957732181,0.8168442249298096,0.6460237269536061,0.8003015518188477,0.5778841778027142,0.7946898937225342,0.5290980225560624,0.8037912845611572,0.4502463732913426,1.5189809799194336,0.5858052046737341,0.8265728950500488,0.5625880706729064,0.8456745147705078,1.0,0.6299154758453369,2432,0.6325032711029053,0.0,0.618445634841919,0.0303522185967279,0.0132946968078613,24.03354682505117,0.0018067359924316,0.03415424970865226,1.35288405418396,0.23,0.0005478858947753,0,0,0,['cluster'],['intersecting']
figure_descending_markersize10_n100-d5-c3-spr0.2-out0_pca.png,n100-d5-c3-spr0.2-out0_pca,100,3,10,1.0,0.7901883125305176,1.0,1.288853883743286,1.0,1.0531370639801023,1.0,0.8099830150604248,1.0,0.8259317874908447,1.0,0.8007252216339111,1.0,1.3385519981384275,1.0,1.0798521041870115,1.0,0.8267176151275635,1.0,0.8359692096710205,1.0,0.8281302452087402,1.0,0.8316628932952881,1.0,1.058884620666504,1.0,0.8235764503479004,1.0,0.8419642448425293,1.0,0.6454873085021973,0,0.6480977535247803,0.0,0.6561658382415771,0.0303522185967279,0.0125982761383056,24.03354682505117,0.0018043518066406,0.004103049699311091,1.1592659950256348,0.23,0.0005309581756591,0,0,0,['cluster'],['intersecting']
figure_descending_markersize60_n100-d5-c3-spr0.2-out0_pca.png,n100-d5-c3-spr0.2-out0_pca,100,3,60,0.8304453543578187,0.30633544921875,0.8660604154668565,1.427130937576294,0.9239644628675372,1.14156174659729,0.8190663111137101,0.8587872982025146,0.8428586101437293,0.8638978004455566,0.7996515919521767,0.9033174514770508,0.8317441528391107,0.8907756805419922,0.8839645767159543,1.1395821571350098,0.7898638582855175,0.854041337966919,0.81247145158683,0.834503173828125,0.771059902779481,0.8728888034820557,0.8000436973716051,0.8794052600860596,0.8472842965098977,1.0968599319458008,0.7626720494593981,0.8514809608459473,0.7841991143969688,0.8996710777282715,1.0,0.7179241180419922,231,0.7121150493621826,0.0,0.1234216690063476,0.0303522185967279,0.0154604911804199,24.03354682505117,0.0020713806152343,0.020013323283913698,1.2667174339294434,0.23,0.0005183219909667,0,0,137,['cluster'],['intersecting']
figure_descending_markersize110_n100-d5-c3-spr0.2-out0_pca.png,n100-d5-c3-spr0.2-out0_pca,100,3,110,0.7097693091753816,0.8788154125213623,0.7641298481809312,1.459422588348389,0.8541833285396324,1.1387290954589844,0.7009432322003735,0.3192133903503418,0.7319446651493038,1.4765634536743164,0.6426512128139433,0.9045629501342772,0.6803423902734751,0.9091944694519044,0.737492756202453,1.146226406097412,0.6359924203451892,0.3162403106689453,0.6598190987443923,1.4642274379730225,0.5871302638050786,0.9212777614593506,0.6131139483270918,0.927980661392212,0.648852561283145,0.6096632480621338,0.5820577744816064,1.4933841228485107,0.6006329426672914,0.8947813510894775,1.0,0.7069590091705322,1124,0.1077942848205566,0.0,0.7050740718841553,0.0303522185967279,0.0131287574768066,24.03354682505117,0.0017738342285156,0.028703024864352476,1.3227505683898926,0.23,0.0005364418029785,0,0,531,['cluster'],['intersecting']
figure_descending_markersize160_n100-d5-c3-spr0.2-out0_pca.png,n100-d5-c3-spr0.2-out0_pca,100,3,160,0.6368855400862309,0.9333407878875732,0.6979064924747926,0.9256811141967772,0.8019492508912474,1.1939446926116943,0.6324861618184372,0.8851981163024902,0.6642693413610068,0.8796746730804443,0.5522204916689488,1.5008111000061035,0.5896070753576046,0.9298300743103028,0.6374565732689889,0.5656547546386719,0.5497780835575863,1.5102975368499756,0.5712503638433026,0.3162779808044433,0.4874242384205991,1.5669710636138916,0.5104038571354569,0.9420361518859864,0.5289586537238327,0.5749671459197998,0.486199427281018,1.5352180004119873,0.5010827362348441,0.3270549774169922,1.0,0.7411131858825684,2432,0.7465996742248535,0.0,0.7363712787628174,0.0303522185967279,0.0125956535339355,24.03354682505117,0.0019652843475341,0.03415424970865225,1.4964666366577148,0.23,0.0005574226379394,0,0,1109,['cluster'],['intersecting']
figure_category_based_markersize10_musicnetgroups_umap.png,musicnetgroups_umap,171,6,10,1.0,0.9376397132873536,1.0,0.9371554851531982,1.000000691906518,1.421762228012085,0.9999705693596974,0.9639835357666016,0.9999581755808964,0.936976432800293,0.3995966515039828,0.3224334716796875,0.4076228126312884,1.586395025253296,0.4351632683266563,0.8669869899749756,0.3916150769089636,0.9437963962554932,0.4076411300587916,1.6664819717407229,0.2496849634059468,0.3159492015838623,0.255983830881712,0.944511651992798,0.2780885544085187,2.061403274536133,0.2434851742598044,0.3183157444000244,0.25600101998884,0.9340777397155762,0.9005847953216374,0.7633202075958252,546,0.7744255065917969,0.0350877192982456,0.7723495960235596,0.0282691751395183,0.0295360088348388,2.63070035569845,0.0025172233581542,0.061993658536457205,2.534907341003418,0.1111111111111111,0.0013630390167236,0,0,3,"['three_order','cluster']",['intersecting']
figure_category_based_markersize60_musicnetgroups_umap.png,musicnetgroups_umap,171,6,60,0.9248147311254858,0.3261704444885254,0.9509483975699904,0.9730689525604248,0.9632362095170114,1.468576431274414,0.992392214688341,1.6330533027648926,0.992862206608049,0.3144071102142334,0.2242357359328296,0.9989542961120604,0.2280422647636762,0.9656579494476318,0.2266383907002198,1.4994773864746094,0.22197221080343,0.986257553100586,0.2246426944197591,0.9851667881011964,0.1275854019107093,0.985316276550293,0.1295551210214768,1.7213921546936035,0.1284280116471732,0.8224222660064697,0.124961406301558,1.0619964599609375,0.1266490015196012,0.9986252784729004,0.695906432748538,0.8095343112945557,4361,0.7955718040466309,0.0350877192982456,0.8185687065124512,0.0282691751395183,0.0298540592193603,2.63070035569845,0.0023989677429199,0.10233205538117986,2.0701582431793213,0.1111111111111111,0.0013074874877929,0,0,8,"['three_order','cluster']",['intersecting']
figure_category_based_markersize110_musicnetgroups_umap.png,musicnetgroups_umap,171,6,110,0.8616934419508688,1.0144696235656738,0.9078004775992682,1.0030183792114258,0.9158221657886992,1.4908130168914795,0.9848783339422196,1.0126965045928955,0.9858347554608043,1.010833501815796,0.2029077517072196,1.0202252864837646,0.2042888468032525,1.0234885215759275,0.2005983605585802,1.5219087600708008,0.2041527990546727,1.0180668830871582,0.2041360521168473,1.0160024166107178,0.1149928830096814,1.0578513145446775,0.1150947179816648,1.0525720119476318,0.1126347315064743,1.5542526245117188,0.1138792637194846,0.3353636264801025,0.1138560710219492,1.021409273147583,0.6491228070175439,0.8368957042694092,7305,0.8589601516723633,0.0350877192982456,0.1133840084075927,0.0282691751395183,0.028874397277832,2.63070035569845,0.0024034976959228,0.12007407987456219,2.9574127197265625,0.1111111111111111,0.001410961151123,1,0,0,"['three_order','cluster']",['intersecting']
figure_category_based_markersize160_musicnetgroups_umap.png,musicnetgroups_umap,171,6,160,0.8211079658638302,0.3318431377410888,0.8774907690082764,1.0677225589752195,0.8744137869492006,1.5443120002746582,0.9794921567425188,1.0684223175048828,0.9806827891017256,0.3420360088348388,0.1940622051079356,1.1091818809509275,0.194890479316157,1.0345523357391355,0.1903969395685871,1.5432531833648682,0.196531739104944,1.0581247806549072,0.1959372382050667,1.0621848106384275,0.1100339139126969,1.0795114040374756,0.109618342861337,0.3578011989593506,0.1068290787438872,1.543346881866455,0.1092235330485239,1.0875372886657717,0.1088417314361284,1.1249287128448486,0.6140350877192983,0.9272596836090088,9579,0.8901772499084473,0.0350877192982456,0.1120252609252929,0.0282691751395183,0.0285909175872802,2.63070035569845,0.0021395683288574,0.13071448506644573,3.383044958114624,0.1111111111111111,0.0012052059173583,1,0,0,"['three_order','cluster']",['intersecting']
figure_ascending_markersize10_musicnetgroups_umap.png,musicnetgroups_umap,171,6,10,0.977287087376268,1.0838518142700195,0.960400810828284,1.0729455947875977,1.0000007045044526,1.5929052829742432,1.0,1.0720200538635254,1.0,0.3079640865325928,0.4012396029896818,1.080697536468506,0.4012628144747501,1.0606298446655271,0.4186378531515332,1.5604455471038818,0.3929979768666323,1.1050493717193604,0.4082958421966975,0.3149957656860351,0.2524416117905487,1.0939061641693115,0.2536119055040877,1.0925889015197754,0.264732386511077,1.5768752098083496,0.244553504730726,1.1087324619293213,0.2565149058605107,1.1036105155944824,0.9005847953216374,0.1065239906311035,546,0.9018003940582277,0.0350877192982456,0.8998653888702393,0.0282691751395183,0.0280413627624511,2.63070035569845,0.002244234085083,0.06199365853645722,1.5042846202850342,0.1111111111111111,0.0012876987457275,0,0,0,"['three_order','cluster']",['intersecting']
figure_ascending_markersize60_musicnetgroups_umap.png,musicnetgroups_umap,171,6,60,0.9199611307179252,1.106370449066162,0.8897153777651674,1.091987133026123,0.8683263278045105,1.5876779556274414,0.9924875479474,1.0976097583770752,0.9929176752541308,0.318584680557251,0.2298541002440154,1.109985589981079,0.2235290965490298,1.1440505981445312,0.1952355578272194,1.597464084625244,0.2250043990365907,1.1391963958740234,0.2259593351537336,0.322852611541748,0.1313340907282504,1.1279613971710205,0.1278212369204859,1.1811392307281494,0.1099820257793537,1.6757025718688965,0.1268851036416973,1.1496100425720217,0.127485695472483,1.1825757026672363,0.695906432748538,0.120739459991455,4361,1.0677790641784668,0.0350877192982456,0.961944341659546,0.0282691751395183,0.0292353630065917,2.63070035569845,0.0024182796478271,0.10233205538117986,1.7373700141906738,0.1111111111111111,0.0012555122375488,0,0,0,"['three_order','cluster']",['intersecting']
figure_ascending_markersize110_musicnetgroups_umap.png,musicnetgroups_umap,171,6,110,0.9100519645438068,1.121776103973389,0.851138688765305,1.1543657779693604,0.768308818677685,1.6586344242095947,0.9851397968169736,0.3352525234222412,0.9859368893367314,1.226090908050537,0.2135575580944012,1.1842598915100098,0.200417615816275,1.172123908996582,0.1617212746816581,1.6926603317260742,0.208538019170892,0.3444681167602539,0.2058883172423704,1.1661813259124756,0.1209728388772469,1.1787075996398926,0.1135813017166239,0.3330991268157959,0.0903718162902733,1.6292459964752195,0.116611371845068,1.1387178897857666,0.1149459559470089,1.1636066436767578,0.6491228070175439,0.9659144878387452,7305,0.1183805465698242,0.0350877192982456,0.991126298904419,0.0282691751395183,0.0276496410369873,2.63070035569845,0.0025587081909179,0.12007407987456219,2.7667956352233887,0.1111111111111111,0.0013411045074462,1,0,0,"['three_order','cluster']",['intersecting']
figure_ascending_markersize160_musicnetgroups_umap.png,musicnetgroups_umap,171,6,160,0.90171860658195,0.3307013511657715,0.8244317471130129,1.204404592514038,0.6883629586951329,1.6672728061676023,0.9799463779569952,0.3534362316131592,0.9808563474645954,1.17964768409729,0.2076989978983778,1.1871302127838137,0.1911444756119172,1.220964431762695,0.1465404348889539,0.8450281620025635,0.2016975012549274,1.212578058242798,0.1979476290980868,1.195188283920288,0.1173664008179619,1.2117266654968262,0.1081042175943852,0.3439428806304931,0.081998209833796,1.7782292366027832,0.1124179668179518,1.2264583110809326,0.1100816612301687,0.3667154312133789,0.6140350877192983,1.0081415176391602,9579,1.0283479690551758,0.0350877192982456,0.120121955871582,0.0282691751395183,0.0305390357971191,2.63070035569845,0.0027084350585937,0.13071448506644567,3.134530782699585,0.1111111111111111,0.0012476444244384,1,0,0,"['three_order','cluster']",['intersecting']
figure_descending_markersize10_musicnetgroups_umap.png,musicnetgroups_umap,171,6,10,0.9769435641924468,1.2302992343902588,0.9602949838583372,1.2070510387420654,1.0000006749739028,0.8058140277862549,0.9997937386724418,1.2829947471618652,0.999707110433864,1.2131133079528809,0.3887719799472399,0.3279063701629638,0.3989658208379542,1.1958293914794922,0.4603269107416261,1.718019723892212,0.3903877205391626,0.3086864948272705,0.4070177799945169,1.2015957832336426,0.2426711441180205,1.2036445140838623,0.2517868011410759,0.3195326328277588,0.2989769848277871,1.7048075199127195,0.2425473885382792,1.211451530456543,0.2555259219936442,1.2082648277282717,0.9005847953216374,0.1078464984893798,546,1.0434632301330566,0.0350877192982456,1.056423902511597,0.0282691751395183,0.0283129215240478,2.63070035569845,0.0024244785308837,0.0619936585364572,1.520232915878296,0.1111111111111111,0.0010290145874023,0,0,20,"['three_order','cluster']",['intersecting']
figure_descending_markersize60_musicnetgroups_umap.png,musicnetgroups_umap,171,6,60,0.8607921341681968,1.2509586811065674,0.875974376735095,1.2476227283477783,0.9926742363864628,0.8148360252380371,0.9814331166201654,1.2457802295684814,0.946443125507696,1.225156545639038,0.2103968629640705,0.3337299823760986,0.2189655161714905,1.2602529525756836,0.2534984023829167,1.7231340408325195,0.2178108914278496,0.3422226905822754,0.2201768642003162,1.2347779273986816,0.1198448081616422,1.2783308029174805,0.1251208603512121,0.3374257087707519,0.1453020312283621,1.7387988567352295,0.1224985918130393,1.286343336105347,0.1245792491874552,1.3352863788604736,0.695906432748538,0.1091651916503906,4361,1.1123974323272705,0.0350877192982456,0.1048269271850586,0.0282691751395183,0.0291762351989746,2.63070035569845,0.0025272369384765,0.10233205538118001,2.6832268238067627,0.1111111111111111,0.0014643669128417,0,0,490,"['three_order','cluster']",['intersecting']
figure_descending_markersize110_musicnetgroups_umap.png,musicnetgroups_umap,171,6,110,0.8013442280442931,1.305335283279419,0.8273241221708739,1.281379461288452,0.964502953799458,0.8231492042541504,0.9674780263594388,1.2939038276672363,0.9010116472451212,1.2960436344146729,0.1881846753546263,0.3350744247436523,0.1954867601077454,1.2991809844970703,0.2286725110774879,0.8275938034057617,0.1989602230399814,1.3107187747955322,0.198318806591493,1.307732105255127,0.1066103219063651,1.3170208930969238,0.1108382546754729,0.3372833728790283,0.129712980312092,1.7960577011108398,0.1108813976507991,0.3303449153900146,0.1114217463098906,1.2908921241760254,0.6491228070175439,1.1132690906524658,7305,0.117175817489624,0.0350877192982456,1.1188910007476809,0.0282691751395183,0.0288560390472412,2.63070035569845,0.0025475025177001,0.12007407987456219,2.896350383758545,0.1111111111111111,0.0010077953338623,0,0,1387,"['three_order','cluster']",['intersecting']
figure_descending_markersize160_musicnetgroups_umap.png,musicnetgroups_umap,171,6,160,0.7620371889219754,0.7715089321136475,0.7944253567383781,0.6278274059295654,0.9410625831007544,1.225123405456543,0.9578943186590309,0.6618137359619141,0.8703751070165364,0.6063063144683838,0.1787969829688407,0.650749921798706,0.1860312196934066,0.5891056060791016,0.2196813772363581,1.1516168117523191,0.1906947466724882,0.7084684371948242,0.1891844768012152,0.6114604473114014,0.1012801900993464,0.723912239074707,0.1053506304441435,0.7192685604095459,0.1243554372745844,1.1665315628051758,0.1058872305016056,0.672015905380249,0.1061259960119362,0.6835789680480957,0.6140350877192983,0.3774726390838623,9579,0.3881337642669678,0.0350877192982456,0.2462832927703857,0.0282691751395183,0.0282516479492187,2.63070035569845,0.0025880336761474,0.13071448506644565,2.600149154663086,0.1111111111111111,0.0013635158538818,0,0,2434,"['three_order','cluster']",['intersecting']
figure_category_based_markersize10_test___interleaved_100_200_10d_0_notcramped_notrotated_umap.png,test___interleaved_100_200_10d_0_notcramped_notrotated_umap,2179,3,10,0.8947131311875983,0.7375962734222412,0.8980142665643852,0.7285540103912354,1.0523999287136827,1.0152010917663574,0.9066079029818778,0.6231489181518555,0.922303432931414,0.8415682315826416,0.4367735847976185,0.7510287761688232,0.446024815155123,0.7415635585784912,0.4608516531781894,1.026323318481445,0.4347432213355663,0.6603753566741943,0.443949421884941,0.9278805255889891,0.288904216250219,0.7505531311035156,0.2966929956698545,0.7555990219116211,0.2950216105949756,1.0771052837371826,0.2859263540137321,0.7986598014831543,0.2923313459781687,0.8138453960418701,0.9072969251950436,0.6189150810241699,6227,0.4982705116271972,0.0027535566773749,0.3027265071868896,0.0301857984938592,0.2185249328613281,3.157635619406874,0.0198767185211181,-,15.0,0.0367140890316659,0.0075459480285644,0,0,121,['cluster'],['touching']
figure_category_based_markersize60_test___interleaved_100_200_10d_0_notcramped_notrotated_umap.png,test___interleaved_100_200_10d_0_notcramped_notrotated_umap,2179,3,60,0.7165186281593878,0.6959879398345947,0.743970448532971,0.9642629623413086,1.1810701648519293,1.2594025135040283,0.7397237792202915,0.9886536598205566,0.7770883684161626,0.9776546955108644,0.2364211050064228,0.8211381435394287,0.2413251328198622,0.955183744430542,0.2571434095539842,1.2529637813568115,0.2363228750216797,1.0249879360198977,0.2412741625885379,0.9998888969421388,0.1415659697066134,1.009169101715088,0.1440209344816438,0.9995014667510986,0.1442778401266677,1.3066444396972656,0.1406243899416888,1.0223517417907717,0.1428067466886436,1.047206163406372,0.7099586966498393,0.7656898498535156,52683,0.3918039798736572,0.0027535566773749,0.5428853034973145,0.0301857984938592,0.2134971618652343,3.157635619406874,0.0192043781280517,-,15.0,0.0367140890316659,0.0072505474090576,2,0,1837,['cluster'],['touching']
figure_category_based_markersize110_test___interleaved_100_200_10d_0_notcramped_notrotated_umap.png,test___interleaved_100_200_10d_0_notcramped_notrotated_umap,2179,3,110,0.5995917377960005,1.2244532108306885,0.6428878036052239,1.084538459777832,1.3527744467578524,1.4930195808410645,0.6317884176655031,1.046356439590454,0.6773418267721809,1.2281572818756104,0.1923132445391835,1.246600866317749,0.1972270885067821,1.073188543319702,0.2197533687716439,1.3022758960723877,0.1935990111001833,1.0622715950012207,0.1980476175127499,1.2662475109100342,0.1145226355275809,1.2661774158477783,0.1164806966000722,1.0488533973693848,0.1195901830637675,1.3837463855743408,0.1143141569055594,1.1091158390045166,0.1159793840543096,1.1115272045135498,0.5653969710876549,0.8365659713745117,90629,0.4576783180236816,0.0027535566773749,0.3920378684997558,0.0301857984938592,0.2067511081695556,3.157635619406874,0.0201096534729003,-,15.0,0.0367140890316659,0.0073668956756591,2,0,4852,['cluster'],['touching']
figure_category_based_markersize160_test___interleaved_100_200_10d_0_notcramped_notrotated_umap.png,test___interleaved_100_200_10d_0_notcramped_notrotated_umap,2179,3,160,0.5228402593124464,1.4259498119354248,0.5725942998359275,1.223102569580078,1.5394069548043867,1.4912092685699463,0.5586083249867746,1.2302846908569336,0.6068320698569841,1.2513251304626465,0.1724385446745199,1.247032642364502,0.1776215978136333,1.245091676712036,0.2064057191804907,1.537633180618286,0.1747413566801221,1.2958543300628662,0.1791451413594319,1.50559663772583,0.1032449379468459,1.2486865520477295,0.105114285874268,1.276742696762085,0.1106188182712539,1.5729410648345947,0.1035697988643277,1.2958579063415527,0.1050836351085646,1.2889351844787598,0.4667278568150528,0.904688835144043,115770,0.5896294116973877,0.0027535566773749,0.4594776630401611,0.0301857984938592,0.2535648345947265,3.157635619406874,0.0229578018188476,-,15.0,0.0367140890316659,0.0071709156036376,2,0,8366,['cluster'],['touching']
figure_ascending_markersize10_test___interleaved_100_200_10d_0_notcramped_notrotated_umap.png,test___interleaved_100_200_10d_0_notcramped_notrotated_umap,2179,3,10,0.921946699534514,0.3571596145629883,0.9423261600641826,0.8860511779785156,0.9859015202503614,1.1425745487213137,0.9262592263453368,1.1638948917388916,0.9342529205861294,0.9024639129638672,0.44657644284621,0.644942045211792,0.4595407050909268,1.148125410079956,0.4363628013640767,1.2142479419708252,0.4420023535821653,0.9278740882873536,0.4483894221500836,0.6547365188598633,0.2946501691963114,0.9164340496063232,0.3038619736533013,1.1875886917114258,0.280187231179671,0.914618730545044,0.2902545801005703,0.9339582920074464,0.2949822434220456,1.2045764923095703,0.9072969251950436,0.6013760566711426,6227,0.444760799407959,0.0027535566773749,0.7577736377716064,0.0301857984938592,0.2181839942932129,3.157635619406874,0.0201528072357177,-,15.0,0.0367140890316659,0.0079438686370849,0,0,0,['cluster'],['touching']
figure_ascending_markersize60_test___interleaved_100_200_10d_0_notcramped_notrotated_umap.png,test___interleaved_100_200_10d_0_notcramped_notrotated_umap,2179,3,60,0.7728107908059774,0.8159234523773193,0.8286051450497903,0.7936229705810547,0.9402810649174542,1.3403699398040771,0.782750933001506,1.0845868587493896,0.8044928900171363,1.087294340133667,0.2502996073952702,1.0754508972167969,0.255849608641547,1.366708278656006,0.226957315258655,1.0876479148864746,0.2462464960038057,1.1044292449951172,0.2473328160271072,1.1438310146331787,0.1493329391300868,1.1179120540618896,0.1512803269596455,1.1285414695739746,0.1290536071261376,1.138674020767212,0.1461049004450491,1.215440273284912,0.1461293715956545,1.1205806732177734,0.7099586966498393,1.0929312705993652,52683,0.5357091426849365,0.0027535566773749,0.49810791015625,0.0301857984938592,0.211721658706665,3.157635619406874,0.0192611217498779,-,15.0,0.0367140890316659,0.0079624652862548,0,0,0,['cluster'],['touching']
figure_ascending_markersize110_test___interleaved_100_200_10d_0_notcramped_notrotated_umap.png,test___interleaved_100_200_10d_0_notcramped_notrotated_umap,2179,3,110,0.67462953361256,0.9888010025024414,0.7458136584531564,1.0005078315734863,0.8821532093572699,1.5554304122924805,0.686557032626933,1.2590434551239014,0.7117667840548949,1.2836763858795166,0.2101201464885896,1.2900755405426023,0.2140525143199287,1.3506734371185305,0.1806100255853565,1.2724206447601318,0.2059767224822021,1.3268508911132812,0.2054481444830128,0.9766576290130616,0.1244389545890893,1.2996840476989746,0.1249580756311481,1.3138470649719238,0.1006036980341992,1.2588543891906738,0.1211637758430196,1.31207275390625,0.1200500081950943,1.3321306705474854,0.5653969710876549,0.7426407337188721,90629,0.6146912574768066,0.0027535566773749,0.9344367980957032,0.0301857984938592,0.210841417312622,3.157635619406874,0.0204980373382568,-,15.0,0.0367140890316659,0.007498025894165,0,0,0,['cluster'],['touching']
figure_ascending_markersize160_test___interleaved_100_200_10d_0_notcramped_notrotated_umap.png,test___interleaved_100_200_10d_0_notcramped_notrotated_umap,2179,3,160,0.607252016783747,0.7461130619049072,0.6846735775315487,1.5036590099334717,0.827951864466253,1.777812957763672,0.6197803470317658,1.1379473209381104,0.6452467239931362,1.4565246105194092,0.193106151286117,1.1390724182128906,0.1966962766367141,1.4907519817352295,0.1592935507469384,1.800858974456787,0.1892023270068533,1.1362175941467283,0.1877730882828101,1.4830679893493652,0.1148074632384421,1.5274434089660645,0.114844704327272,1.1567392349243164,0.0881240781739657,1.8074676990509035,0.1116417858603083,1.1571271419525146,0.1098737037023001,1.5315682888031006,0.4667278568150528,0.7579965591430664,115770,0.6772410869598389,0.0027535566773749,0.5697712898254395,0.0301857984938592,0.2074909210205078,3.157635619406874,0.0190155506134033,-,15.0,0.0367140890316659,0.0065312385559082,0,0,0,['cluster'],['touching']
figure_descending_markersize10_test___interleaved_100_200_10d_0_notcramped_notrotated_umap.png,test___interleaved_100_200_10d_0_notcramped_notrotated_umap,2179,3,10,0.8916735657280604,0.751671314239502,0.8965362529619869,1.1387948989868164,1.0766544823125663,1.1022136211395264,0.900440620199509,0.8069679737091064,0.9174923304986896,1.163604974746704,0.4340333253724098,0.7725305557250977,0.4444472821504058,1.1305665969848633,0.472144030309327,1.0462117195129397,0.4318042485213512,1.1719441413879397,0.4420212831673372,0.7920980453491211,0.2868243407387277,1.168903112411499,0.2954587337936111,0.7821831703186035,0.3023712761035765,1.4455523490905762,0.2839972387601784,0.8021316528320312,0.2911427132097244,1.1995553970336914,0.9072969251950436,0.7456507682800293,6227,0.5917625427246094,0.0027535566773749,0.5614731311798096,0.0301857984938592,0.2330403327941894,3.157635619406874,0.019829511642456,-,15.0,0.0367140890316659,0.0072479248046875,0,0,174,['cluster'],['touching']
figure_descending_markersize60_test___interleaved_100_200_10d_0_notcramped_notrotated_umap.png,test___interleaved_100_200_10d_0_notcramped_notrotated_umap,2179,3,60,0.7066989576041072,0.933438777923584,0.7380157012370308,1.3335320949554443,1.2809307817925302,1.199305295944214,0.7247795096653973,1.36468243598938,0.7658037576678067,0.9515843391418456,0.2311430017453105,1.348682880401611,0.2385700006370462,0.9474496841430664,0.2775891718672746,1.6424946784973145,0.2323061058021941,0.9489519596099854,0.2392362456522166,1.3792858123779297,0.1381669185983224,0.9415409564971924,0.1422819378874305,0.9516944885253906,0.1556611708070836,1.673933506011963,0.1383202320440625,0.9621191024780272,0.1417611333434293,1.4372999668121338,0.7099586966498393,0.8935422897338867,52683,0.6669631004333496,0.0027535566773749,0.6264424324035645,0.0301857984938592,0.2110993862152099,3.157635619406874,0.0205094814300537,-,15.0,0.0367140890316659,0.0067551136016845,2,0,2983,['cluster'],['touching']
figure_descending_markersize110_test___interleaved_100_200_10d_0_notcramped_notrotated_umap.png,test___interleaved_100_200_10d_0_notcramped_notrotated_umap,2179,3,110,0.585294275283752,0.6360344886779785,0.6338373560093463,1.0915517807006836,1.5637644349573865,1.8289282321929927,0.6118862750995365,1.112490177154541,0.6625408623454443,1.1186952590942385,0.1852089073959721,1.5533099174499512,0.1934840063735738,1.177943229675293,0.2461035778590807,1.4002058506011963,0.1880838070411427,1.164792776107788,0.1952090801148023,1.652249813079834,0.1100101001493417,1.1346397399902344,0.11416724273021,1.134958267211914,0.1335616867918995,1.865550756454468,0.1111201612040658,1.110654592514038,0.1144677613869034,1.1250746250152588,0.5653969710876549,0.867027997970581,90629,0.7510864734649658,0.0027535566773749,0.66082763671875,0.0301857984938592,0.2131633758544922,3.157635619406874,0.0197725296020507,-,15.0,0.0367140890316659,0.007807970046997,2,0,8328,['cluster'],['touching']
figure_descending_markersize160_test___interleaved_100_200_10d_0_notcramped_notrotated_umap.png,test___interleaved_100_200_10d_0_notcramped_notrotated_umap,2179,3,160,0.5047345687423019,0.7498774528503418,0.5609672638103498,1.3031339645385742,1.926736711276133,2.012608289718628,0.5352307877995932,1.2657225131988523,0.5896521762363915,1.265108585357666,0.1639369126296751,1.2657787799835205,0.1730195348593816,1.7963051795959473,0.2386678850784507,1.5552124977111816,0.1678032097220732,1.236628532409668,0.1756071943204437,1.2902281284332275,0.0978609974460513,1.7306249141693115,0.1022834456154681,1.3199293613433838,0.1272129776321658,1.5425193309783936,0.0994988220682731,1.2670819759368896,0.1031657442215249,1.7750804424285889,0.4667278568150528,0.9160501956939696,115770,0.8011031150817871,0.0027535566773749,0.7158324718475342,0.0301857984938592,0.215663194656372,3.157635619406874,0.0196242332458496,-,15.0,0.0367140890316659,0.0076713562011718,2,0,15145,['cluster'],['touching']
figure_category_based_markersize10_yeast_umap.png,yeast_umap,1452,10,10,0.5332468456323369,0.9044146537780762,0.5516155819792024,0.9481799602508544,0.6168664167111477,1.738945245742798,0.5432877379712,0.9081695079803468,0.5595019004353751,0.8858709335327148,0.4592356804150714,1.416684865951538,0.4696112314121945,0.8994541168212891,0.4908445237924226,1.7763221263885498,0.4644752889150935,0.9042346477508544,0.4775698373387811,0.9128916263580322,0.4032651255444811,0.9252722263336182,0.4088332128038201,0.901824712753296,0.4075787687451712,1.7336750030517578,0.4056319774858462,1.453074932098389,0.4165685741215731,0.922431230545044,0.9579889807162536,0.8255927562713623,2708,0.7202818393707275,0.0034435261707988,0.1382882595062255,0.0303429356167212,0.174386978149414,4.279862399527421,0.0128772258758544,-,15.0,0.571625344352617,0.0106537342071533,0,0,697,['cluster'],['intersecting']
figure_category_based_markersize60_yeast_umap.png,yeast_umap,1452,10,60,0.2319107049765801,0.4688162803649902,0.2317923615151705,1.599858045578003,0.2614130890255126,2.02064061164856,0.2437588329851712,1.048398733139038,0.2499311225059254,1.0854434967041016,0.1875322835959344,1.0604987144470217,0.1837812019500654,1.0400629043579102,0.1901627440327171,1.9325511455535889,0.1942584443959329,1.0284209251403809,0.1973106671312389,1.033097505569458,0.1574102631833961,1.0303688049316406,0.1522464000368337,1.6090052127838137,0.149433407016494,1.9108338356018064,0.1614687901347067,1.0536632537841797,0.1629939492100903,1.0568828582763672,0.8353994490358126,0.9799425601959229,37376,0.173325777053833,0.0034435261707988,0.7294306755065918,0.0303429356167212,0.1714391708374023,4.279862399527421,0.013390302658081,-,15.0,0.571625344352617,0.0105996131896972,10,0,14435,['cluster'],['intersecting']
figure_category_based_markersize110_yeast_umap.png,yeast_umap,1452,10,110,0.1691761829923267,1.1337814331054688,0.1627742108764911,1.1921768188476562,0.1813994236007645,2.137387275695801,0.1791087262402981,1.1832256317138672,0.182727340823063,1.176297664642334,0.1362077433801516,1.1794469356536863,0.1292615245373986,1.175154209136963,0.1325337963849552,2.1917765140533447,0.1419180122024145,1.2092459201812744,0.1432333529443661,1.1956744194030762,0.1139931689607026,1.199336051940918,0.1071922932795516,0.5870513916015625,0.1044081773877194,2.6432340145111084,0.1175165056527191,1.2445037364959717,0.1177773972174356,0.6024384498596191,0.6666666666666666,0.974299430847168,72008,0.8411471843719482,0.0034435261707988,0.7969565391540527,0.0303429356167212,0.1733734607696533,4.279862399527421,0.0130105018615722,-,15.0,0.571625344352617,0.0086481571197509,33,0,37306,['cluster'],['intersecting']
figure_category_based_markersize160_yeast_umap.png,yeast_umap,1452,10,160,0.1455028276858898,0.6452956199645996,0.1368069910802597,1.2675888538360596,0.1466355675911694,2.13592267036438,0.1541263396518796,1.269545555114746,0.1563697223827496,1.8803107738494875,0.1170133668917988,1.360081672668457,0.1090626243704484,0.7183334827423096,0.1087705109180993,2.7737956047058105,0.1219469317184156,0.690575361251831,0.122482596759717,1.9446651935577397,0.0978536227584786,0.6802713871002197,0.0906739979531022,1.9338796138763428,0.0864475427617852,1.5216844081878662,0.1008838130929286,1.982016324996948,0.1006669134529788,0.6693887710571289,0.5433884297520661,0.9790101051330566,95544,0.9320425987243652,0.0034435261707988,0.8242616653442383,0.0303429356167212,0.1707301139831543,4.279862399527421,0.0131640434265136,-,15.0,0.571625344352617,0.0101697444915771,68,0,62229,['cluster'],['intersecting']
figure_ascending_markersize10_yeast_umap.png,yeast_umap,1452,10,10,0.607936422313339,1.0127496719360352,0.598048315071761,1.008183479309082,0.544415731055083,1.870959997177124,0.6111854677729807,1.001044988632202,0.5974000571637998,1.0043694972991943,0.5189488722209523,1.0926051139831543,0.502376253481055,1.0259418487548828,0.4421030441555634,1.8960528373718264,0.5184323277814928,0.3844451904296875,0.5088676715647391,1.7301557064056396,0.4526862803305622,0.4000699520111084,0.4330927590333571,1.0138423442840576,0.3721621708643149,1.8729209899902344,0.4501220721080061,1.0457439422607422,0.4431887998431962,1.698617696762085,0.9579889807162536,0.2287590503692627,2708,0.8512003421783447,0.0034435261707988,0.8350808620452881,0.0303429356167212,0.1715204715728759,4.279862399527422,0.0130796432495117,-,15.0,0.571625344352617,0.0102193355560302,0,0,0,['cluster'],['intersecting']
figure_ascending_markersize60_yeast_umap.png,yeast_umap,1452,10,60,0.3077524595209133,1.1365573406219482,0.2833296425546742,1.1568849086761477,0.2005581115671035,1.3197119235992432,0.3133708822413307,1.1255006790161133,0.2844539114223234,1.7928001880645752,0.2425787296097485,0.4800355434417724,0.2196868417054174,1.1521780490875244,0.1548984923206958,2.0100584030151367,0.2434470696872834,1.1988565921783447,0.2237333217598283,1.13403582572937,0.2001849233987674,1.13936185836792,0.1793911750562352,1.1458919048309326,0.1261734847518284,1.9987282752990725,0.1990354263778567,1.2011847496032717,0.1843757817859608,1.1468608379364014,0.8353994490358126,1.1102380752563477,37376,0.1727743148803711,0.0034435261707988,0.9297232627868652,0.0303429356167212,0.1742644309997558,4.279862399527422,0.0135498046875,-,15.0,0.571625344352617,0.010962963104248,8,0,0,['cluster'],['intersecting']
figure_ascending_markersize110_yeast_umap.png,yeast_umap,1452,10,110,0.2400139937136108,1.3310987949371338,0.2144674168373815,0.5608584880828857,0.1274354015857779,2.0835225582122803,0.2439539807413714,1.2616212368011477,0.2145196184572582,1.248953342437744,0.1880031479998061,1.268883466720581,0.1655102997972585,1.3018534183502195,0.1011778565324842,2.159573554992676,0.1876025452351984,1.253551959991455,0.1683475947446838,1.2550783157348633,0.1545190007488319,1.300529956817627,0.1347504195414302,1.3477251529693604,0.0838922088538229,2.187463521957397,0.1523994747720974,1.3249430656433103,0.1385309536287314,1.369401216506958,0.6666666666666666,1.1517720222473145,72008,0.2022726535797119,0.0034435261707988,0.9368686676025392,0.0303429356167212,0.1714894771575927,4.279862399527422,0.0133187770843505,-,15.0,0.571625344352617,0.0123631954193115,24,0,0,['cluster'],['intersecting']
figure_ascending_markersize160_yeast_umap.png,yeast_umap,1452,10,160,0.2131581390666297,1.346431016921997,0.1879489475403127,1.3850972652435305,0.0969998755659553,2.2159931659698486,0.2166489371725587,1.3684983253479004,0.1868579725168845,1.357118844985962,0.1667221180358262,1.4064362049102783,0.1453439848709693,1.4394986629486084,0.0790576761639869,2.2614378929138184,0.1657554284438194,0.663048267364502,0.1469088247071183,1.378633975982666,0.1368989826598056,1.3840277194976809,0.1184852990043535,1.4379723072052002,0.0667169507126081,2.267738103866577,0.1342244490662442,1.4179270267486572,0.1210327307629348,0.6475491523742676,0.5433884297520661,1.0906753540039062,95544,1.022092580795288,0.0034435261707988,0.9483511447906494,0.0303429356167212,0.1746857166290283,4.279862399527422,0.0138449668884277,-,15.0,0.571625344352617,0.0101003646850585,45,0,0,['cluster'],['intersecting']
figure_descending_markersize10_yeast_umap.png,yeast_umap,1452,10,10,0.4660326277582329,0.360802412033081,0.5173777933486463,0.3664145469665527,0.7575978104900792,1.9433248043060305,0.4655236556655446,1.138050556182861,0.50423768914725,1.141054391860962,0.4068410490595143,1.170729160308838,0.4436785247261652,0.3625454902648926,0.5685177922321993,1.9368627071380613,0.405005636295519,1.1535530090332031,0.4347280491276104,1.163320779800415,0.3609909841211056,1.1703393459320068,0.3883578484901833,1.1582324504852295,0.4549677002464577,1.197335958480835,0.3584121055821145,1.1683666706085205,0.3820606314941769,1.1821057796478271,0.9579889807162536,1.157301425933838,2708,1.0089430809020996,0.0034435261707988,0.1413509845733642,0.0303429356167212,0.1625680923461914,4.279862399527422,0.0104670524597167,-,15.0,0.571625344352617,0.0100152492523193,0,0,1683,['cluster'],['intersecting']
figure_descending_markersize60_yeast_umap.png,yeast_umap,1452,10,60,0.1715610829036762,1.2783989906311035,0.2117419201323442,0.4591693878173828,0.4066248002888396,1.2832581996917725,0.173845693948091,1.2755191326141355,0.1999221889575068,1.250779390335083,0.1422418346477761,1.2696583271026611,0.1662452185854914,1.2867116928100586,0.2491339441014169,1.2939507961273191,0.1434070879089419,1.277292013168335,0.1602451995139451,1.253681182861328,0.1214810979527534,1.2789735794067385,0.1368421334492032,0.4551200866699219,0.1795802671002123,2.082502841949463,0.1220392595816859,1.2702572345733645,0.1337090188311667,1.2761540412902832,0.8353994490358126,1.207634687423706,37376,0.1676008701324463,0.0034435261707988,0.9956979751586914,0.0303429356167212,0.1662676334381103,4.279862399527422,0.0134453773498535,-,15.0,0.571625344352617,0.0106294155120849,17,0,34245,['cluster'],['intersecting']
figure_descending_markersize110_yeast_umap.png,yeast_umap,1452,10,110,0.1158177547366671,1.4054954051971436,0.1481556437414856,1.3980443477630615,0.3119738392358367,2.2463669776916504,0.1172844626482401,0.555974006652832,0.1389377401682721,1.350543737411499,0.0950813144370673,1.4171268939971924,0.1149865637629194,1.4253180027008057,0.1821565169878158,1.3920457363128662,0.0961208931900681,1.4716465473175049,0.1097932124879255,1.375091791152954,0.0806427393357402,1.38248872756958,0.0939524849474969,1.417375087738037,0.1286310657633897,1.3911783695220947,0.0814275734768228,1.3935866355895996,0.0907556818701761,1.410865068435669,0.6666666666666666,1.2279460430145264,72008,0.1880767345428466,0.0034435261707988,1.0834906101226809,0.0303429356167212,0.170314073562622,4.279862399527422,0.0122077465057373,-,15.0,0.571625344352617,0.0113036632537841,53,0,88568,['cluster'],['intersecting']
figure_descending_markersize160_yeast_umap.png,yeast_umap,1452,10,160,0.0936681633607973,0.6170969009399414,0.1234495719312653,1.5386955738067627,0.2729118017052186,1.4763500690460205,0.0947385495707089,1.490004062652588,0.1146858217463947,1.4866774082183838,0.0767471329891101,1.5178606510162354,0.0954915834824693,0.6544427871704102,0.1565999903540751,2.3158934116363525,0.0775535228521849,1.4894182682037354,0.0901384227783098,1.4912824630737305,0.0650042083468465,0.6529655456542969,0.0778586952617018,1.5207996368408203,0.109803167333436,2.331423044204712,0.0656457603724881,0.6511490345001221,0.0742466419594937,0.6488971710205078,0.5433884297520661,1.232191562652588,95544,1.132457971572876,0.0034435261707988,0.1359138488769531,0.0303429356167212,0.168159008026123,4.279862399527422,0.0135385990142822,-,15.0,0.571625344352617,0.0103263854980468,99,0,147329,['cluster'],['intersecting']
figure_category_based_markersize10_bbdm13_pca.png,bbdm13_pca,200,5,10,0.9762655485104054,0.3007290363311767,0.9755139499006718,0.3137469291687011,0.9813476558046405,1.581050157546997,0.9754491102917852,1.1937129497528076,0.9772066303710116,1.1930193901062012,0.9301553561313968,0.2958898544311523,0.9319148066045247,1.1805689334869385,0.9148199060888738,1.5825142860412598,0.9190713142408872,1.2252042293548584,0.9244390542984708,0.3062622547149658,0.8882043974982505,1.2128446102142334,0.8920461330842007,1.2291898727416992,0.8567396138836603,0.7007763385772705,0.8688543497558624,1.2190392017364502,0.8770782487395058,1.2288787364959717,0.99,0.1061515808105468,42,1.0487027168273926,0.0,0.1101608276367187,0.0301786945351642,0.0300390720367431,15.94865702203479,0.0025396347045898,0.011424258378934467,3.3483002185821533,0.575,0.001044750213623,0,0,9,"['lip_cluster','linear']","['intersecting','separated']"
figure_category_based_markersize60_bbdm13_pca.png,bbdm13_pca,200,5,60,0.9061496028873044,1.350498914718628,0.9045792619937748,0.3256435394287109,0.8912309490913397,1.626084327697754,0.917662868730733,1.255852222442627,0.9163404137015928,0.3310592174530029,0.7016407871468058,1.2467567920684814,0.6885215218824279,1.254710674285889,0.6097695405931132,0.7155635356903076,0.6801714853055558,1.2775959968566897,0.6773881253346052,1.2456121444702148,0.5724455962150127,0.3200583457946777,0.5557752322663466,1.2310574054718018,0.4634169250551151,1.6962873935699463,0.5403331332325798,0.3215866088867187,0.5372821224389694,1.230032444000244,0.99,0.1245553493499755,1576,1.0386321544647217,0.0,1.0709445476531982,0.0301786945351642,0.0292954444885253,15.94865702203479,0.0026273727416992,0.025329349285595833,2.6548116207122803,0.575,0.0010952949523925,0,0,139,"['lip_cluster','linear']","['intersecting','separated']"
figure_category_based_markersize110_bbdm13_pca.png,bbdm13_pca,200,5,110,0.8129826585461175,1.2488529682159424,0.8081753064316851,1.2611138820648191,0.7769216860732134,0.7348895072937012,0.8245698558969539,1.2650549411773682,0.8223697996881504,1.2681427001953125,0.5513520342369382,0.3308496475219726,0.5370397554386668,1.273594856262207,0.449127262389034,1.6405723094940186,0.5315109840749734,0.3290190696716308,0.5279513888513138,1.2612907886505127,0.4171171618107719,1.2703754901885986,0.4021290677583284,0.326883316040039,0.3158609772001679,1.6716160774230957,0.392140900351448,1.29077410697937,0.3887677840820317,0.3273675441741943,0.99,1.104984998703003,5294,0.1200482845306396,0.0,1.13293194770813,0.0301786945351642,0.0292067527770996,15.94865702203479,0.0027990341186523,0.034816855268734716,4.017185211181641,0.575,0.00105881690979,0,0,624,"['lip_cluster','linear']","['intersecting','separated']"
figure_category_based_markersize160_bbdm13_pca.png,bbdm13_pca,200,5,160,0.7590359867009223,0.3449161052703857,0.7496465546016637,1.3121397495269775,0.7109434271368289,0.7425737380981445,0.7705808019824982,1.314136981964111,0.7657539317225117,0.3379280567169189,0.4675329138165339,1.2904043197631836,0.4501531217015765,1.3560354709625244,0.3609621322322712,0.7412700653076172,0.4457010276491931,1.2867059707641602,0.4413777140487607,1.296288251876831,0.3378021058007755,0.3406405448913574,0.3216498663160527,1.3196053504943848,0.241886771063309,1.7291038036346436,0.3135198680407199,0.3334388732910156,0.3100425395029311,1.300565242767334,0.975,1.1431736946105957,10159,0.1174819469451904,0.0,1.1488544940948486,0.0301786945351642,0.0289473533630371,15.94865702203479,0.0024919509887695,0.042113527356124995,3.394529104232788,0.575,0.0011346340179443,0,0,1402,"['lip_cluster','linear']","['intersecting','separated']"
figure_ascending_markersize10_bbdm13_pca.png,bbdm13_pca,200,5,10,0.9762655485104054,0.7039823532104492,0.9755142885682584,0.6145873069763184,0.981343245409804,1.0981698036193848,0.9777968749387632,0.5486817359924316,0.98061444127083,0.6187355518341064,0.9301553561313968,0.6422288417816162,0.9319772767838704,0.564333438873291,0.9137940410975552,1.066882848739624,0.921214561321042,0.6812140941619873,0.9275214411809176,0.576871395111084,0.8882043974982505,0.6509754657745361,0.8921603356072293,0.6623167991638184,0.8549452426361197,0.9984467029571532,0.8708225466763734,0.621119499206543,0.8798823375142264,0.6224596500396729,0.99,0.3443334102630615,42,0.2205166816711425,0.0,0.4503836631774902,0.0301786945351642,0.0304353237152099,15.94865702203479,0.0024778842926025,0.011424258378934467,2.1018197536468506,0.575,0.0010180473327636,0,0,0,"['lip_cluster','linear']","['intersecting','separated']"
figure_ascending_markersize60_bbdm13_pca.png,bbdm13_pca,200,5,60,0.9254931416790544,0.6461317539215088,0.9053308592469966,0.805962085723877,0.8719775420568181,1.0680525302886963,0.935204279357548,0.7538542747497559,0.9294192316480736,0.6523177623748779,0.7157262842783725,0.6716163158416748,0.6896705005952868,0.6638729572296143,0.5938877465870867,1.093055248260498,0.6920750944860463,0.6815526485443115,0.6855943115580794,0.6912562847137451,0.5834784700914533,0.7249085903167725,0.5569891868302368,0.7595109939575195,0.4502838752384931,1.114185810089111,0.5492771016425259,0.7064363956451416,0.5431133300998193,0.8747918605804443,0.99,0.4088642597198486,1576,0.4099214076995849,0.0,0.2566657066345215,0.0301786945351642,0.0295352935791015,15.94865702203479,0.0026161670684814,0.025329349285595833,2.6190710067749023,0.575,0.0010104179382324,0,0,0,"['lip_cluster','linear']","['intersecting','separated']"
figure_ascending_markersize110_bbdm13_pca.png,bbdm13_pca,200,5,110,0.8497684188158886,0.6205627918243408,0.8107145749222497,0.744614839553833,0.7387286563929532,1.163672685623169,0.8745591811175506,0.7714316844940186,0.8557817079084071,0.6225337982177734,0.5731549002933225,0.7660188674926758,0.5387537281813009,0.7753541469573975,0.4264275124760748,1.0563533306121826,0.5557313111100193,0.9421050548553468,0.5431423734824901,0.6427333354949951,0.4324012284054349,0.7858772277832031,0.4034223840228194,0.8050763607025146,0.2997195923917445,1.1249346733093262,0.4072609300625127,0.8341894149780273,0.3978114833396434,0.7995917797088623,0.99,0.4776680469512939,5294,0.4795987606048584,0.0,0.4639642238616943,0.0301786945351642,0.029759407043457,15.94865702203479,0.0025904178619384,0.034816855268734716,2.737549304962158,0.575,0.0009665489196777,0,0,0,"['lip_cluster','linear']","['intersecting','separated']"
figure_ascending_markersize160_bbdm13_pca.png,bbdm13_pca,200,5,160,0.8049610101614715,0.5268275737762451,0.7534586084621455,0.860283613204956,0.6622616947147129,1.1109154224395752,0.8375795108560659,0.6918895244598389,0.8107573959604767,0.8778848648071289,0.4906119151947422,0.6989450454711914,0.4510157635266972,0.8678586483001709,0.3369501619665043,1.3134849071502686,0.4707294512642539,0.7153716087341309,0.4567786631683971,0.8886044025421143,0.3528275685558824,0.7360730171203613,0.3218308948130227,0.724694013595581,0.2259571028181917,1.3331458568572998,0.3273527595215452,0.762366533279419,0.3179575788357731,0.7414777278900146,0.975,0.3440077304840088,10159,0.5940613746643066,0.0,0.5538785457611084,0.0301786945351642,0.0313937664031982,15.94865702203479,0.0027894973754882,0.04211352735612501,3.47871470451355,0.575,0.0010561943054199,0,0,0,"['lip_cluster','linear']","['intersecting','separated']"
figure_descending_markersize10_bbdm13_pca.png,bbdm13_pca,200,5,10,0.9546692457919598,0.5367546081542969,0.9752318772425972,0.90504789352417,1.0028217470749892,1.3217413425445557,0.975448084038178,0.7209537029266357,0.9772063090525986,0.721790075302124,0.9103020359047936,0.71649169921875,0.9316560469281752,0.7489855289459229,0.9336626538616136,1.1709835529327393,0.9188871749412908,0.9573249816894532,0.9243764102023114,0.747711181640625,0.869875521678896,0.938929796218872,0.8918078150084386,0.7476892471313477,0.8734271906131352,1.1568422317504885,0.8685260886349939,0.9512808322906494,0.8769657348533298,0.7409501075744629,0.99,0.606154203414917,42,0.3552093505859375,0.0,0.6075589656829834,0.0301786945351642,0.029759407043457,15.94865702203479,0.0028417110443115,0.011424258378934467,2.2421538829803467,0.575,0.0010197162628173,0,0,9,"['lip_cluster','linear']","['intersecting','separated']"
figure_descending_markersize60_bbdm13_pca.png,bbdm13_pca,200,5,60,0.8729754172551171,0.568840503692627,0.9038906510516642,1.0274665355682373,0.9414133069012228,1.2186548709869385,0.9137462306462047,0.8027088642120361,0.9132623329180284,0.7953846454620361,0.6787214100681997,0.8132469654083252,0.6872922865072473,1.0528478622436523,0.6390022563317851,1.223867416381836,0.6752660948651945,0.8281621932983398,0.6745955715858969,0.5780513286590576,0.5551825058272166,1.0616941452026367,0.5544338799103115,0.9037327766418456,0.4836416200064956,1.078714370727539,0.5355040179990824,1.076230525970459,0.5348269512054835,0.823706865310669,0.99,0.3787565231323242,1576,0.6570498943328857,0.0,0.3943092823028564,0.0301786945351642,0.0270490646362304,15.94865702203479,0.002748966217041,0.025329349285595836,2.5581917762756348,0.575,0.0010657310485839,0,0,214,"['lip_cluster','linear']","['intersecting','separated']"
figure_descending_markersize110_bbdm13_pca.png,bbdm13_pca,200,5,110,0.7719240625735276,1.0979335308074951,0.8071681429527067,0.614494800567627,0.8545680212394524,1.5787849426269531,0.8170020623450394,0.632310152053833,0.81710251843871,0.8699615001678467,0.5269091759035684,0.8589489459991455,0.5351077811010702,0.8614170551300049,0.4815615134346078,1.2739336490631104,0.5246175515429741,0.8620824813842773,0.524117875740244,1.1425938606262207,0.3999589866956317,0.6173355579376221,0.4002136267047491,0.8754889965057373,0.3352359143206382,1.3071041107177734,0.38635191008047,1.1952168941497805,0.3857877572310538,0.6136572360992432,0.99,0.7323813438415527,5294,0.4180467128753662,0.0,0.4185700416564941,0.0301786945351642,0.0245008468627929,15.94865702203479,0.0025043487548828,0.034816855268734716,2.850635290145874,0.575,0.0008132457733154,0,0,903,"['lip_cluster','linear']","['intersecting','separated']"
figure_descending_markersize160_bbdm13_pca.png,bbdm13_pca,200,5,160,0.7128253551452249,0.9068949222564696,0.7485090211317832,0.9267258644104004,0.8012355010768244,1.341541051864624,0.7602421742589878,0.9280908107757568,0.7594492059558466,1.2428185939788818,0.4412718191659061,0.6565639972686768,0.4459575924675819,0.982924461364746,0.3907024295308233,1.5373601913452148,0.4376216878676112,0.657742977142334,0.4369702929254319,0.9528188705444336,0.3195413311364073,0.962942361831665,0.317587138845335,0.6652190685272217,0.2583369992996994,1.379390001296997,0.3072397595532078,0.9702129364013672,0.3067271625211623,0.9715392589569092,0.975,0.8143184185028076,10159,0.4496915340423584,0.0,0.4452955722808838,0.0301786945351642,0.029541015625,15.94865702203479,0.0025098323822021,0.042113527356124995,3.2263357639312744,0.575,0.0010631084442138,0,0,1932,"['lip_cluster','linear']","['intersecting','separated']"
figure_category_based_markersize10_hiv_umap.png,hiv_umap,78,6,10,0.9921637603391668,0.956437349319458,0.9773884775851552,0.9682168960571288,0.9515270849482864,1.4333631992340088,0.9923806906694694,1.0190279483795166,0.9881854969358196,0.6398327350616455,0.9570131112484012,0.9779574871063232,0.93475491786966,0.6547403335571289,0.8915685927694248,1.5103120803833008,0.9537140862116988,0.66162109375,0.9466172581227924,0.9969472885131836,0.9242678954313456,0.994837760925293,0.8956852427518439,1.01828932762146,0.8387184981113132,1.1341605186462402,0.9179476519155872,1.0203046798706057,0.9084050032077216,0.6639015674591064,1.0,0.8436794281005859,15,0.4875345230102539,0.0,0.4888405799865722,0.0265079954295289,0.0132920742034912,10.277998189414005,0.0016572475433349,0.020515248496555453,0.8885025978088379,0.4230769230769231,0.0006871223449707,0,0,0,['cluster'],['intersecting']
figure_category_based_markersize60_hiv_umap.png,hiv_umap,78,6,60,0.6865897344802436,0.6877660751342773,0.6792619733306435,0.6650052070617676,0.8721669975955144,1.1676864624023438,0.7326527691206641,0.6669023036956787,0.7368944527021803,1.0079150199890137,0.564649432688805,0.6630897521972656,0.5251530835370124,1.0343070030212402,0.5655747446787676,1.5271313190460205,0.592465328327269,0.6857874393463135,0.582018172574987,1.0455920696258545,0.4794905404527971,0.6988160610198975,0.4280405466621514,0.685899019241333,0.4184702065056661,1.5699710845947266,0.4973090818647054,1.0630214214324951,0.4809374730000563,0.6978566646575928,1.0,0.4990127086639404,837,0.5083982944488525,0.0,0.4911553859710693,0.0265079954295289,0.0127005577087402,10.277998189414005,0.0016489028930664,0.04396876087919619,1.3543453216552734,0.4230769230769231,0.0007236003875732,0,0,63,['cluster'],['intersecting']
figure_category_based_markersize110_hiv_umap.png,hiv_umap,78,6,110,0.4900046488609018,0.7285151481628418,0.5049408010398413,0.7128617763519287,0.8720321126232676,1.1922502517700195,0.5538701784237189,1.0837814807891846,0.5702030743736932,1.1255486011505127,0.3872140314471007,0.7676894664764404,0.3667137792555824,0.7601344585418701,0.4547398509171839,1.6023266315460205,0.4293984377398293,0.7601521015167236,0.4276112210504218,0.7538337707519531,0.3200711717986846,1.1758956909179688,0.2879011400735138,0.7200109958648682,0.3075624418374693,1.6231541633605957,0.3506063573937859,0.74532151222229,0.3420692592011477,1.1551508903503418,1.0,0.5363318920135498,2698,0.5397236347198486,0.0,0.545203685760498,0.0265079954295289,0.0125331878662109,10.277998189414005,0.0015208721160888,0.05578056885217165,1.0099341869354248,0.4230769230769231,0.0006129741668701,0,0,290,['cluster'],['intersecting']
figure_category_based_markersize160_hiv_umap.png,hiv_umap,78,6,160,0.4251069813770268,0.7456099987030029,0.4461827748210086,1.150209903717041,0.8376419680057896,1.236593246459961,0.4985152339176804,1.1541898250579834,0.5138458846952303,0.7742645740509033,0.3212425744075238,1.1982760429382324,0.3051783354638723,0.7615015506744385,0.3857172462970301,1.2567453384399414,0.3692369645601134,1.2086827754974363,0.3665259917679507,0.7682905197143555,0.2581660636183587,0.7856953144073486,0.2318942123477769,0.7705445289611816,0.250543811234405,1.6801011562347412,0.2932019060382542,0.7703690528869629,0.2848572610352642,1.2235674858093262,1.0,0.5821387767791748,5020,0.5907354354858398,0.0,0.5777921676635742,0.0265079954295289,0.0121536254882812,10.277998189414005,0.001579999923706,0.06559156660526438,1.1175813674926758,0.4230769230769231,0.0007364749908447,0,0,549,['cluster'],['intersecting']
figure_ascending_markersize10_hiv_umap.png,hiv_umap,78,6,10,0.9921637603391668,0.3086564540863037,0.9773885353907398,1.217811107635498,0.9515250083129588,1.253051519393921,0.9923810274078764,0.7838642597198486,0.9881854969358196,1.2247695922851562,0.9570131112484012,0.7706906795501709,0.934766504693523,0.7727169990539551,0.8913853324751226,1.2679760456085205,0.953918633280744,1.2487339973449707,0.9466172581227924,0.784264326095581,0.9242678954313456,0.793433666229248,0.8957064714131012,0.7959849834442139,0.8383958135352039,1.2973120212554932,0.9183264243458265,1.257946252822876,0.9084050032077216,0.7950923442840576,1.0,0.5999500751495361,15,0.6105678081512451,0.0,0.1027948856353759,0.0265079954295289,0.0118007659912109,10.277998189414005,0.0015089511871337,0.020515248496555453,0.9003787040710449,0.4230769230769231,0.0006294250488281,0,0,0,['cluster'],['intersecting']
figure_ascending_markersize60_hiv_umap.png,hiv_umap,78,6,60,0.764146005892399,1.2861974239349363,0.771625932340347,0.8100411891937256,0.6631782227562799,1.3142833709716797,0.8479197219194634,0.7807917594909668,0.808124758223779,1.280245304107666,0.6210460966115944,0.827812671661377,0.5812949525710804,0.8179550170898438,0.457425246592529,1.3080058097839355,0.6707510701557953,0.804297924041748,0.6280549005173917,1.332350492477417,0.5230884882079794,0.8517210483551025,0.4662810299462641,0.81298828125,0.3491121764946616,1.3039069175720217,0.55482344301711,0.8246462345123291,0.5136100788751341,0.8334543704986572,1.0,0.6228156089782715,837,0.634990930557251,0.0,0.6436257362365723,0.0265079954295289,0.0124273300170898,10.277998189414005,0.0016252994537353,0.04396876087919619,1.0008068084716797,0.4230769230769231,0.0006613731384277,0,0,0,['cluster'],['intersecting']
figure_ascending_markersize110_hiv_umap.png,hiv_umap,78,6,110,0.5848076218485052,0.8497493267059326,0.6230442536045255,0.8467645645141602,0.5184398226776221,1.3387188911437988,0.7037308913553315,0.8433282375335693,0.6599582371724079,0.8437933921813965,0.4509687723349238,0.8575286865234375,0.4302745478251231,0.8508298397064209,0.3161566400941311,1.3438334465026855,0.5228843059877586,1.3887014389038086,0.4781945571437379,0.8630056381225586,0.3669815212162257,0.8627650737762451,0.3286044341496298,0.854785680770874,0.2274218961130157,1.388791561126709,0.4159837305508851,0.8882367610931396,0.3749319466545781,0.8699994087219238,1.0,0.6625256538391113,2698,0.6576704978942871,0.0,0.6786892414093018,0.0265079954295289,0.0131392478942871,10.277998189414005,0.001777172088623,0.05578056885217165,1.116210699081421,0.4230769230769231,0.0006191730499267,0,0,0,['cluster'],['intersecting']
figure_ascending_markersize160_hiv_umap.png,hiv_umap,78,6,160,0.5140322589480211,0.907623529434204,0.5517222979638916,1.4492931365966797,0.4297078637118716,1.3779659271240234,0.642100565722701,0.8983950614929199,0.6005317164218589,0.9146897792816162,0.3797110795260316,0.8963203430175781,0.3564737656700683,0.3358752727508545,0.2457379344760775,1.9883708953857424,0.4523269458600679,0.9764299392700196,0.4111309345620786,0.8909406661987305,0.3010452824111845,0.9163119792938232,0.2632961250862754,0.9133708477020264,0.1720699755965986,1.387190818786621,0.3491385991548767,0.9012851715087892,0.3125547642915948,0.9292254447937012,1.0,0.7294459342956543,5020,0.1142895221710205,0.0,0.6978249549865723,0.0265079954295289,0.0130379199981689,10.277998189414005,0.0017156600952148,0.06559156660526437,1.1639878749847412,0.4230769230769231,0.0006570816040039,0,0,0,['cluster'],['intersecting']
figure_descending_markersize10_hiv_umap.png,hiv_umap,78,6,10,0.9477555947991596,0.8758103847503662,0.977259237789414,0.8868494033813477,1.0349149830018416,1.9787914752960205,0.9082978838157788,0.3369057178497314,0.924220368143178,1.4876704216003418,0.912313404138218,0.3214492797851562,0.9346328967204588,0.9208076000213624,0.968833322659667,1.3978476524353027,0.8749892967989806,0.935746431350708,0.8873050254874568,0.3200962543487549,0.8794264447795085,1.5134694576263428,0.8955697101672496,0.995093584060669,0.9106840858357248,0.8043179512023926,0.84403723982615,1.4747107028961182,0.8532253750406051,0.3157858848571777,1.0,0.712622880935669,15,0.717475414276123,0.0,0.7257463932037354,0.0265079954295289,0.012636661529541,10.277998189414006,0.0016207695007324,0.020515248496555456,1.0479283332824707,0.4230769230769231,0.0006232261657714,0,0,3,['cluster'],['intersecting']
figure_descending_markersize60_hiv_umap.png,hiv_umap,78,6,60,0.5963387692909756,0.9277493953704834,0.6757180293961641,0.9472808837890624,1.3244150100170888,1.4281816482543943,0.5443500505271947,0.9519519805908204,0.5739097266641471,0.3201944828033447,0.4896389035873655,1.5773961544036863,0.5228697939015965,0.3277413845062256,0.7629655500359943,2.0499439239501958,0.4580602191676541,0.316514253616333,0.4716053719714914,1.5656614303588867,0.4153266216507729,0.3200149536132812,0.4264143517990791,0.9325623512268066,0.5358195367001043,2.062891721725464,0.3953842923831979,0.3180360794067383,0.400256246628927,0.9458718299865724,1.0,0.7498764991760254,837,0.7574384212493896,0.0,0.7775542736053467,0.0265079954295289,0.0136728286743164,10.277998189414006,0.0018188953399658,0.04396876087919619,1.149310827255249,0.4230769230769231,0.0006730556488037,0,0,217,['cluster'],['intersecting']
figure_descending_markersize110_hiv_umap.png,hiv_umap,78,6,110,0.4186235908944341,0.9833557605743408,0.4986545500322299,0.325265884399414,1.6810196170440004,1.4513452053070068,0.3880627305262416,0.9654941558837892,0.4159629734580488,1.6100115776062012,0.3288626843549621,0.3289318084716797,0.3611985243590809,0.956366777420044,0.6582084241224472,1.4474399089813232,0.3165325232642075,0.969818115234375,0.3298513426685018,1.691025972366333,0.2707983397030233,0.3263275623321533,0.2831477647370605,1.0007731914520264,0.4092198627870311,1.504136562347412,0.2672679782013049,0.982414484024048,0.2732780031787045,0.9831662178039552,1.0,0.7991886138916016,2698,0.785588264465332,0.0,0.8236005306243896,0.0265079954295289,0.0115067958831787,10.277998189414006,0.0013976097106933,0.05578056885217165,1.2240734100341797,0.4230769230769231,0.0005841255187988,0,0,853,['cluster'],['intersecting']
figure_descending_markersize160_hiv_umap.png,hiv_umap,78,6,160,0.3528212544365982,0.3333024978637695,0.4359493906054011,1.008033275604248,1.8448634189578663,1.504317045211792,0.330827122204225,1.0053160190582275,0.3538640799132947,1.013798713684082,0.2651330116544322,1.0429024696350098,0.2981739256742006,1.0605590343475342,0.5713051452760207,1.550933837890625,0.2612773377201881,1.0182957649230957,0.2714446166881931,1.0380449295043943,0.2123553802019786,1.045027256011963,0.2265698268737409,0.3358850479125976,0.337985066634763,1.497445821762085,0.2158906477651847,1.0348083972930908,0.2201653054360367,1.0317139625549316,1.0,0.8310284614562988,5020,0.8502376079559326,0.0,0.8396449089050293,0.0265079954295289,0.0123307704925537,10.277998189414006,0.0015144348144531,0.0655915666052644,0.5694925785064697,0.4230769230769231,0.0006613731384277,0,0,1683,['cluster'],['intersecting']
figure_category_based_markersize10_interleaved_100_200_4d_0_notcramped_notrotated_umap.png,interleaved_100_200_4d_0_notcramped_notrotated_umap,1254,4,10,0.9224612819116672,1.0566442012786863,0.9427255289275852,1.0675089359283447,1.0003304189257638,1.4296762943267822,0.9386034477194878,1.0645649433135986,0.9442305524151128,1.0685346126556396,0.4983071759378613,1.0832397937774658,0.5196385499955252,0.3547990322113037,0.5125322211043883,1.409657001495361,0.4974136737257051,1.083387851715088,0.5113815465505376,1.06693434715271,0.3413514210789011,1.0787901878356934,0.3586704061331059,1.0780494213104248,0.3445277281012209,1.4311039447784424,0.3383653302210391,1.0910038948059082,0.3506421087228418,1.0884668827056885,0.9330143540669856,0.9352960586547852,2928,0.1301078796386718,0.0,0.8849532604217529,0.0300513537936895,0.1278185844421386,3.737830429800122,0.0093982219696044,-,15.0,0.0701754385964912,0.0057184696197509,0,0,48,['cluster'],['touching']
figure_category_based_markersize60_interleaved_100_200_4d_0_notcramped_notrotated_umap.png,interleaved_100_200_4d_0_notcramped_notrotated_umap,1254,4,60,0.6707877367749457,0.4149751663208008,0.7269173685249655,1.231900691986084,1.0362008888812153,1.570880651473999,0.7080634626154299,1.1828408241271973,0.7381879070659028,1.1596565246582031,0.2521362897029883,1.2126705646514893,0.264362071832376,1.206331729888916,0.2764373828280126,0.8341045379638672,0.2554177388661348,1.2052326202392578,0.2622884122574161,1.1676568984985352,0.1552449495450354,1.1838045120239258,0.1615584680620228,1.1836018562316897,0.1594935081198206,0.789222002029419,0.1558116113144382,1.2046208381652832,0.159476273119235,1.175654411315918,0.7838915470494418,1.0560634136199951,31083,0.9570801258087158,0.0,0.1441242694854736,0.0300513537936895,0.142507791519165,3.737830429800122,0.0100977420806884,-,15.0,0.0701754385964912,0.0057461261749267,0,0,1346,['cluster'],['touching']
figure_category_based_markersize110_interleaved_100_200_4d_0_notcramped_notrotated_umap.png,interleaved_100_200_4d_0_notcramped_notrotated_umap,1254,4,110,0.5161364807481211,1.2809646129608154,0.5734081926565677,0.4879639148712158,1.0978789693247168,1.6486320495605469,0.5535748487906098,1.2879366874694824,0.5933848620217905,1.2826032638549805,0.1930754002248155,1.3052639961242676,0.2015640306467709,1.3730974197387695,0.2264603826643715,0.8920626640319824,0.1972004475091101,1.380213499069214,0.2025391213942073,1.3204126358032229,0.1187482688106186,1.455535650253296,0.1222726036567598,1.2721121311187744,0.1262511552694609,1.714382886886597,0.1199684574745768,0.499690294265747,0.1221092376918595,1.3051342964172363,0.6570972886762361,1.0766582489013672,58442,0.2051813602447509,0.0,0.999864101409912,0.0300513537936895,0.1651334762573242,3.737830429800122,0.0141115188598632,-,15.0,0.0701754385964912,0.005699872970581,1,0,4053,['cluster'],['touching']
figure_category_based_markersize160_interleaved_100_200_4d_0_notcramped_notrotated_umap.png,interleaved_100_200_4d_0_notcramped_notrotated_umap,1254,4,160,0.4278646708495437,1.3767433166503906,0.4808363989077668,1.3916707038879397,1.1389658846685802,0.94795560836792,0.4615163337641222,1.4098920822143557,0.5027185049798527,1.3884243965148926,0.1663284364635278,1.408386468887329,0.1733264477135938,0.5812122821807861,0.2051748294301841,1.733273983001709,0.1704956010616036,1.3971710205078125,0.1755522661179758,1.4160237312316897,0.1032288486712551,0.5830378532409668,0.1057170683206724,1.3815736770629885,0.1127421776352414,1.7589290142059326,0.1045616332153753,1.414182186126709,0.1063441320298385,1.4302215576171875,0.5382775119617225,0.2670071125030517,77700,1.0762269496917725,0.0,0.996375560760498,0.0300513537936895,0.1501519680023193,3.737830429800122,0.0133302211761474,-,15.0,0.0701754385964912,0.005814790725708,3,0,7448,['cluster'],['touching']
figure_ascending_markersize10_interleaved_100_200_4d_0_notcramped_notrotated_umap.png,interleaved_100_200_4d_0_notcramped_notrotated_umap,1254,4,10,0.934944889191624,1.237473487854004,0.953358809432774,1.191514253616333,0.9577523312308144,1.593801736831665,0.9483373682474656,0.3708806037902832,0.950598932993408,1.1828031539916992,0.5049690105215496,1.1993260383605957,0.524271780944114,0.3413827419281006,0.4925945834599353,1.5846889019012451,0.502587159701817,1.1933133602142334,0.5144209187827817,1.194491624832153,0.3458942135717521,1.228818416595459,0.3615469823046233,0.3429927825927734,0.3315624912794398,1.587104558944702,0.3418882660463742,1.2098581790924072,0.352621939303447,1.2082645893096924,0.9330143540669856,0.1908025741577148,2928,1.019449234008789,0.0,1.0229177474975586,0.0300513537936895,0.1300063133239746,3.737830429800121,0.0124218463897705,-,15.0,0.0701754385964912,0.0056855678558349,0,0,0,['cluster'],['touching']
figure_ascending_markersize60_interleaved_100_200_4d_0_notcramped_notrotated_umap.png,interleaved_100_200_4d_0_notcramped_notrotated_umap,1254,4,60,0.7366074041721752,1.2848873138427734,0.7850447352810471,1.3042216300964355,0.7771105435468694,1.694624900817871,0.7657959123533711,0.4605116844177246,0.7761751699003651,1.2808141708374023,0.2691195051877635,1.278658390045166,0.2757542524988545,1.3204216957092283,0.2369305723587207,0.8068013191223145,0.2690420375826708,1.335742712020874,0.2702760250262934,1.323179006576538,0.1646343272071385,0.4358358383178711,0.1672514362079357,1.3178958892822266,0.1397726953993849,1.7002382278442385,0.163186667752202,1.3318848609924316,0.1636266612842074,0.4187076091766357,0.7838915470494418,1.1962850093841553,31083,1.1394932270050049,0.0,0.1298499107360839,0.0300513537936895,0.1339962482452392,3.737830429800121,0.0117237567901611,-,15.0,0.0701754385964912,0.0058307647705078,0,0,0,['cluster'],['touching']
figure_ascending_markersize110_interleaved_100_200_4d_0_notcramped_notrotated_umap.png,interleaved_100_200_4d_0_notcramped_notrotated_umap,1254,4,110,0.6056349143910136,0.4867334365844726,0.661465896966579,1.4034438133239746,0.6402877937401253,0.866166353225708,0.6372800771934684,1.412710189819336,0.6492205680501706,1.3987557888031006,0.215985547624803,0.5010955333709717,0.2180745299983804,1.4159913063049316,0.1759135730122225,1.7952039241790771,0.2164062447884571,0.5077788829803467,0.213786093289699,1.4359424114227295,0.1314281669287054,1.4222114086151123,0.1305588235689633,0.5162148475646973,0.1019635979853816,1.7752294540405271,0.1303320690241253,1.39850115776062,0.1279617237265685,1.4017236232757568,0.6570972886762361,0.2372307777404785,58442,1.1118786334991455,0.0,1.117936611175537,0.0300513537936895,0.1369926929473877,3.737830429800121,0.0112721920013427,-,15.0,0.0701754385964912,0.0055229663848876,1,0,0,['cluster'],['touching']
figure_ascending_markersize160_interleaved_100_200_4d_0_notcramped_notrotated_umap.png,interleaved_100_200_4d_0_notcramped_notrotated_umap,1254,4,160,0.5241375890243125,1.51306414604187,0.5784481712549526,1.5050475597381592,0.5403503178870193,1.870379447937012,0.5547450061454837,0.568767786026001,0.5653131293169216,1.5208768844604492,0.1923764402190789,1.5028679370880127,0.1927711775531415,0.5862352848052979,0.1471620997121673,1.8729822635650637,0.192979390923923,1.5373210906982422,0.188783151233302,0.5918970108032227,0.1178080059064069,1.6016368865966797,0.1156573224922307,1.5518748760223389,0.0851802944266604,0.9214208126068116,0.1168064514564631,1.498168706893921,0.113311434937983,0.565537691116333,0.5382775119617225,1.2124629020690918,77700,1.1604652404785156,0.0,0.1261918544769287,0.0300513537936895,0.1397442817687988,3.737830429800121,0.0110840797424316,-,15.0,0.0701754385964912,0.005807876586914,2,0,0,['cluster'],['touching']
figure_descending_markersize10_interleaved_100_200_4d_0_notcramped_notrotated_umap.png,interleaved_100_200_4d_0_notcramped_notrotated_umap,1254,4,10,0.9164973335049172,0.3452281951904297,0.9372404546648416,1.3842041492462158,1.0036495800339906,0.7050762176513672,0.9188494631005688,1.296894073486328,0.9344332365197676,0.3426451683044433,0.4942149636397656,1.3010220527648926,0.5171650752891657,1.3517191410064695,0.5223479526615408,0.7153313159942627,0.4901819805129188,1.318903923034668,0.5077692496458918,1.3447222709655762,0.3383280275417131,0.3516812324523926,0.3571077697206957,1.2861278057098389,0.353044800869931,1.6820189952850342,0.3342469651732901,1.3195338249206543,0.3485985094942784,0.3418958187103271,0.9330143540669856,1.1716759204864502,2928,0.1366057395935058,0.0,1.1480772495269775,0.0300513537936895,0.1314172744750976,3.737830429800122,0.0095572471618652,-,15.0,0.0701754385964912,0.0057945251464843,0,0,94,['cluster'],['touching']
figure_descending_markersize60_interleaved_100_200_4d_0_notcramped_notrotated_umap.png,interleaved_100_200_4d_0_notcramped_notrotated_umap,1254,4,60,0.6400751962967193,0.8132843971252441,0.7095250907388142,0.729921817779541,1.1095654287457015,1.199781894683838,0.6515241266327856,0.767695426940918,0.7064503958514488,0.708878755569458,0.2413586354000422,0.7804780006408691,0.2602131385858902,0.7011373043060303,0.2964742415509929,1.2055578231811523,0.2431110732347794,0.8051121234893799,0.2559063281344824,0.7210896015167236,0.1487186193592672,0.8192296028137207,0.159321581838521,0.742955207824707,0.1710953303940269,1.1469993591308594,0.1494359596475747,0.8729939460754395,0.1562540984456545,0.8721680641174316,0.7838915470494418,0.5044589042663574,31083,0.2905480861663818,0.0,0.5323123931884766,0.0300513537936895,0.141634464263916,3.737830429800122,0.01200532913208,-,15.0,0.0701754385964912,0.0057287216186523,0,0,2476,['cluster'],['touching']
figure_descending_markersize110_interleaved_100_200_4d_0_notcramped_notrotated_umap.png,interleaved_100_200_4d_0_notcramped_notrotated_umap,1254,4,110,0.4772939592455105,0.8463006019592285,0.5529316880402257,0.9964911937713624,1.2636421844559744,1.2576723098754885,0.4875796906275034,0.8984460830688477,0.5542059311417722,0.7575185298919678,0.1795329910983003,1.001248836517334,0.1964693527245079,0.7589511871337891,0.25231605615159,1.3592453002929688,0.1820074253328336,0.8945300579071045,0.1947859214993401,0.9046139717102052,0.1105599217654931,0.9052784442901612,0.1194577136643586,0.9215426445007324,0.1401501772927321,1.283918857574463,0.111886661153745,0.9227454662322998,0.1181572328224324,0.9275574684143066,0.6570972886762361,0.586357593536377,58442,0.533595085144043,0.0,0.3069956302642822,0.0300513537936895,0.136533498764038,3.737830429800122,0.0114376544952392,-,15.0,0.0701754385964912,0.004810094833374,0,0,7374,['cluster'],['touching']
figure_descending_markersize160_interleaved_100_200_4d_0_notcramped_notrotated_umap.png,interleaved_100_200_4d_0_notcramped_notrotated_umap,1254,4,160,0.3843655371099584,1.014385461807251,0.4590659574806039,0.8797118663787842,1.4237787487560187,1.5521721839904783,0.392792658460017,0.8809082508087158,0.4610358188171674,1.0367121696472168,0.1504797318764552,1.0431537628173828,0.1670337883958973,1.0601751804351809,0.2362666075567456,1.450572490692139,0.152805614129683,1.052534580230713,0.1664329287169396,1.042557954788208,0.0935529274350071,1.070007085800171,0.102089891173368,1.0844473838806152,0.1288218697403464,1.4459967613220217,0.0948527949568293,1.0838358402252195,0.1015452764179981,1.0982027053833008,0.5382775119617225,0.6650927066802979,77700,0.5978415012359619,0.0,0.3451485633850097,0.0300513537936895,0.1367530822753906,3.737830429800122,0.0117297172546386,-,15.0,0.0701754385964912,0.0057752132415771,2,0,13516,['cluster'],['touching']
figure_category_based_markersize10_n500-d10-c3-spr0.2-out0_umap.png,n500-d10-c3-spr0.2-out0_umap,500,3,10,0.9416040865018996,0.515953540802002,0.9551982892868066,0.7229149341583252,0.9952162439976244,1.1324610710144043,0.9373594038465028,0.7145342826843262,0.950016168765562,0.896874189376831,0.87564561875312,0.7075464725494385,0.8722684205467672,0.880500316619873,0.8692556555761328,1.1928727626800537,0.8724544552615581,0.7182996273040771,0.8717456849018994,0.9933483600616456,0.8183228817575582,0.7240862846374512,0.8025880973008251,0.7212507724761963,0.77159759602737,0.9974596500396729,0.8159557766204556,0.7231853008270264,0.8053906890562667,0.9369652271270752,0.984,0.3612284660339355,194,0.5723669528961182,0.0,0.5839807987213135,0.0302585186091636,0.0539186000823974,10.172049001058934,0.0052058696746826,0.009589666374808774,14.713501453399658,0.126,0.0020461082458496,0,0,25,['cluster'],['intersecting']
figure_category_based_markersize60_n500-d10-c3-spr0.2-out0_umap.png,n500-d10-c3-spr0.2-out0_umap,500,3,60,0.734115890468521,0.7989206314086914,0.7854083537787038,0.7845025062561035,0.9822043779460312,1.253242015838623,0.7232287021897407,0.7975978851318359,0.7683785641312516,0.7842800617218018,0.5508788394685279,1.039733648300171,0.5644626849331547,0.8229620456695557,0.5979286146852443,1.3035504817962646,0.5451170566217162,0.5817685127258301,0.5587903840455639,1.0423369407653809,0.4408433128576614,0.820629358291626,0.4405345416981409,0.834498405456543,0.4297816597059237,1.1048455238342283,0.4373978180193081,0.8515944480895996,0.4390359441997972,0.8255138397216797,0.984,0.7467978000640869,5492,0.4214234352111816,0.0,0.6907951831817627,0.0302585186091636,0.0639495849609375,10.172049001058934,0.0062072277069091,-,15.0,0.126,0.0020391941070556,0,0,654,['cluster'],['intersecting']
figure_category_based_markersize110_n500-d10-c3-spr0.2-out0_umap.png,n500-d10-c3-spr0.2-out0_umap,500,3,110,0.5869657442553047,0.6490023136138916,0.6502095221199189,0.6378321647644043,0.9501173231086664,1.3967015743255615,0.5744286394541236,0.9068830013275146,0.6290622316290362,0.9503185749053956,0.3929823134523287,0.6738681793212891,0.4068080279981835,0.8940637111663818,0.449263764547671,1.4348256587982178,0.3876260386738304,0.6702699661254883,0.4013501890167891,1.1748716831207275,0.295367692881569,0.6680021286010742,0.2960017822874646,1.1918816566467283,0.2941845978677159,1.2276971340179443,0.292504414222197,0.6688878536224365,0.2946800028411427,0.9414546489715576,0.982,0.857684850692749,17710,0.4374644756317138,0.0,0.4144129753112793,0.0302585186091636,0.0529999732971191,10.172049001058934,0.0054330825805664,-,15.0,0.126,0.0020368099212646,0,0,2086,['cluster'],['intersecting']
figure_category_based_markersize160_n500-d10-c3-spr0.2-out0_umap.png,n500-d10-c3-spr0.2-out0_umap,500,3,160,0.5011793503547746,0.4260451793670654,0.563937704594189,1.280351638793945,0.898349951055235,0.9818730354309082,0.4889061912059611,1.0052659511566162,0.5429124781993314,0.9915261268615724,0.3174104541961546,0.9981021881103516,0.328852720364445,1.003592014312744,0.3683692332093757,1.272331953048706,0.312690171681533,1.0262820720672607,0.324441229618274,0.7194714546203613,0.2322504890546152,1.0111191272735596,0.2320991016473403,1.0317420959472656,0.2316861843192856,1.3347227573394775,0.2298467235013311,0.7808399200439453,0.2313461475555085,1.0413141250610352,0.964,0.6085824966430664,32463,0.8661108016967773,0.0,0.488962173461914,0.0302585186091636,0.0531458854675293,10.172049001058934,0.005495548248291,-,15.0,0.126,0.0017187595367431,1,0,3858,['cluster'],['intersecting']
figure_ascending_markersize10_n500-d10-c3-spr0.2-out0_umap.png,n500-d10-c3-spr0.2-out0_umap,500,3,10,0.9591027049119064,0.6396040916442871,0.9654655508859722,0.9246792793273926,0.981177284169242,1.2230439186096191,0.961948292022492,0.9525246620178224,0.9650420320947344,0.9495420455932616,0.8912854524963196,0.6759023666381836,0.8809849293680956,0.9600155353546144,0.8579372605848851,1.2427151203155518,0.8942954951645254,0.98244047164917,0.8846426503828112,0.6417396068572998,0.8324254312502751,0.9824092388153076,0.8100992436662267,0.6513292789459229,0.7622015205832722,1.2302484512329102,0.8355333278370347,0.9775631427764891,0.8166094529339019,0.6560933589935303,0.984,0.8712680339813232,194,0.4955008029937744,0.0,0.4812402725219726,0.0302585186091636,0.0534512996673584,10.172049001058934,0.0055897235870361,0.009589666374808774,11.7676739692688,0.126,0.0017755031585693,0,0,0,['cluster'],['intersecting']
figure_ascending_markersize60_n500-d10-c3-spr0.2-out0_umap.png,n500-d10-c3-spr0.2-out0_umap,500,3,60,0.8317887971613112,0.6954867839813232,0.8428879134418688,0.7155179977416992,0.8600667793765409,1.308218002319336,0.8338127909274127,1.084935426712036,0.8391500250892963,0.7055621147155762,0.6110818540895602,1.0459041595458984,0.597741507017284,0.7023553848266602,0.544190553302798,1.314178705215454,0.6128954237265276,1.066180944442749,0.5996698227115334,0.7109124660491943,0.4829388100589359,1.0787537097930908,0.4630636023404427,0.7274174690246582,0.3980126710027494,1.3538861274719238,0.4845220740733699,0.7170002460479736,0.466529616878407,1.076582670211792,0.984,0.5886044502258301,5492,0.5268666744232178,0.0,0.5139000415802002,0.0302585186091636,0.053107738494873,10.172049001058934,0.0053927898406982,0.019038774905434427,14.347121715545654,0.126,0.0019299983978271,0,0,0,['cluster'],['intersecting']
figure_ascending_markersize110_n500-d10-c3-spr0.2-out0_umap.png,n500-d10-c3-spr0.2-out0_umap,500,3,110,0.7279650257944881,0.7927489280700684,0.7337164110139734,0.7829327583312988,0.736707549643447,1.0410780906677246,0.7286681880310308,1.1463885307312012,0.729864958232711,1.1693062782287598,0.4649037386151571,0.7973365783691406,0.4458864973166528,0.801790714263916,0.3866727412271163,1.42071533203125,0.4662253752492792,0.772141695022583,0.4490353561209783,1.160475254058838,0.34149815967791,0.7866411209106445,0.3202539450408347,1.184565544128418,0.2621271965619606,1.0662119388580322,0.3427704859681413,0.785027265548706,0.3242672754947434,1.1665000915527344,0.982,0.6738626956939697,17710,0.5950624942779541,0.0,0.5687694549560547,0.0302585186091636,0.0549616813659668,10.172049001058934,0.0054898262023925,-,15.0,0.126,0.0021793842315673,0,0,0,['cluster'],['intersecting']
figure_ascending_markersize160_n500-d10-c3-spr0.2-out0_umap.png,n500-d10-c3-spr0.2-out0_umap,500,3,160,0.6591910917069799,0.4200711250305176,0.6563541367783317,1.250314474105835,0.6407603975986259,1.1031794548034668,0.6592805677323773,0.8430893421173096,0.6543298612853257,1.2627959251403809,0.3917265484545293,0.8552701473236084,0.3688064303337866,1.2468278408050537,0.3075941742882339,1.1044695377349854,0.3932749940060501,1.2676386833190918,0.3732735005042689,0.8893589973449707,0.2786608545661592,0.8724229335784912,0.2564542361666592,0.8676095008850098,0.2023706521462452,1.5490288734436035,0.2802144652404672,0.8464267253875732,0.2611156675655161,1.2725586891174316,0.964,0.7211897373199463,32463,0.6186726093292236,0.0,0.5955667495727539,0.0302585186091636,0.0526366233825683,10.172049001058934,0.0056636333465576,-,15.0,0.126,0.002110481262207,0,0,0,['cluster'],['intersecting']
figure_descending_markersize10_n500-d10-c3-spr0.2-out0_umap.png,n500-d10-c3-spr0.2-out0_umap,500,3,10,0.9390170534242116,0.7456109523773193,0.9551970662833612,0.7502589225769043,0.9979740797807458,1.4677507877349854,0.9373531981436912,0.774303674697876,0.9500141663345754,0.7711262702941895,0.8730014619694593,1.220489263534546,0.8721588352892158,0.7827389240264893,0.8725374013096404,1.0386202335357666,0.8720409733769309,1.2229905128479004,0.871580825143902,0.7841372489929199,0.8156583416773637,0.7917702198028564,0.8024034272249367,0.7818827629089355,0.7751124900221569,1.494128704071045,0.8152374427498406,0.7960724830627441,0.8051107372361026,0.8050220012664795,0.984,0.6105279922485352,194,0.6097819805145264,0.0,0.616478681564331,0.0302585186091636,0.0553290843963623,10.172049001058934,0.0055956840515136,0.009589666374808774,12.06873345375061,0.126,0.0018796920776367,0,0,25,['cluster'],['intersecting']
figure_descending_markersize60_n500-d10-c3-spr0.2-out0_umap.png,n500-d10-c3-spr0.2-out0_umap,500,3,60,0.7134774156979795,0.8190104961395264,0.7769878134833561,1.30613112449646,1.026210535885011,1.108179807662964,0.7049463174419531,0.8369705677032471,0.7559015938886171,1.3196654319763184,0.5367362753721314,0.8397276401519775,0.5590391754343174,0.8806805610656738,0.6209837933094955,1.109023094177246,0.5323278756024845,0.8333754539489746,0.5512907391407447,0.8299045562744141,0.4301743746775049,1.3509979248046875,0.4365772566712588,0.8639862537384033,0.4451889865502183,1.1315159797668457,0.4276181006686536,0.8916056156158447,0.4338533550544777,0.9191598892211914,0.984,0.7251384258270264,5492,0.6551227569580078,0.0,0.6398880481719971,0.0302585186091636,0.0534684658050537,10.172049001058934,0.0051245689392089,0.01903877490543442,14.342061281204224,0.126,0.0017910003662109,0,0,816,['cluster'],['intersecting']
figure_descending_markersize110_n500-d10-c3-spr0.2-out0_umap.png,n500-d10-c3-spr0.2-out0_umap,500,3,110,0.5521229813531521,0.393383264541626,0.6339429390292491,1.3956377506256104,1.0545379399281345,1.1875970363616943,0.5419910021446721,0.9111502170562744,0.6062793744742095,0.9072263240814208,0.3726008632997912,0.897510290145874,0.3982808622346909,0.9247698783874512,0.4810958894462043,1.7005605697631836,0.3681702638106662,0.9212701320648192,0.3895549011536235,0.9307010173797609,0.2811766246595903,0.9291543960571288,0.2903471527529916,0.9235780239105223,0.3116339704130476,1.1563725471496582,0.278767389466369,0.8940629959106445,0.2869720505288335,1.443220615386963,0.982,0.8011972904205322,17710,0.1381645202636718,0.0,0.6715173721313477,0.0302585186091636,0.0502631664276123,10.172049001058934,0.005387544631958,-,15.0,0.126,0.0017218589782714,0,0,2857,['cluster'],['intersecting']
figure_descending_markersize160_n500-d10-c3-spr0.2-out0_umap.png,n500-d10-c3-spr0.2-out0_umap,500,3,160,0.4581208317386757,0.9777116775512696,0.5429395830800826,1.023810863494873,1.0575088043825165,1.262373685836792,0.4485867759911633,0.9868957996368408,0.514259332358997,0.975531816482544,0.294235791169856,1.538703680038452,0.3189274995045439,1.0222532749176023,0.4044715787547893,1.2689964771270752,0.2901896788584853,0.9858317375183104,0.3107275274118907,0.9803476333618164,0.2167110494921295,1.0017969608306885,0.2257748058216477,0.9985783100128174,0.2500559751982469,1.254472255706787,0.2144624564654288,1.018240451812744,0.2226198158312589,0.9844441413879396,0.964,0.8534562587738037,32463,0.735865592956543,0.0,0.7188739776611328,0.0302585186091636,0.0576448440551757,10.172049001058934,0.0051660537719726,-,15.0,0.126,0.0018496513366699,1,0,5669,['cluster'],['intersecting']
figure_category_based_markersize10_interleaved_100_200_6d_0_notcramped_notrotated_pca.png,interleaved_100_200_6d_0_notcramped_notrotated_pca,837,6,10,0.8920850290309388,0.9049522876739502,0.9029826678769388,0.9165616035461426,0.913386950373332,1.427910327911377,0.885751711056823,0.908473253250122,0.8929697036661474,1.4913785457611084,0.8409872570501817,0.3472840785980224,0.8445689059164464,1.505833387374878,0.8338385089652135,1.5004396438598633,0.8351438693508846,0.9722402095794678,0.8366457053277011,1.0056698322296145,0.7954260200838397,0.3460779190063476,0.7932535010550212,1.572277545928955,0.7670360217910513,1.528343915939331,0.7900064767573127,0.3492231369018554,0.7870053977840641,1.4959192276000977,0.995221027479092,0.797264575958252,353,0.124662160873413,0.0,0.7330973148345947,0.0307697738083403,0.1070971488952636,7.960075428542825,0.008561372756958,-,15.0,0.2592592592592592,0.0051808357238769,0,0,91,['cluster'],['intersecting']
figure_category_based_markersize60_interleaved_100_200_6d_0_notcramped_notrotated_pca.png,interleaved_100_200_6d_0_notcramped_notrotated_pca,837,6,60,0.505661020976922,1.0298612117767334,0.5397961475635201,1.0329136848449707,0.5840343122711791,1.5352740287780762,0.4809413860239196,1.0272057056427002,0.5056428826831629,1.0032589435577393,0.3950492136135428,1.5998823642730713,0.4018770227010336,1.0302107334136963,0.3913259748740515,0.957982063293457,0.3791608648531386,1.6463098526000977,0.3861190564817879,0.4196157455444336,0.3241437550150201,1.6329734325408936,0.3200926369443729,0.3978259563446045,0.294238763259633,1.5475146770477295,0.3129351232844001,1.646097183227539,0.3122980638663807,1.036146640777588,0.985663082437276,0.2949471473693847,14121,0.7899415493011475,0.0,0.7829153537750244,0.0307697738083403,0.105717658996582,7.960075428542825,0.0089256763458251,-,15.0,0.2592592592592592,0.0049498081207275,0,0,3810,['cluster'],['intersecting']
figure_category_based_markersize110_interleaved_100_200_6d_0_notcramped_notrotated_pca.png,interleaved_100_200_6d_0_notcramped_notrotated_pca,837,6,110,0.3632035199351656,1.09501314163208,0.3890481629725637,1.1729693412780762,0.4232681951522833,2.310685396194458,0.3395389865260068,0.471642255783081,0.358495096447267,1.109156370162964,0.2671660700767605,1.7773146629333496,0.2677667124434811,0.4761486053466797,0.2545502680409489,1.6622774600982666,0.2538891899859914,1.1201155185699463,0.2562940427438225,1.7663638591766355,0.2112957323967511,0.4797532558441162,0.2041311043396729,1.1374626159667969,0.1820026322867706,2.306124210357666,0.2027458900400145,0.479151964187622,0.199437650048202,1.1181628704071045,0.945041816009558,1.0061588287353516,40320,0.8278071880340576,0.0,0.8390243053436279,0.0307697738083403,0.1033484935760498,7.960075428542825,0.0083518028259277,-,15.0,0.2592592592592592,0.0051846504211425,4,0,12032,['cluster'],['intersecting']
figure_category_based_markersize160_interleaved_100_200_6d_0_notcramped_notrotated_pca.png,interleaved_100_200_6d_0_notcramped_notrotated_pca,837,6,160,0.2959094931720895,0.5215768814086914,0.3168205130274785,1.2702455520629885,0.3443797824221637,1.7145171165466309,0.2740125205705893,1.2129061222076416,0.2894682067592985,0.5372438430786133,0.2118297276495168,1.2617409229278564,0.2111630035637043,1.2214076519012451,0.1983274640237144,1.7710115909576416,0.2001814280645776,1.1953375339508057,0.2014342228130798,1.2066867351531982,0.1649584189902581,1.226421356201172,0.1583532575895408,1.2287194728851318,0.1392648825281787,1.7358736991882324,0.1576921800870232,1.1988942623138428,0.1544595096221471,1.1971137523651123,0.8769414575866189,1.062004566192627,66548,0.8929085731506348,0.0,0.8584465980529785,0.0307697738083403,0.1078979969024658,7.960075428542825,0.0084569454193115,-,15.0,0.2592592592592592,0.0050959587097167,9,0,22300,['cluster'],['intersecting']
figure_ascending_markersize10_interleaved_100_200_6d_0_notcramped_notrotated_pca.png,interleaved_100_200_6d_0_notcramped_notrotated_pca,837,6,10,0.9236020222779524,0.3319010734558105,0.9091793861484004,1.0514259338378906,0.8885023488021162,0.8555994033813477,0.9231310966893822,1.02038311958313,0.9113088788699816,1.0295886993408203,0.8696563331507572,1.025601863861084,0.8501158687869887,1.023507595062256,0.8123251177176132,1.5635714530944824,0.8690191861187402,1.0400304794311523,0.853046012034225,1.03672194480896,0.8216645986826647,1.0569055080413818,0.7982581859748541,1.0536885261535645,0.7481787633235518,1.5977067947387695,0.8208998461653388,1.0782592296600342,0.8017853328487499,1.0741558074951172,0.995221027479092,0.9157698154449464,353,0.1289060115814209,0.0,0.8771119117736816,0.0307697738083403,0.0960152149200439,7.960075428542825,0.0079312324523925,-,15.0,0.2592592592592592,0.0056383609771728,0,0,0,['cluster'],['intersecting']
figure_ascending_markersize60_interleaved_100_200_6d_0_notcramped_notrotated_pca.png,interleaved_100_200_6d_0_notcramped_notrotated_pca,837,6,60,0.6138843964667675,1.1646759510040283,0.5619019150256639,1.1459672451019287,0.4884007783529351,0.906447410583496,0.604744746866066,1.1298692226409912,0.5667311397747032,1.1199464797973633,0.4658571210946961,1.143975019454956,0.4183618515203143,1.149929761886597,0.3446826901816111,1.6851747035980225,0.4592006392513144,0.3898699283599853,0.4252066391236415,1.131025791168213,0.3753485189861313,1.1578800678253174,0.3332355214137733,1.1515212059020996,0.2663158831109158,1.6619415283203125,0.3701230168705333,1.1807730197906494,0.3402413330382453,0.3785185813903808,0.985663082437276,1.0900185108184814,14121,1.010906219482422,0.0,0.124603271484375,0.0307697738083403,0.1066133975982666,7.960075428542825,0.0086565017700195,-,15.0,0.2592592592592592,0.0048658847808837,0,0,0,['cluster'],['intersecting']
figure_ascending_markersize110_interleaved_100_200_6d_0_notcramped_notrotated_pca.png,interleaved_100_200_6d_0_notcramped_notrotated_pca,837,6,110,0.4703146913442291,0.4623632431030273,0.4115606602411361,1.2454001903533936,0.3301206536817465,1.768134593963623,0.4620185208894658,0.4691929817199707,0.4180172103112981,1.2646286487579346,0.3321496437222443,1.2355291843414309,0.285608101663202,1.2360775470733645,0.2173869507800963,1.7710120677947998,0.3274031789108167,0.4724938869476318,0.2929818664017181,1.2135026454925537,0.256729759700352,1.251605987548828,0.2186831035504046,1.2249157428741455,0.162048586011571,0.9813756942749025,0.2535329317845447,1.2746968269348145,0.2255241440504037,1.2138032913208008,0.945041816009558,1.1354484558105469,40320,1.004297971725464,0.0,0.1249899864196777,0.0307697738083403,0.1000120639801025,7.960075428542825,0.0087251663208007,-,15.0,0.2592592592592592,0.0052294731140136,3,0,0,['cluster'],['intersecting']
figure_ascending_markersize160_interleaved_100_200_6d_0_notcramped_notrotated_pca.png,interleaved_100_200_6d_0_notcramped_notrotated_pca,837,6,160,0.3979078788221676,0.5076940059661865,0.3390981172951735,1.3917748928070068,0.2539997576362075,1.8558928966522217,0.3909442838183672,0.5222649574279785,0.3465153536929022,1.3117997646331787,0.2727674075746511,1.335073947906494,0.2295235551110941,1.315894603729248,0.1642905204211423,1.8376495838165283,0.2688551265122284,1.3278789520263672,0.2365105643368767,0.5081884860992432,0.2075072037707178,1.3108296394348145,0.173469455513532,1.3385939598083496,0.1214101259903085,1.8568456172943115,0.2048743151223042,0.5215744972229004,0.1795201002653577,1.310032606124878,0.8769414575866189,1.1759428977966309,66548,1.0152788162231443,0.0,0.1266865730285644,0.0307697738083403,0.1022360324859619,7.960075428542825,0.0088920593261718,-,15.0,0.2592592592592592,0.0048534870147705,4,0,0,['cluster'],['intersecting']
figure_descending_markersize10_interleaved_100_200_6d_0_notcramped_notrotated_pca.png,interleaved_100_200_6d_0_notcramped_notrotated_pca,837,6,10,0.8730128550983681,1.155001878738403,0.895100554301846,0.3240406513214111,0.9300853457870674,1.6615228652954102,0.8612998703486874,1.2053711414337158,0.8809301081625994,0.3532166481018066,0.8232041275920562,1.1369867324829102,0.837396878304913,1.1494314670562744,0.848598753761752,1.680009126663208,0.8125958142895087,1.16698956489563,0.8257581162177177,0.3287975788116455,0.7787721909683237,1.158456563949585,0.7866824958431584,1.1748666763305664,0.7802403722604652,1.6922433376312256,0.7691051095308661,0.3354504108428955,0.777089578746053,1.160057544708252,0.995221027479092,1.0193779468536377,353,0.1303789615631103,0.0,0.966386079788208,0.0307697738083403,0.1039614677429199,7.960075428542825,0.0080909729003906,-,15.0,0.2592592592592592,0.0049555301666259,0,0,148,['cluster'],['intersecting']
figure_descending_markersize60_interleaved_100_200_6d_0_notcramped_notrotated_pca.png,interleaved_100_200_6d_0_notcramped_notrotated_pca,837,6,60,0.4422170511010748,1.24023699760437,0.512406638932781,0.3916566371917724,0.6841375938293549,1.7828168869018557,0.4217406949291388,1.236198902130127,0.4727218092912534,0.379225492477417,0.3499807705156083,1.2555551528930664,0.3834730590267793,1.2460641860961914,0.4378815599030631,1.7738037109375,0.336626352800234,0.4041769504547119,0.363721932853668,1.2365245819091797,0.2895808765773968,1.2658021450042725,0.3063805068282752,0.3999249935150146,0.3219833281715224,1.7362406253814695,0.2800979009412002,1.2474229335784912,0.295569676007653,1.254002571105957,0.985663082437276,0.2973976135253906,14121,1.04054856300354,0.0,1.039011001586914,0.0307697738083403,0.1037154197692871,7.960075428542825,0.0083587169647216,-,15.0,0.2592592592592592,0.0050182342529296,0,0,6332,['cluster'],['intersecting']
figure_descending_markersize110_interleaved_100_200_6d_0_notcramped_notrotated_pca.png,interleaved_100_200_6d_0_notcramped_notrotated_pca,837,6,110,0.2956472601381754,0.4472482204437256,0.3585120874605393,1.3353474140167236,0.5513699467238622,0.9668464660644532,0.2794603208797828,1.287628173828125,0.324410186005544,1.3088886737823486,0.2225227415679368,1.3312411308288574,0.248369771130463,0.453571081161499,0.3007309541563088,1.876353740692139,0.2129647513601649,1.386185884475708,0.2343200224665483,0.450585126876831,0.1783982469955131,1.3421580791473389,0.1899983535625863,1.389411211013794,0.2067483316556,1.9054222106933596,0.1720311733454917,0.4489815235137939,0.1833914064408506,1.3498969078063965,0.945041816009558,1.2761924266815186,40320,0.1633737087249755,0.0,1.046222686767578,0.0307697738083403,0.1054909229278564,7.960075428542825,0.00830078125,-,15.0,0.2592592592592592,0.0046319961547851,4,0,20851,['cluster'],['intersecting']
figure_descending_markersize160_interleaved_100_200_6d_0_notcramped_notrotated_pca.png,interleaved_100_200_6d_0_notcramped_notrotated_pca,837,6,160,0.2312971751866001,1.4320557117462158,0.2871140352938534,0.5125877857208252,0.4783351994606065,1.9007985591888428,0.2173898823621535,1.3964886665344238,0.2572825460709984,0.505460262298584,0.1695613647877206,1.4094679355621338,0.1916041779443674,1.4144413471221924,0.2406241762090459,1.0037531852722168,0.1617767723404365,1.4014668464660645,0.1803551467010357,1.405367374420166,0.1338383957622592,1.4344618320465088,0.1437763029609086,0.5167496204376221,0.1607424348752828,1.9485771656036377,0.1288214213365336,1.4404075145721436,0.1388415634341038,0.5115361213684082,0.8769414575866189,1.3228533267974854,66548,0.1755053997039795,0.0,1.0910074710845947,0.0307697738083403,0.0996692180633544,7.960075428542825,0.0065908432006835,-,15.0,0.2592592592592592,0.0051701068878173,10,0,39220,['cluster'],['intersecting']
figure_category_based_markersize10_n500-d10-c3-spr0.2-out0_pca.png,n500-d10-c3-spr0.2-out0_pca,500,3,10,0.9288368917443972,0.303389310836792,0.9367238773699396,1.255497932434082,0.9470913900503672,0.5699799060821533,0.9269560242995616,1.2442619800567627,0.935099845355986,1.2515740394592283,0.8860822940607573,0.3085465431213379,0.8755327275895997,1.2649900913238523,0.8587282989670647,0.572392463684082,0.8838731267189923,1.250953197479248,0.8783390223101171,1.2558221817016602,0.8470905033654045,0.313913345336914,0.8218459378190144,1.2665128707885742,0.7854465774814821,1.5157685279846191,0.8446171602482395,1.2532215118408203,0.8280746581631285,0.3037691116333008,1.0,1.0871694087982178,179,0.1140568256378173,0.0,1.08312726020813,0.030742472117529,0.0578923225402832,10.081921165498631,0.0050954818725585,0.010577828111752915,14.134711742401125,0.11,0.0018093585968017,0,0,28,['cluster'],['intersecting']
figure_category_based_markersize60_n500-d10-c3-spr0.2-out0_pca.png,n500-d10-c3-spr0.2-out0_pca,500,3,60,0.7145951742634307,1.299243688583374,0.7509734223667535,1.2956910133361816,0.8219634235456527,0.6067533493041992,0.7126387105921504,1.285857915878296,0.740253141070117,1.3037827014923096,0.5521300714459676,0.3434922695159912,0.5317963976010462,1.3102166652679443,0.5036761218957229,1.5803501605987549,0.5513636040251699,0.3622627258300781,0.5371579101005699,1.416471242904663,0.4498544683088167,0.3469133377075195,0.4116526069633813,1.2990999221801758,0.3630809789141709,1.5798799991607666,0.4496130397814646,0.3455595970153808,0.421512181489077,1.3116669654846191,0.994,1.2576885223388672,6365,0.1273415088653564,0.0,1.130939483642578,0.030742472117529,0.0643973350524902,10.081921165498631,0.0051069259643554,-,15.0,0.11,0.0023636817932128,0,0,657,['cluster'],['intersecting']
figure_category_based_markersize110_n500-d10-c3-spr0.2-out0_pca.png,n500-d10-c3-spr0.2-out0_pca,500,3,110,0.5741130585460184,0.7425312995910645,0.6172515158751701,0.6562809944152832,0.7219802173402325,0.9903357028961182,0.5740324958202662,0.6954386234283447,0.6056059248151107,0.6469376087188721,0.3950920819286627,0.5990033149719238,0.3776878975331956,0.723010778427124,0.3556183291479086,0.8984575271606445,0.3951569663411814,0.6231327056884766,0.3828841008596572,0.7194375991821289,0.3011781608225543,0.6437113285064697,0.272087195907293,0.7230093479156494,0.2359087250812066,1.006742000579834,0.3012757627857733,0.6682841777801514,0.2799337343729937,0.8172414302825928,0.974,0.4778201580047607,19835,0.2666754722595215,0.0,0.3580501079559326,0.030742472117529,0.0671801567077636,10.081921165498631,0.005105972290039,-,15.0,0.11,0.002110481262207,0,0,2143,['cluster'],['intersecting']
figure_category_based_markersize160_n500-d10-c3-spr0.2-out0_pca.png,n500-d10-c3-spr0.2-out0_pca,500,3,160,0.505039427563885,0.7238872051239014,0.5461753034019016,0.8270554542541504,0.6575320523243451,1.0201897621154783,0.5054569061933959,0.7872891426086426,0.5353003015907121,0.7348732948303223,0.3255635851232502,0.7528977394104004,0.3091613998527148,0.7795915603637695,0.2874763817932891,1.0345168113708496,0.3260099188401834,0.6711893081665039,0.3144517645546546,0.8938746452331543,0.2402027447323531,0.7661936283111572,0.2156009299745909,0.7806236743927002,0.1839501690328358,1.0216312408447266,0.2405942885096345,0.7787032127380371,0.222609777074484,0.7391648292541504,0.958,0.5383565425872803,34756,0.4526605606079101,0.0,0.2728993892669678,0.030742472117529,0.0585906505584716,10.081921165498631,0.0049207210540771,-,15.0,0.11,0.0020675659179687,1,0,3937,['cluster'],['intersecting']
figure_ascending_markersize10_n500-d10-c3-spr0.2-out0_pca.png,n500-d10-c3-spr0.2-out0_pca,500,3,10,0.9410201324428094,0.600804328918457,0.9442444528578404,0.683373212814331,0.9386290169341918,0.9949066638946532,0.9369159254944844,0.7375941276550293,0.9406293763477248,0.7463858127593994,0.8979149377280023,0.7299907207489014,0.8822658750310224,0.743971586227417,0.8511556929132492,1.0042917728424072,0.8936710626816526,0.6285016536712646,0.8834532882906097,0.9226434230804444,0.8585858023424844,0.6180768013000488,0.827922471499154,0.7825770378112793,0.7785962466019132,0.8738577365875244,0.8542421414612822,0.7703113555908203,0.8328297902164827,0.6667890548706055,1.0,0.4949243068695068,179,0.483835220336914,0.0,0.464033842086792,0.030742472117529,0.068619966506958,10.081921165498631,0.0050423145294189,0.010577828111752917,11.190737009048462,0.11,0.0018503665924072,0,0,0,['cluster'],['intersecting']
figure_ascending_markersize60_n500-d10-c3-spr0.2-out0_pca.png,n500-d10-c3-spr0.2-out0_pca,500,3,60,0.7842785170838323,0.8809823989868164,0.7816774593750938,0.7082335948944092,0.751790192680432,0.9390506744384766,0.7828301375189539,0.8340809345245361,0.779190107567538,0.8626337051391602,0.5972673369153912,0.8882133960723877,0.548178289325473,0.7167987823486328,0.4723394613310773,0.959690809249878,0.5966925014913507,0.8692474365234375,0.5588595510825889,0.7131955623626709,0.4822700607488739,0.8992030620574951,0.4220926684722272,0.9261267185211182,0.3443425938305779,0.9998910427093506,0.4820685328773318,0.9028716087341307,0.4356666644165793,0.9439084529876708,0.994,0.6271655559539795,6365,0.3447263240814209,0.0,0.306309700012207,0.030742472117529,0.067014455795288,10.081921165498631,0.0048518180847167,0.021946702712807974,13.924213409423828,0.11,0.001838207244873,0,0,0,['cluster'],['intersecting']
figure_ascending_markersize110_n500-d10-c3-spr0.2-out0_pca.png,n500-d10-c3-spr0.2-out0_pca,500,3,110,0.6717064090486622,0.9443068504333496,0.6610138236768883,0.8030219078063965,0.6128538335895825,1.0418298244476318,0.6705100165856419,0.9962050914764404,0.6606511694110533,0.8272335529327393,0.4491280230696919,0.8221321105957031,0.398246753154853,0.8314516544342041,0.3229589073023899,1.0853369235992432,0.4483480346298308,0.8159120082855225,0.4094766703955098,0.8122458457946777,0.3373446280834401,0.8151359558105469,0.284966500955909,0.8276066780090332,0.2192488245114822,1.079282522201538,0.336766302322663,0.7994706630706787,0.2966808793726403,1.041032075881958,0.974,0.4639079570770263,19835,0.6336014270782471,0.0,0.3549823760986328,0.030742472117529,0.0690484046936035,10.081921165498631,0.0050287246704101,-,15.0,0.11,0.0021259784698486,0,0,0,['cluster'],['intersecting']
figure_ascending_markersize160_n500-d10-c3-spr0.2-out0_pca.png,n500-d10-c3-spr0.2-out0_pca,500,3,160,0.6112752160862641,0.8866934776306152,0.5943144854630593,0.880119800567627,0.5331583403508947,1.2675254344940186,0.6097631205257634,0.9034955501556396,0.5953290192701489,0.6847283840179443,0.3807235642565608,1.1508347988128662,0.3308430573224752,0.9287552833557128,0.2570699689393398,0.9364910125732422,0.3797271213335208,1.1386253833770752,0.3420150130030693,0.9134864807128906,0.2764545631409982,0.6869497299194336,0.2292236539017023,1.1690285205841064,0.1693661475562341,1.174238204956055,0.2757130711572357,0.6737060546875,0.2399259242575872,1.1809580326080322,0.958,0.5021142959594727,34756,0.6875505447387695,0.0,0.3909807205200195,0.030742472117529,0.0624542236328125,10.081921165498631,0.0044078826904296,-,15.0,0.11,0.0018403530120849,0,0,0,['cluster'],['intersecting']
figure_descending_markersize10_n500-d10-c3-spr0.2-out0_pca.png,n500-d10-c3-spr0.2-out0_pca,500,3,10,0.9127560008857298,0.3122651576995849,0.933661948297571,1.0815060138702393,0.9596501971306064,0.8349049091339111,0.9081203087694572,0.8352823257446289,0.9246504141701696,1.0965728759765625,0.8708372858947812,0.6055986881256104,0.8726943186574083,0.86875319480896,0.8697946297838841,1.1137535572052002,0.8661526521324394,0.8458726406097412,0.868919511835495,1.1414508819580078,0.8325997800890544,0.5976381301879883,0.8192009325876954,0.9082624912261964,0.7953253961886918,1.116347312927246,0.8278926189318452,0.8553159236907959,0.8195247838500216,0.8779008388519287,1.0,0.4400689601898193,179,0.7201228141784668,0.0,0.4236831665039062,0.030742472117529,0.0657069683074951,10.081921165498631,0.0053293704986572,0.010577828111752915,11.676064014434814,0.11,0.0019426345825195,0,0,49,['cluster'],['intersecting']
figure_descending_markersize60_n500-d10-c3-spr0.2-out0_pca.png,n500-d10-c3-spr0.2-out0_pca,500,3,60,0.6603032886596272,0.906118392944336,0.7343910083711132,0.8993089199066162,0.8973539442742249,1.1876955032348633,0.6550123342523522,1.2398395538330078,0.705384479632176,0.6541397571563721,0.5117844519840848,0.9469423294067384,0.5196060191440819,0.968858242034912,0.5332875489012364,0.9286453723907472,0.509224869847942,0.9290456771850586,0.5140381463469317,0.9184765815734864,0.417808744524545,0.9558672904968262,0.4020265886627254,0.6734528541564941,0.3793721017473797,1.2388460636138916,0.4165192988533833,0.6742162704467773,0.4043515904091175,0.9670798778533936,0.994,0.8627347946166992,6365,0.4496567249298095,0.0,0.4598793983459472,0.030742472117529,0.0612142086029052,10.081921165498631,0.0052511692047119,0.021946702712807985,14.006511688232422,0.11,0.0017552375793457,0,0,1341,['cluster'],['intersecting']
figure_descending_markersize110_n500-d10-c3-spr0.2-out0_pca.png,n500-d10-c3-spr0.2-out0_pca,500,3,110,0.5125665860880313,0.7244977951049805,0.5966158800328788,0.683068037033081,0.83540637022616,1.2616536617279053,0.5090032222625107,1.0127112865447998,0.5644416643327643,1.0373735427856443,0.3558313849147657,0.7221572399139404,0.3651586194290539,1.0478346347808838,0.384266532642294,1.3337488174438477,0.3549495982711087,0.7257080078125,0.3604410660206932,1.05798602104187,0.2725037967327616,0.7321798801422119,0.2630920149333036,1.063208818435669,0.2495197663988549,0.9787449836730956,0.2724811458949723,1.057549238204956,0.2647537298356894,1.0666582584381104,0.974,0.573967695236206,19835,0.4989743232727051,0.0,0.8471910953521729,0.030742472117529,0.0657920837402343,10.081921165498631,0.0047199726104736,0.029246657654643817,14.856138706207275,0.11,0.001749038696289,0,0,4284,['cluster'],['intersecting']
figure_descending_markersize160_n500-d10-c3-spr0.2-out0_pca.png,n500-d10-c3-spr0.2-out0_pca,500,3,160,0.4432447111486463,0.4139282703399658,0.52487924994485,1.100529670715332,0.7882107254644524,1.3584022521972656,0.4407026496621059,0.7460646629333496,0.4937223432818332,0.778684139251709,0.2880296349974242,1.153120517730713,0.296253846088966,1.1863269805908203,0.3122870439743856,1.0517332553863523,0.288194149220305,1.134845495223999,0.2927310174013082,0.7902040481567383,0.2133269687888327,1.1481554508209229,0.2063656750414385,0.7953288555145264,0.194716634663248,1.4094386100769043,0.2141023902808617,0.8055493831634521,0.2080394416838069,1.1623992919921875,0.958,0.6398265361785889,34756,0.5501489639282227,0.0,0.5140950679779053,0.030742472117529,0.0655543804168701,10.081921165498631,0.0051188468933105,-,15.0,0.11,0.0019702911376953,2,0,7740,['cluster'],['intersecting']
figure_category_based_markersize10_world_9d_pca.png,world_9d_pca,151,5,10,0.549012880285251,0.6888806819915771,0.5888853423414677,0.7163589000701904,0.552543179711898,1.0776383876800537,0.7019901540861812,1.0784010887145996,0.7101064412822184,1.085479736328125,0.4240908724542889,0.7039370536804199,0.4220420697791189,0.6844642162322998,0.3230376503475959,1.5136971473693848,0.5447127430616661,0.7184176445007324,0.5223164959499593,1.1039609909057615,0.3454804840859711,0.7015917301177979,0.3288672465789984,1.0822908878326416,0.2282367433360586,1.1880841255187988,0.4450103762328143,0.7182784080505371,0.4130769582006065,1.1078472137451172,0.8807947019867549,0.5256338119506836,435,0.5354490280151367,0.0,0.5312633514404297,0.0268582704296082,0.0321302413940429,10.990147084800006,0.002389907836914,0.06900782535883491,1.8468897342681885,0.5894039735099338,0.0007917881011962,0,0,0,['three_order'],['intersecting']
figure_category_based_markersize60_world_9d_pca.png,world_9d_pca,151,5,60,0.3641670004407716,0.7216048240661621,0.3743558180621,1.148359298706055,0.2762758368024059,1.1334617137908936,0.553351308093001,1.1222167015075684,0.5214135625745535,0.7152783870697021,0.2824244603324396,0.7257168292999268,0.2671346758774839,1.1281557083129885,0.1618664243596285,1.1703946590423584,0.4038590661433817,1.136772632598877,0.361020644956794,0.7230985164642334,0.2306514196662326,0.7284204959869385,0.2076582319669871,0.724522590637207,0.1144649866524788,1.5606040954589844,0.3179597259192407,0.7273831367492676,0.2760916273438596,1.2024216651916504,0.6026490066225165,0.5665643215179443,2832,0.6463470458984375,0.0,0.6172385215759277,0.0268582704296082,0.0381021499633789,10.990147084800006,0.0025436878204345,0.11727477383425594,2.124401330947876,0.5894039735099338,0.0008246898651123,3,0,28,['three_order'],['intersecting']
figure_category_based_markersize110_world_9d_pca.png,world_9d_pca,151,5,110,0.3331620171127446,0.7712647914886475,0.3408761351871903,0.7611525058746338,0.226600694706474,1.1773793697357178,0.5221762063991902,0.7684638500213623,0.4856496184298055,1.2122304439544678,0.2634970894760945,0.791151762008667,0.2449263736740081,0.8002922534942627,0.1325603652119475,1.1842944622039795,0.3802880740118756,0.748579740524292,0.3362838622421567,1.2393851280212402,0.2179278793969651,0.7797353267669678,0.1911277611837133,0.7741367816925049,0.0936819326922452,1.645638942718506,0.2990333499751679,0.791675329208374,0.2571845279815301,0.799835205078125,0.4900662251655629,0.5977630615234375,4657,0.601097583770752,0.0,0.610131025314331,0.0268582704296082,0.032738447189331,10.990147084800006,0.0021822452545166,0.14304432559135372,2.279266834259033,0.5894039735099338,0.0008466243743896,4,0,97,['three_order'],['intersecting']
figure_category_based_markersize160_world_9d_pca.png,world_9d_pca,151,5,160,0.32309147120187,0.3428411483764648,0.3305739583829445,1.2895936965942385,0.2063351903285077,1.2314636707305908,0.513811498987603,0.8216521739959717,0.4768720537623606,1.2740402221679688,0.2584186660044099,0.8149600028991699,0.2373807768500049,0.8426003456115723,0.1192159078874939,1.2120215892791748,0.3740105467222684,0.8146805763244629,0.3288392482076785,1.2650573253631592,0.2153186151150362,0.8338222503662109,0.1851769418999806,0.8095614910125732,0.0838236909868869,1.225780010223389,0.2940135538730327,0.8213176727294922,0.2509409957570939,1.3161649703979492,0.4370860927152318,0.6519441604614258,6096,0.1195621490478515,0.0,0.598139762878418,0.0268582704296082,0.0327320098876953,10.990147084800006,0.0019445419311523,0.15992268805342116,3.0534331798553467,0.5894039735099338,0.0008242130279541,5,0,210,['three_order'],['intersecting']
figure_ascending_markersize10_world_9d_pca.png,world_9d_pca,151,5,10,0.7161206231477173,0.8087985515594482,0.6082338438067029,0.808814525604248,0.3835638867429143,1.247546672821045,0.7102917546077492,0.8331270217895508,0.7103682370615703,0.8206157684326172,0.5293063734442773,0.8205773830413818,0.4362025064975515,0.8145759105682373,0.2552842116806114,1.2075183391571045,0.5576421678740526,0.8141286373138428,0.5240932575685948,0.8146262168884277,0.4197946290301909,1.372750997543335,0.3400294331033726,0.8722705841064453,0.1913041635435848,1.219099760055542,0.4589983291874837,0.3076891899108886,0.4152144315165404,0.8243913650512695,0.8807947019867549,0.6570782661437988,435,0.6714003086090088,0.0,0.1116406917572021,0.0268582704296082,0.0335516929626464,10.990147084800006,0.0022497177124023,0.06900782535883493,1.6965909004211426,0.5894039735099338,0.0007603168487548,0,0,0,['three_order'],['intersecting']
figure_ascending_markersize60_world_9d_pca.png,world_9d_pca,151,5,60,0.5389631354905631,1.3924710750579834,0.4050410668807378,0.870358943939209,0.1489565461463468,1.2704637050628662,0.5640592906329812,0.8740940093994141,0.5249830541712929,0.8643772602081299,0.362583319492702,0.863771915435791,0.2813766104044295,0.3168962001800537,0.1005453122123775,1.8264949321746824,0.4180195842020846,0.868267297744751,0.365546312187977,0.8540456295013428,0.2731823139429169,0.8736543655395508,0.2155624963965615,0.8787548542022705,0.07588311745852,1.29591965675354,0.3320492369523944,0.8795716762542725,0.2803916843021101,0.8683032989501953,0.6026490066225165,0.6829371452331543,2832,0.6950557231903076,0.0,0.6893770694732666,0.0268582704296082,0.0325331687927246,10.990147084800006,0.0021183490753173,0.11727477383425607,1.3618826866149902,0.5894039735099338,0.0007827281951904,3,0,0,['three_order'],['intersecting']
figure_ascending_markersize110_world_9d_pca.png,world_9d_pca,151,5,110,0.5160969935476799,1.4417572021484375,0.3841713351918439,0.8920269012451172,0.1058963750630465,0.7196369171142578,0.5366241232280479,1.44504714012146,0.493691310887417,0.9100279808044434,0.3508713011487715,0.885899543762207,0.2627803331988657,0.8930554389953613,0.0714577823779996,1.298533916473389,0.3984493575872848,0.3261620998382568,0.345089824180452,1.492164134979248,0.2657824660475775,0.928757905960083,0.1996839242996474,0.3270630836486816,0.0539218431820729,1.8858041763305664,0.3168611280977147,0.9133920669555664,0.2652495066294446,0.9357097148895264,0.4900662251655629,0.1138737201690673,4657,0.7192113399505615,0.0,0.7203121185302734,0.0268582704296082,0.0334808826446533,10.990147084800006,0.0021145343780517,0.14304432559135372,2.14881443977356,0.5894039735099338,0.0008354187011718,4,0,0,['three_order'],['intersecting']
figure_ascending_markersize160_world_9d_pca.png,world_9d_pca,151,5,160,0.5106989384820713,0.9187829494476318,0.3820403543355017,0.9123814105987548,0.0852581188823572,1.3204755783081057,0.5319458607243485,1.517364501953125,0.4889663463897399,0.353316068649292,0.352804132028562,1.5367002487182615,0.2604329614607148,0.3342413902282715,0.0576194994826179,1.9274756908416748,0.3963597517731365,0.3258280754089355,0.3412513313076354,0.9145374298095704,0.2694860624764548,1.5313045978546145,0.1975505726536154,0.9457111358642578,0.0435134815370475,0.7313187122344971,0.3158529312325281,0.9233391284942628,0.2620783750986347,1.5575509071350098,0.4370860927152318,0.1122894287109375,6096,0.7349426746368408,0.0,0.7465214729309082,0.0268582704296082,0.0315554141998291,10.990147084800006,0.0020701885223388,0.15992268805342136,2.3811793327331543,0.5894039735099338,0.0007843971252441,5,0,0,['three_order'],['intersecting']
figure_descending_markersize10_world_9d_pca.png,world_9d_pca,151,5,10,0.5371404071182331,0.9358465671539308,0.56323762302964,0.914440393447876,0.5546262557816504,1.323237419128418,0.5138455246325617,0.93143630027771,0.4936293978526167,0.9302163124084472,0.4103910855990483,0.9139270782470704,0.4082422818772748,0.914304494857788,0.3259427570724855,1.3521225452423096,0.4240555539279802,0.9299345016479492,0.3985220466780377,1.5805580615997314,0.3320395319999867,0.3101723194122314,0.3201432180526943,0.9249513149261476,0.2307853437517484,1.346189260482788,0.3609778587652024,1.5756256580352783,0.3341428885791958,0.3195905685424804,0.8807947019867549,0.762854814529419,435,0.793914794921875,0.0,0.776526689529419,0.0268582704296082,0.0347292423248291,10.99014708480001,0.0020947456359863,0.06900782535883489,1.890141725540161,0.5894039735099338,0.0007762908935546,0,0,209,['three_order'],['intersecting']
figure_descending_markersize60_world_9d_pca.png,world_9d_pca,151,5,60,0.3452129070020662,0.3138251304626465,0.3503357441682553,0.9940273761749268,0.2852190300374913,1.4376153945922852,0.3113276312846362,0.9733436107635498,0.276107410220663,0.9771852493286132,0.2598593133022417,0.9931554794311525,0.2431942602709575,0.9804525375366212,0.1644769958862676,1.38151216506958,0.2558032310485248,0.3255791664123535,0.2230874210585637,1.0508873462677002,0.208345955410817,0.9941260814666748,0.1862379959539021,1.6953949928283691,0.1155578043522761,0.7607598304748535,0.2170864739856021,1.0106141567230225,0.1871496879226787,1.0219411849975586,0.6026490066225165,0.8262856006622314,2832,0.810553789138794,0.0,0.802727460861206,0.0268582704296082,0.0310182571411132,10.99014708480001,0.002298355102539,0.11727477383425594,1.334437370300293,0.5894039735099338,0.0008068084716796,1,0,3473,['three_order'],['intersecting']
figure_descending_markersize110_world_9d_pca.png,world_9d_pca,151,5,110,0.3109818105379029,1.01572585105896,0.3155984887514664,0.9973146915435792,0.2449289861530149,1.423464059829712,0.2915247922818375,1.0031940937042236,0.2520018331899405,1.0037953853607178,0.2370940642259702,1.0147836208343506,0.2216030220154323,1.0114197731018066,0.1382628246762137,1.461883544921875,0.241140270352121,0.3109345436096191,0.2045118043436959,1.020256280899048,0.1915764446642091,1.0212440490722656,0.1707485618716913,1.0251545906066897,0.0963169534587885,1.4335730075836182,0.2056053003039587,1.0376908779144287,0.1720826377491585,1.0344445705413818,0.4900662251655629,0.1100351810455322,4657,0.8390262126922607,0.0,0.8285844326019287,0.0268582704296082,0.0323522090911865,10.99014708480001,0.0021975040435791,0.14304432559135372,2.214775562286377,0.5894039735099338,0.0006732940673828,2,0,8070,['three_order'],['intersecting']
figure_descending_markersize160_world_9d_pca.png,world_9d_pca,151,5,160,0.3007212336003568,1.0344698429107666,0.3051287813302415,1.0440709590911863,0.2307817176672149,0.7575838565826416,0.2933325759692786,1.0340118408203125,0.2510875099401453,1.0372428894042969,0.2296535560477423,1.042879581451416,0.2148184295750639,1.0680570602416992,0.127976523012346,1.4589169025421145,0.2419538399410443,0.332627534866333,0.2038744978621166,1.0575861930847168,0.1857551384768713,1.094606637954712,0.1657582169778757,1.0895750522613523,0.0885365723621399,1.4603333473205566,0.2058909605382423,1.0637896060943604,0.1716066055203793,1.0770442485809326,0.4370860927152318,0.1152160167694091,6096,0.8719463348388672,0.0,0.8588883876800537,0.0268582704296082,0.0322718620300293,10.99014708480001,0.0024130344390869,0.1599226880534213,2.472175359725952,0.5894039735099338,0.0007097721099853,3,0,12858,['three_order'],['intersecting']
figure_category_based_markersize10_italianwines_tsne.png,italianwines_tsne,102,13,10,0.810909085300495,0.3458435535430908,0.8311087376297547,1.1228251457214355,0.898584945547867,2.0850753784179688,0.7798528339793421,1.0540952682495115,0.8023059329403545,1.0867252349853516,0.7968069835102493,1.0739328861236572,0.8124738293324252,0.3322441577911377,0.8733908426618562,2.0895562171936035,0.7604921211248024,1.060478448867798,0.7860878022739917,1.0722882747650146,0.7831869825157609,1.0883293151855469,0.7946562494350535,1.1060130596160889,0.8495709705971808,2.1458816528320312,0.7420694234070704,0.3272867202758789,0.7705123595236133,1.1120686531066897,0.9803921568627452,0.882408857345581,42,0.914121389389038,0.0,0.1178281307220459,0.0297637439596793,0.0192205905914306,13.157491507222348,0.0018951892852783,0.022454778742519468,1.542173147201538,0.8529411764705882,0.000894546508789,0,0,23,['cluster'],['intersecting']
figure_category_based_markersize60_italianwines_tsne.png,italianwines_tsne,102,13,60,0.5715869542663774,0.3419489860534668,0.5754928765677922,1.12115216255188,0.6734485259361952,2.154742956161499,0.5436456495433026,1.1415143013000488,0.5465962361917168,1.098823308944702,0.5520097149088403,0.3304002285003662,0.54832957310433,1.12786602973938,0.6066943649042374,2.141723155975342,0.5222405832354347,1.1261584758758545,0.526291756632902,1.163376808166504,0.5337291315565099,1.164708137512207,0.5236149130946186,0.3486061096191406,0.5519804682310396,2.18904709815979,0.5024572363619133,1.1112384796142578,0.507441753594225,1.1525187492370603,0.9803921568627452,0.1230614185333252,823,0.9576079845428468,0.0,0.9496705532073976,0.0297637439596793,0.0207142829895019,13.157491507222348,0.0018291473388671,0.03803407337513461,0.8161826133728027,0.8529411764705882,0.0008928775787353,0,0,556,['cluster'],['intersecting']
figure_category_based_markersize110_italianwines_tsne.png,italianwines_tsne,102,13,110,0.449305624009891,1.1652779579162598,0.4354752818981587,1.1779704093933103,0.511704196318253,2.1991958618164062,0.4049341270885406,0.3328931331634521,0.4048505522198391,1.1863343715667725,0.4311987916774935,1.2039384841918943,0.4112389868184559,1.2138075828552246,0.4468390969202355,1.3700735569000244,0.388027265821949,1.173872709274292,0.3879550877895591,1.1734466552734375,0.4144948204484531,1.247278928756714,0.389558198402529,0.3451213836669922,0.3965688819573615,2.2122697830200195,0.3724756164279815,1.1953752040863037,0.3724133135284561,0.3367154598236084,0.9803921568627452,0.9657831192016602,2556,0.9998672008514404,0.0,0.1166367530822753,0.0297637439596793,0.0210068225860595,13.157491507222348,0.0017170906066894,0.04753018383167481,1.7436823844909668,0.8529411764705882,0.0009522438049316,0,0,1774,['cluster'],['intersecting']
figure_category_based_markersize160_italianwines_tsne.png,italianwines_tsne,102,13,160,0.3764601306440913,1.174815654754639,0.3532691318529443,1.2054340839385986,0.418018681828586,1.4842956066131592,0.3291146743960718,1.2083001136779783,0.3260361857499853,1.1862914562225342,0.3596787463171816,0.3430373668670654,0.3323755445545904,1.2056386470794678,0.3620547229597438,2.250532865524292,0.3145267176438038,1.2273831367492676,0.3115508120495693,0.3480427265167236,0.3443296363011335,1.2178473472595217,0.3138153911760272,1.211970329284668,0.3193062889787522,2.228280544281006,0.3011770899755688,0.342379093170166,0.2982978187692336,1.209599494934082,0.9803921568627452,1.0191302299499512,4921,0.1321792602539062,0.0,0.9880759716033936,0.0297637439596793,0.0175166130065917,13.157491507222348,0.0017876625061035,0.05474508641462829,1.890945672988892,0.8529411764705882,0.0009574890136718,0,0,3406,['cluster'],['intersecting']
figure_ascending_markersize10_italianwines_tsne.png,italianwines_tsne,102,13,10,0.8234768784017625,0.3265409469604492,0.8320855290506983,1.211992263793945,0.8519831601914436,2.2455973625183105,0.8054602998309185,0.3295381069183349,0.8287092904980323,1.194546461105347,0.809077476917012,1.2113087177276611,0.813409812133341,0.3243608474731445,0.8268219920369577,2.2321763038635254,0.7850469071874975,1.2288358211517334,0.8115724891150563,0.3251123428344726,0.7951729999649078,1.2097513675689695,0.7955540253762494,1.263749122619629,0.8031043363408882,2.265994071960449,0.765642643671234,0.3291256427764892,0.7951300692855529,1.2502944469451904,0.9803921568627452,0.1179211139678955,42,1.0722358226776123,0.0,1.0468707084655762,0.0297637439596793,0.0163226127624511,13.157491507222348,0.0013685226440429,0.022454778742519468,0.6265718936920166,0.8529411764705882,0.0008759498596191,0,0,0,['cluster'],['intersecting']
figure_ascending_markersize60_italianwines_tsne.png,italianwines_tsne,102,13,60,0.6187478055028075,1.254342794418335,0.5779812397589756,1.2853550910949707,0.532099025580416,1.3497076034545898,0.58996847020786,1.296135425567627,0.5965453791189161,0.3446907997131347,0.6005449440859703,1.26446270942688,0.5538287483284143,1.2930974960327148,0.4896598623717131,2.3156075477600098,0.5695363128425643,0.3414609432220459,0.5761347519778297,1.2903401851654053,0.5833824902892815,0.3394997119903564,0.5316138425605944,1.276439905166626,0.4534903696879608,2.340176820755005,0.5504720212222957,0.3329453468322754,0.5570746058955716,0.3212103843688965,0.9803921568627452,1.0974748134613037,823,0.1197955608367919,0.0,1.0761845111846924,0.0297637439596793,0.0186851024627685,13.157491507222348,0.0014495849609375,0.038034073375134606,1.6762287616729736,0.8529411764705882,0.0008776187896728,0,0,0,['cluster'],['intersecting']
figure_ascending_markersize110_italianwines_tsne.png,italianwines_tsne,102,13,110,0.4993945565888613,0.3267598152160644,0.4384036987384149,1.3260235786437988,0.3670001648002371,1.3619568347930908,0.4601890297917491,1.3129093647003174,0.4609134196180168,1.2982642650604248,0.4841967023739524,0.3291335105895996,0.4179900687513489,1.2922887802124023,0.3330340592868456,2.386924743652344,0.4455477045320586,0.3375625610351562,0.4446491434712786,1.316185712814331,0.4698965480391354,0.3328142166137695,0.3993929189325695,1.3279306888580322,0.3048225341916307,2.3468024730682373,0.4318093055620648,0.33528733253479,0.4294935808328426,1.3148298263549805,0.9803921568627452,1.1308627128601074,2556,0.1213722229003906,0.0,1.136786937713623,0.0297637439596793,0.0201771259307861,13.157491507222348,0.0017714500427246,0.04753018383167481,0.7649178504943848,0.8529411764705882,0.0009248256683349,0,0,0,['cluster'],['intersecting']
figure_ascending_markersize160_italianwines_tsne.png,italianwines_tsne,102,13,160,0.4245707250772517,0.7095551490783691,0.3561747963440481,0.6421492099761963,0.2813822926001894,1.7666690349578855,0.3817399506195222,0.6210412979125977,0.3791307307973586,0.586663007736206,0.4110064733114623,0.6557703018188477,0.3377602317257849,0.6264820098876953,0.2548372248583139,1.6292731761932373,0.369368187696295,0.6691200733184814,0.364600577324726,0.6192173957824707,0.3982820948070752,0.6948132514953613,0.321156162681711,0.7415928840637207,0.2328688249424966,1.7293493747711182,0.3577731614828328,0.6984846591949463,0.3511430493954087,0.6619231700897217,0.9803921568627452,0.346017837524414,4921,0.3920869827270508,0.0,0.3787548542022705,0.0297637439596793,0.0213737487792968,13.157491507222348,0.0016925334930419,0.05474508641462828,1.008352279663086,0.8529411764705882,0.0009961128234863,0,0,0,['cluster'],['intersecting']
figure_descending_markersize10_italianwines_tsne.png,italianwines_tsne,102,13,10,0.8032187554791864,0.7338650226593018,0.8307058668919565,0.6248245239257812,1.0925012281155642,1.6730685234069824,0.7764366394849453,0.6624929904937744,0.7995969997918573,0.5856854915618896,0.7893648892255126,0.8603966236114502,0.8120790999025024,0.5374844074249268,1.0561829388368704,1.8529739379882808,0.7572328184156832,0.5822954177856445,0.7834805983219479,0.7509663105010986,0.7759808211392711,0.8411300182342529,0.7942693424912481,0.6292135715484619,1.02220163632321,1.819549798965454,0.738956015923137,0.7252984046936035,0.768001034241096,0.6959741115570068,0.9803921568627452,0.4246439933776855,42,0.4254844188690185,0.0,0.3035366535186767,0.0297637439596793,0.0187952518463134,13.157491507222344,0.0016047954559326,0.022454778742519468,0.9589474201202391,0.8529411764705882,0.000889778137207,0,0,33,['cluster'],['intersecting']
figure_descending_markersize60_italianwines_tsne.png,italianwines_tsne,102,13,60,0.530715837922276,0.7905478477478027,0.5749757618933296,0.8031065464019775,0.8701757239024095,1.7195682525634766,0.5107273690467323,0.8029494285583496,0.5217319994510179,0.8471055030822754,0.5130141969488591,0.6698853969573975,0.5478335051590006,0.8561346530914307,0.7677426669436008,1.7247533798217771,0.4915282391763925,0.8181972503662109,0.5030257666357335,0.658010721206665,0.4964552915927809,0.8783876895904541,0.5231382839819584,0.9075517654418944,0.6868856668010515,1.6945643424987793,0.4737202704898441,0.8500664234161377,0.4856144945587831,0.8494608402252197,0.9803921568627452,0.5419824123382568,823,0.3267025947570801,0.0,0.3367962837219238,0.0297637439596793,0.0201244354248046,13.157491507222344,0.0018024444580078,0.03803407337513461,1.1255881786346436,0.8529411764705882,0.0008676052093505,0,0,813,['cluster'],['intersecting']
figure_descending_markersize110_italianwines_tsne.png,italianwines_tsne,102,13,110,0.3923866983511691,0.7266364097595215,0.4349428769514485,0.7442052364349365,0.7800428422986041,2.007933616638184,0.3645909033488379,0.5640487670898438,0.3778185981064542,0.7566368579864502,0.3772900639574943,0.7653565406799316,0.4107344202464354,0.9898312091827391,0.6474400223469348,1.834850788116455,0.3503841768231518,0.7786633968353271,0.3625165483986386,0.7766897678375244,0.3633120440037312,1.0488348007202148,0.3890787139445292,0.805051326751709,0.5533702466783632,1.8632545471191408,0.3372430909597007,0.5660429000854492,0.3484057499087991,1.0389354228973389,0.9803921568627452,0.3707044124603271,2556,0.6261272430419922,0.0,0.3666970729827881,0.0297637439596793,0.0210354328155517,13.157491507222344,0.0021209716796875,0.04753018383167481,1.270524263381958,0.8529411764705882,0.0008668899536132,0,0,2624,['cluster'],['intersecting']
figure_descending_markersize160_italianwines_tsne.png,italianwines_tsne,102,13,160,0.3146174340086901,0.5974972248077393,0.3526402336176986,0.8170936107635498,0.7048525929015894,1.861734628677368,0.2873542440446941,0.8410413265228271,0.2997896479407307,0.9000742435455322,0.3009150917232425,0.6195087432861328,0.3317871862623488,1.1588480472564695,0.5654978685102802,1.6721186637878418,0.2755541572925143,0.868880033493042,0.2866581860659022,0.8714790344238281,0.2883564769721363,0.8845841884613037,0.313262692624867,0.8903303146362305,0.472150182466976,1.92075777053833,0.2646849749801104,1.156447172164917,0.2746288249158967,0.6412484645843506,0.9803921568627452,0.7275803089141846,4921,0.434736967086792,0.0,0.396554946899414,0.0297637439596793,0.0167231559753417,13.157491507222344,0.0014615058898925,0.05474508641462829,1.1871328353881836,0.8529411764705882,0.0008070468902587,0,0,5221,['cluster'],['intersecting']
figure_category_based_markersize10_fisheries_clusteredByHarvestRule_tsne.png,fisheries_clusteredByHarvestRule_tsne,121,11,10,0.8648233462092045,1.199716329574585,0.8749071545325098,0.6242668628692627,0.9390938426984832,1.7425596714019775,0.8516542671638283,0.9157774448394777,0.8474605202910865,0.6193914413452148,0.8319555889817062,0.90401029586792,0.8386010222302758,0.919926643371582,0.8701078932754625,1.8234426975250244,0.8404779664602644,0.6802051067352295,0.8384265178047929,0.9033374786376952,0.8014946495583055,0.9191205501556396,0.8051880330851748,0.9150714874267578,0.8105637782290243,1.4857428073883057,0.8295912004627443,0.9365224838256836,0.8295830902696564,0.940859317779541,1.0,0.442596435546875,46,0.448915958404541,0.0,0.7538313865661621,0.02958543903778,0.0176789760589599,13.520196794686797,0.0021016597747802,0.018086873312595942,1.3206522464752195,0.7024793388429752,0.0013322830200195,0,0,27,['three_order'],['intersecting']
figure_category_based_markersize60_fisheries_clusteredByHarvestRule_tsne.png,fisheries_clusteredByHarvestRule_tsne,121,11,60,0.7242022615312745,0.6661677360534668,0.753911212919746,0.978912353515625,0.95625230656836,1.8614890575408936,0.6700659621109135,0.6584823131561279,0.6909990240799111,0.97977876663208,0.6396299418052219,0.6554722785949707,0.6650006156895891,0.9771544933319092,0.830040713497195,1.8893966674804688,0.6529323439148514,1.0281693935394287,0.6752494518845427,0.6795079708099365,0.5727448180657877,1.0381393432617188,0.5948486557054647,0.6798083782196045,0.733260801668917,1.9039924144744875,0.6366530943211526,0.6719532012939453,0.6602018238476588,1.0246782302856443,1.0,0.4858126640319824,773,0.4849376678466797,0.0,0.4856035709381103,0.02958543903778,0.0162713527679443,13.520196794686797,0.0018537044525146,0.0298658489204921,1.8171401023864744,0.7024793388429752,0.0012550354003906,0,0,378,['three_order'],['intersecting']
figure_category_based_markersize110_fisheries_clusteredByHarvestRule_tsne.png,fisheries_clusteredByHarvestRule_tsne,121,11,110,0.5825715568901577,0.7069365978240967,0.614156028675322,0.7054345607757568,0.8291353415485517,1.5653352737426758,0.5122806095488743,1.068817138671875,0.5399450677059601,0.8035967350006104,0.5050103818078747,1.0537292957305908,0.5321027463520384,1.0571277141571045,0.7149671236321367,1.6640498638153076,0.498084070893198,0.7259154319763184,0.5260006089297203,1.0972697734832764,0.4456750440118886,0.7187855243682861,0.4693906047853138,1.099719762802124,0.6284345100796096,1.587052583694458,0.4846531560086218,1.082096815109253,0.5127582682519856,0.7172718048095703,1.0,0.5107729434967041,2378,0.9458143711090088,0.0,0.5293352603912354,0.02958543903778,0.0171935558319091,13.520196794686797,0.0018908977508544,0.039330605411543915,1.591538906097412,0.7024793388429752,0.0012993812561035,0,0,1217,['three_order'],['intersecting']
figure_category_based_markersize160_fisheries_clusteredByHarvestRule_tsne.png,fisheries_clusteredByHarvestRule_tsne,121,11,160,0.462514675305583,0.7537732124328613,0.4834064402393118,0.7805836200714111,0.6273038499373096,1.6295971870422363,0.3970158227910624,1.1409873962402344,0.4199219661530114,0.7455432415008545,0.4054311570647454,0.8003041744232178,0.4236771290455694,1.152544021606445,0.5485837435278149,1.6382367610931396,0.386141609629208,1.14448881149292,0.4089345278192954,0.754969596862793,0.3608901306771269,1.1879215240478516,0.3770848304910026,0.7875509262084961,0.4874178719213181,1.6515543460845947,0.3758472023045399,0.769486665725708,0.3985074105177124,1.1749908924102783,1.0,0.5692300796508789,4816,0.551008939743042,0.0,0.5675225257873535,0.02958543903778,0.0179324150085449,13.520196794686797,0.0020020008087158,0.04772912141215422,1.767568826675415,0.7024793388429752,0.001232624053955,0,0,2643,['three_order'],['intersecting']
figure_ascending_markersize10_fisheries_clusteredByHarvestRule_tsne.png,fisheries_clusteredByHarvestRule_tsne,121,11,10,0.8768541021697214,1.1988699436187744,0.8755496019061347,0.7684144973754883,0.8425621866890394,1.6498661041259766,0.8777068701792436,1.1962573528289795,0.8658684258581952,0.7758569717407227,0.84357861462756,0.7751884460449219,0.8392214007360757,1.2141199111938477,0.7848207761737171,1.6433799266815186,0.8660233096385956,0.7558913230895996,0.8565184529525358,0.7675015926361084,0.8127363148065428,1.203233003616333,0.8057877501204882,0.7743146419525146,0.7344859127357408,1.6563844680786133,0.8546467134685818,1.2116022109985352,0.8473682518831631,0.7739279270172119,1.0,0.5783734321594238,46,0.5859172344207764,0.0,0.601142406463623,0.02958543903778,0.0164098739624023,13.520196794686797,0.001908540725708,0.018086873312595942,0.8088181018829346,0.7024793388429752,0.0011723041534423,0,0,0,['three_order'],['intersecting']
figure_ascending_markersize60_fisheries_clusteredByHarvestRule_tsne.png,fisheries_clusteredByHarvestRule_tsne,121,11,60,0.7503366175364636,1.294722557067871,0.7545999371713693,0.8032877445220947,0.7592058928852774,1.6746037006378174,0.7197838410728779,0.797696590423584,0.7268167866490227,1.297435283660889,0.6648500774319153,0.8312406539916992,0.665768210532069,0.8191969394683838,0.6640943949600371,1.6847243309020996,0.7011426319566842,1.277251958847046,0.7098372801024251,0.7935326099395752,0.5968503668611932,0.8058695793151855,0.5956483155592913,0.8241558074951172,0.5901604994923578,2.201291799545288,0.6834426007629508,0.8187646865844727,0.6936329956030547,0.837639570236206,1.0,0.6739873886108398,773,0.636728048324585,0.0,0.6640634536743164,0.02958543903778,0.0163922309875488,13.520196794686797,0.0020210742950439,0.0298658489204921,0.9157772064208984,0.7024793388429752,0.0011634826660156,0,0,0,['three_order'],['intersecting']
figure_ascending_markersize110_fisheries_clusteredByHarvestRule_tsne.png,fisheries_clusteredByHarvestRule_tsne,121,11,110,0.6209534377888535,1.307484149932861,0.6151319330070317,0.8385663032531738,0.5944096586761016,1.7360923290252686,0.5701036183987773,0.8461439609527588,0.5791298299413026,0.8401200771331787,0.5391047565216065,0.8426868915557861,0.5331178465766692,1.351461410522461,0.5230409736596018,1.7368881702423096,0.5540094049659544,0.8759963512420654,0.5636181767074058,0.8757140636444092,0.4763203507980503,0.8854131698608398,0.4704004646686506,0.876835823059082,0.4669731443985929,1.7690889835357666,0.5387989331369278,0.3406260013580322,0.5489157888640004,0.871492862701416,1.0,0.6528632640838623,2378,0.6780421733856201,0.0,0.1198165416717529,0.02958543903778,0.0165135860443115,13.520196794686797,0.0018980503082275,0.039330605411543915,1.566685438156128,0.7024793388429752,0.0011074542999267,0,0,0,['three_order'],['intersecting']
figure_ascending_markersize160_fisheries_clusteredByHarvestRule_tsne.png,fisheries_clusteredByHarvestRule_tsne,121,11,160,0.5066849237773781,1.4245073795318604,0.4845957475711164,0.9120581150054932,0.4236284996553708,1.210188865661621,0.4558557581915352,1.4461679458618164,0.4562858120508618,0.8975567817687988,0.4438209888112304,0.9060423374176024,0.4248109315133389,0.9319775104522704,0.3792721660648498,1.7610361576080322,0.4428577095354011,0.893580436706543,0.4437947121882006,0.9141099452972412,0.3948342630037383,0.9103024005889891,0.3781574594816612,0.942729949951172,0.3433241576584779,1.7955358028411863,0.430580351492848,0.9066474437713624,0.4319692917641523,0.8992855548858643,1.0,0.7087244987487793,4816,0.7249455451965332,0.0,0.1167294979095459,0.02958543903778,0.0168251991271972,13.520196794686797,0.0018699169158935,0.04772912141215423,1.7492971420288086,0.7024793388429752,0.0012524127960205,0,0,0,['three_order'],['intersecting']
figure_descending_markersize10_fisheries_clusteredByHarvestRule_tsne.png,fisheries_clusteredByHarvestRule_tsne,121,11,10,0.8630593430679584,0.9120078086853028,0.8746019608181552,1.4837381839752195,0.943677904084061,1.205615758895874,0.8368066206036306,1.4854683876037598,0.8474539905312273,0.9134910106658936,0.8275696720533701,0.3237133026123047,0.8382926517825339,1.5098423957824707,0.8904621635527582,1.7987966537475586,0.8257176486112517,0.3189210891723633,0.8382421744727528,1.5416147708892822,0.7948834468808754,0.3310794830322265,0.8048779516210697,0.8980739116668701,0.8429279017942238,2.4068193435668945,0.8149187248298118,0.9194633960723876,0.8292284696367469,0.3294923305511474,1.0,0.7273778915405273,46,0.722564697265625,0.0,0.7270755767822266,0.02958543903778,0.0142228603363037,13.520196794686791,0.0016210079193115,0.018086873312595942,1.4175043106079102,0.7024793388429752,0.0011844635009765,0,0,27,['three_order'],['intersecting']
figure_descending_markersize60_fisheries_clusteredByHarvestRule_tsne.png,fisheries_clusteredByHarvestRule_tsne,121,11,60,0.7194375557389325,0.929612159729004,0.7531658874878088,0.3355834484100342,0.973518348864368,2.475064992904663,0.6564674040466423,0.318861722946167,0.6897176493108468,0.9266865253448486,0.6310608750845045,1.564866065979004,0.6641498527438883,0.3309545516967773,0.8806570359984923,2.42759370803833,0.6394009635944997,0.3249478340148926,0.6737514028027796,0.9500734806060792,0.5620214067039435,1.5641863346099854,0.5939512592970512,0.3329212665557861,0.8039686186531139,1.8227970600128172,0.6231994043716603,1.001779317855835,0.658507635662788,1.032557249069214,1.0,0.7807676792144775,773,0.7697012424468994,0.0,0.7620849609375,0.02958543903778,0.0178830623626709,13.520196794686791,0.0019850730895996,0.029865848920492096,1.5812904834747314,0.7024793388429752,0.0011346340179443,0,0,388,['three_order'],['intersecting']
figure_descending_markersize110_fisheries_clusteredByHarvestRule_tsne.png,fisheries_clusteredByHarvestRule_tsne,121,11,110,0.5653929610707159,0.987560510635376,0.6129129247763117,0.3363785743713379,0.8989088160793437,1.8944659233093264,0.4911971522482882,0.9769418239593506,0.5317331025434469,0.9674205780029296,0.4879438064728632,0.9522569179534912,0.5307333850363614,0.9691383838653564,0.8076818004371831,1.8841476440429688,0.477285549784892,1.010162353515625,0.5177939328809977,0.9911870956420898,0.4291566884831277,0.9757204055786132,0.4679857255040964,0.9769024848937988,0.7332653437432939,1.879932165145874,0.4641402483657407,0.9813272953033448,0.5045669139389312,0.9970450401306152,1.0,0.8365585803985596,2378,0.8649418354034424,0.0,0.8171892166137695,0.02958543903778,0.0167231559753417,13.520196794686791,0.0018198490142822,0.039330605411543915,1.0199971199035645,0.7024793388429752,0.0011904239654541,0,0,1419,['three_order'],['intersecting']
figure_descending_markersize160_fisheries_clusteredByHarvestRule_tsne.png,fisheries_clusteredByHarvestRule_tsne,121,11,160,0.4355233698766729,1.002064228057861,0.4818800018271614,1.0061724185943604,0.7369398015730181,1.8879179954528809,0.3701395361280565,1.0380563735961914,0.4066333990833879,1.0283856391906738,0.3808964871075186,1.0400385856628418,0.4221451257391952,1.032954216003418,0.6638558524218512,1.9284985065460205,0.3596697186954763,1.0492310523986816,0.3958472574045864,1.0316119194030762,0.3384458556203606,1.051059007644653,0.3755866063827123,1.0594773292541504,0.6039598218193803,1.950655221939087,0.3497759095824225,1.0586037635803225,0.3856185445998895,0.3378372192382812,1.0,0.825916051864624,4816,0.8663516044616699,0.0,0.8400239944458008,0.02958543903778,0.0181918144226074,13.520196794686791,0.0020792484283447,0.04772912141215421,1.168464422225952,0.7024793388429752,0.001143455505371,0,0,3404,['three_order'],['intersecting']
figure_category_based_markersize10_n100-d10-c5-spr0.1-out0_tsne.png,n100-d10-c5-spr0.1-out0_tsne,100,5,10,1.0,0.3069014549255371,1.0,1.023695945739746,1.0,1.4672396183013916,1.0,0.3108341693878174,1.0,1.0795671939849854,1.0,1.0051424503326416,1.0,1.0190627574920654,1.0,1.4194295406341553,1.0,1.0136542320251465,1.0,1.0169904232025146,1.0,1.0417802333831787,1.0,0.3042550086975097,1.0,1.4350848197937012,1.0,1.041311502456665,1.0,1.027970314025879,1.0,0.8831441402435303,0,0.1068193912506103,0.0,0.8589284420013428,0.0299683983529212,0.0107197761535644,21.115711858053004,0.001878023147583,0.008541179053175639,1.4532999992370603,0.01,0.0008096694946289,0,0,0,['cluster'],['separated']
figure_category_based_markersize60_n100-d10-c5-spr0.1-out0_tsne.png,n100-d10-c5-spr0.1-out0_tsne,100,5,60,1.0,0.2997989654541015,1.0,1.0598609447479248,1.0,1.459704875946045,1.0,1.0167460441589355,1.0,1.0306503772735596,0.9097300913206776,1.0463624000549316,0.9033788255761456,1.053640604019165,0.8799359034413246,0.718987226486206,0.9057344646202732,1.056163311004639,0.9064044361079222,1.0829339027404783,0.8344081443306656,1.066495656967163,0.8237838614148274,0.3113455772399902,0.7856120967941662,0.7242593765258789,0.8277099436435869,1.0558109283447266,0.8288296569913403,1.0728323459625244,1.0,0.8701615333557129,212,0.9132671356201172,0.0,0.1082115173339843,0.0299683983529212,0.0113189220428466,21.115711858053004,0.0019237995147705,0.0178455148929846,1.5536746978759766,0.01,0.0008096694946289,0,0,0,['cluster'],['separated']
figure_category_based_markersize110_n100-d10-c5-spr0.1-out0_tsne.png,n100-d10-c5-spr0.1-out0_tsne,100,5,110,1.0,0.3121356964111328,1.0,1.0830626487731934,1.0,1.4842190742492676,1.0,1.0831992626190186,1.0,1.0743882656097412,0.833690886972376,1.126725673675537,0.817484781194823,0.3231031894683838,0.7709950927142262,1.4950945377349854,0.8306030934775195,1.1033997535705566,0.8258282152001928,1.1225862503051758,0.71481126029119,1.097322940826416,0.6913101566851853,0.3172402381896972,0.6273328024514966,1.5154249668121338,0.710283299745972,1.1188812255859375,0.7033282743555229,1.1121468544006348,1.0,0.116161823272705,847,0.9490163326263428,0.0,0.9288794994354248,0.0299683983529212,0.0108144283294677,21.115711858053004,0.0015454292297363,0.024091772664148442,0.8263580799102783,0.01,0.0007638931274414,0,0,0,['cluster'],['separated']
figure_category_based_markersize160_n100-d10-c5-spr0.1-out0_tsne.png,n100-d10-c5-spr0.1-out0_tsne,100,5,160,1.0,1.1096723079681396,1.0,1.1274867057800293,1.0,1.5140342712402344,1.0,0.3166770935058594,1.0,1.1145522594451904,0.7666418127789418,1.128673791885376,0.7483423077239236,0.3248002529144287,0.6929493425484083,1.5534019470214844,0.7657334421239499,1.1375956535339355,0.7593788620689856,1.12734055519104,0.6215889436841551,1.1460485458374023,0.5978809640542382,0.3261377811431885,0.5301625752589261,1.5727519989013672,0.6203955192966086,1.1583750247955322,0.6120956985590322,1.1685762405395508,1.0,0.1158971786499023,1836,0.9691970348358154,0.0,0.950038194656372,0.0299683983529212,0.0112130641937255,21.115711858053004,0.0018243789672851,0.029427890299791665,0.945683479309082,0.01,0.0007526874542236,0,0,0,['cluster'],['separated']
figure_ascending_markersize10_n100-d10-c5-spr0.1-out0_tsne.png,n100-d10-c5-spr0.1-out0_tsne,100,5,10,1.0,1.1372315883636477,1.0,1.1363482475280762,1.0,0.7839810848236084,1.0,1.1152760982513428,1.0,1.1190199851989746,1.0,1.1543090343475342,1.0,0.3104171752929687,1.0,1.5215950012207031,1.0,1.1309328079223633,1.0,1.1628003120422363,1.0,0.3021795749664306,1.0,1.144327163696289,1.0,1.572554588317871,1.0,0.3196902275085449,1.0,1.137840747833252,1.0,0.9687366485595704,0,0.1042006015777587,0.0,1.0164828300476074,0.0299683983529212,0.0114283561706542,21.115711858053,0.001849889755249,0.008541179053175639,1.4986732006072998,0.01,0.0006766319274902,0,0,0,['cluster'],['separated']
figure_ascending_markersize60_n100-d10-c5-spr0.1-out0_tsne.png,n100-d10-c5-spr0.1-out0_tsne,100,5,60,1.0,0.3161611557006836,1.0,1.1727302074432373,1.0,0.7181234359741211,1.0,1.2180330753326416,1.0,1.16717267036438,0.9116757957530812,1.1807332038879397,0.9035198717755248,0.3271522521972656,0.871229314472157,1.6063532829284668,0.9071819911290904,1.1851813793182373,0.9070900818238544,0.3019013404846191,0.8376876965480413,1.1708180904388428,0.8240184646470429,1.1847951412200928,0.7718390685037566,0.7095382213592529,0.8301308944079201,1.1886940002441406,0.8299769877993343,1.1829264163970947,1.0,1.0334601402282717,212,0.1081728935241699,0.0,1.0320615768432615,0.0299683983529212,0.0110058784484863,21.115711858053,0.0018937587738037,0.0178455148929846,0.6713624000549316,0.01,0.0007059574127197,0,0,0,['cluster'],['separated']
figure_ascending_markersize110_n100-d10-c5-spr0.1-out0_tsne.png,n100-d10-c5-spr0.1-out0_tsne,100,5,110,1.0,1.2363102436065674,1.0,1.2080633640289309,1.0,1.6346912384033203,1.0,0.3150882720947265,1.0,1.1893877983093262,0.8411895380227998,1.2123558521270752,0.8177048075426492,0.3179926872253418,0.7570263377305793,1.6079859733581543,0.8349393722929732,1.2085869312286377,0.8278013364156256,0.3720231056213379,0.7259077870142239,1.2358708381652832,0.6916249112398776,1.2747318744659424,0.6090445523587369,0.757089376449585,0.716648861386922,1.271021604537964,0.7061954275603393,1.213696002960205,1.0,0.1158521175384521,847,1.0437250137329102,0.0,1.0267274379730225,0.0299683983529212,0.0103392601013183,21.115711858053,0.0017898082733154,0.024091772664148442,0.7274258136749268,0.01,0.0007209777832031,0,0,0,['cluster'],['separated']
figure_ascending_markersize160_n100-d10-c5-spr0.1-out0_tsne.png,n100-d10-c5-spr0.1-out0_tsne,100,5,160,1.0,1.2427661418914795,1.0,0.3092358112335205,1.0,1.6279518604278564,1.0,1.2286343574523926,1.0,1.266509771347046,0.7816840436179247,0.319124698638916,0.7487145161750433,1.2448925971984863,0.6699264296954133,0.7461471557617188,0.7756072684138807,1.262552261352539,0.7637179176845302,1.2713005542755127,0.6416102814078067,1.261021852493286,0.5983562710935928,0.3282332420349121,0.5036762211145961,1.7399590015411377,0.6334628166316645,0.3327720165252685,0.6177537704454472,1.2662599086761477,1.0,1.0624313354492188,1836,0.1152460575103759,0.0,1.083702802658081,0.0299683983529212,0.0089383125305175,21.115711858053,0.0017204284667968,0.029427890299791665,1.818897247314453,0.01,0.0007905960083007,0,0,0,['cluster'],['separated']
figure_descending_markersize10_n100-d10-c5-spr0.1-out0_tsne.png,n100-d10-c5-spr0.1-out0_tsne,100,5,10,1.0,0.3059101104736328,1.0,1.263929843902588,1.0,0.7081971168518066,1.0,1.2835383415222168,1.0,1.2835168838500977,1.0,0.3246951103210449,1.0,1.251279354095459,1.0,0.7015068531036377,1.0,1.3048391342163086,1.0,1.2721307277679443,1.0,0.3116557598114013,1.0,1.2968130111694336,1.0,1.7929704189300537,1.0,0.3139336109161377,1.0,1.2993240356445312,1.0,1.103987455368042,0,0.1098229885101318,0.0,1.1335394382476809,0.0299683983529212,0.0103969573974609,21.115711858053,0.001673936843872,0.008541179053175639,0.5802462100982666,0.01,0.0008080005645751,0,0,0,['cluster'],['separated']
figure_descending_markersize60_n100-d10-c5-spr0.1-out0_tsne.png,n100-d10-c5-spr0.1-out0_tsne,100,5,60,1.0,1.3066513538360596,1.0,0.3094129562377929,1.0,1.6886920928955078,1.0,1.2615182399749756,1.0,0.30293869972229,0.9051371973230428,1.2862882614135742,0.9032746593520438,1.3189778327941897,0.8828768134026469,0.7151036262512207,0.9026025124868994,1.28000807762146,0.9055733717986196,1.3076810836791992,0.8267128950860032,0.3056192398071289,0.8236106396687981,1.2801153659820557,0.7903128535822468,0.722658634185791,0.822493693267294,1.3081095218658447,0.8274409160592805,1.3120651245117188,1.0,0.1092762947082519,212,1.1468384265899658,0.0,0.1067948341369628,0.0299683983529212,0.0105078220367431,21.115711858053,0.0017535686492919,0.0178455148929846,1.69226336479187,0.01,0.0007450580596923,0,0,0,['cluster'],['separated']
figure_descending_markersize110_n100-d10-c5-spr0.1-out0_tsne.png,n100-d10-c5-spr0.1-out0_tsne,100,5,110,1.0,0.3191151618957519,1.0,1.307117223739624,1.0,1.763354778289795,1.0,0.325481653213501,1.0,1.3560261726379397,0.8248784656774225,0.323329210281372,0.8171576385981784,1.3364155292510986,0.7778483125094495,1.7737584114074707,0.8229708667340704,0.3208496570587158,0.8233514208083093,1.3869068622589111,0.7019516208193227,0.3140726089477539,0.6908423854804631,1.3292052745819092,0.6364580767438197,1.7223775386810305,0.6991932854291842,0.3246424198150635,0.6997428419740395,1.3304903507232666,1.0,1.166661262512207,847,0.1116459369659423,0.0,1.1750109195709229,0.0299683983529212,0.0106346607208251,21.115711858053,0.0017364025115966,0.024091772664148442,0.7283792495727539,0.01,0.0007779598236083,0,0,0,['cluster'],['separated']
figure_descending_markersize160_n100-d10-c5-spr0.1-out0_tsne.png,n100-d10-c5-spr0.1-out0_tsne,100,5,160,1.0,1.360124111175537,1.0,0.325491189956665,1.0,1.772810697555542,1.0,1.3870701789855957,1.0,0.3118476867675781,0.755295602894989,1.3759307861328125,0.7478676987581834,0.3351998329162597,0.7024234009574277,1.745215654373169,0.755849816709719,1.3705496788024902,0.756077552506193,0.3246297836303711,0.6068072103317778,1.4007279872894287,0.5972753023114865,0.3177728652954101,0.5413348248386389,0.7140355110168457,0.6075229717933229,1.3477771282196045,0.6078172751279636,0.3259947299957275,1.0,1.182589769363403,1836,0.1139297485351562,0.0,1.158581018447876,0.0299683983529212,0.0109548568725585,21.115711858053,0.0017986297607421,0.029427890299791665,1.934010982513428,0.01,0.0007567405700683,0,0,0,['cluster'],['separated']
figure_category_based_markersize10_wdbc_class_1_2_umap.png,wdbc_class_1_2_umap,569,2,10,0.7169434557974776,0.6815557479858398,0.7226660296850891,0.5577378273010254,0.931657875754272,0.8161933422088623,0.7850886649664155,0.6051497459411621,0.8089316434049713,0.5328199863433838,0.3658456947152496,0.5680375099182129,0.3711407083280348,0.6175475120544434,0.4015247075311009,0.7642133235931396,0.3817634029510262,0.6104092597961426,0.3850913917482355,0.6516759395599365,0.2455810436080963,0.5782299041748047,0.249686223857345,0.5767872333526611,0.2559077493479664,0.8294739723205566,0.2522001076822161,0.7044253349304199,0.2526928247114314,0.6053576469421387,0.8840070298769771,0.3490965366363525,1877,0.3379256725311279,0.0105448154657293,0.354104995727539,0.0288945737683003,0.0605089664459228,2.6373559831034776,0.0060710906982421,-,15.0,0.1441124780316344,0.0018937587738037,0,0,42,"['lip_cluster',linear']","['intersecting','separated']"
figure_category_based_markersize60_wdbc_class_1_2_umap.png,wdbc_class_1_2_umap,569,2,60,0.3910474132146335,0.5754330158233643,0.4030258679241518,0.6682307720184326,0.711828297409808,0.8336319923400879,0.4618635713140016,0.7578098773956299,0.4986666363730576,0.6762905120849609,0.1803149357410202,0.7197706699371338,0.1828463160218935,0.8016648292541504,0.206403111499741,0.8510620594024658,0.1914128277489289,0.8404793739318848,0.1960088152298469,0.606440544128418,0.1171718933725838,0.8499369621276855,0.1182463965605172,0.5989654064178467,0.1207008872451409,1.0322895050048828,0.1207222232628774,0.6227710247039795,0.1219768792445116,0.8558578491210938,0.7082601054481547,0.4234797954559326,14433,0.2851128578186035,0.0105448154657293,0.4238927364349365,0.0288945737683003,0.0568509101867675,2.6373559831034776,0.0060701370239257,-,15.0,0.1441124780316344,0.0018122196197509,1,0,531,"['lip_cluster',linear']","['intersecting','separated']"
figure_category_based_markersize110_wdbc_class_1_2_umap.png,wdbc_class_1_2_umap,569,2,110,0.2946545788122187,0.8008162975311279,0.3055894597375496,0.7541611194610596,0.6071865251375623,0.9712190628051758,0.3545880781242941,0.6451518535614014,0.3897868249401718,0.8165061473846436,0.1447999120744428,0.7981629371643066,0.1472065810191321,0.810992956161499,0.1730760747734692,1.0078883171081543,0.1556052417825256,0.8317756652832031,0.1609375604721968,0.8106915950775146,0.0959844087192155,0.8452792167663574,0.0969557360103631,0.8595082759857178,0.100921699475334,1.0277776718139648,0.099672439768533,0.8973784446716309,0.101402653004113,0.8487582206726074,0.6045694200351494,0.4909708499908447,23313,0.5340509414672852,0.0105448154657293,0.3255882263183594,0.0288945737683003,0.0553116798400878,2.6373559831034776,0.006162405014038,-,15.0,0.1441124780316344,0.0017304420471191,1,0,1154,"['lip_cluster',linear']","['intersecting','separated']"
figure_category_based_markersize160_wdbc_class_1_2_umap.png,wdbc_class_1_2_umap,569,2,160,0.2509484653240752,0.9746754169464112,0.2602093406579887,0.7685225009918213,0.5698837855613583,1.135878324508667,0.3059445126808728,0.7721066474914551,0.3393476765638286,0.7850756645202637,0.1290204544363891,0.9518818855285645,0.1314203178339338,0.7692322731018066,0.1613523272772212,1.1506938934326172,0.1402228974721336,0.7923054695129395,0.1459571528838935,0.9995968341827391,0.0868316643762742,0.8021175861358643,0.0879098666290667,0.956125020980835,0.0939806239286226,1.1891634464263916,0.090955070752614,0.9979004859924316,0.0929729099327919,0.8336834907531738,0.5377855887521968,0.3692398071289062,29405,0.5951108932495117,0.0105448154657293,0.5753648281097412,0.0288945737683003,0.0495979785919189,2.6373559831034776,0.0050508975982666,-,15.0,0.1441124780316344,0.001495361328125,1,0,1785,"['lip_cluster',linear']","['intersecting','separated']"
figure_ascending_markersize10_wdbc_class_1_2_umap.png,wdbc_class_1_2_umap,569,2,10,0.8242308193061548,0.9086456298828124,0.8366081328195732,0.7552385330200195,0.7928868848410013,0.9204046726226808,0.8409129451911077,0.7543373107910156,0.8405047602644967,0.7123875617980957,0.3962377044590728,0.9155385494232178,0.4036125819716671,0.7281620502471924,0.3642997302463543,0.919602394104004,0.3971338161154496,0.954927921295166,0.3942654285158752,0.7420172691345215,0.2608090445157759,0.7604355812072754,0.2659613964023756,0.746657133102417,0.2364753313929658,1.1472556591033936,0.2599494257292978,0.7774436473846436,0.2575352562581933,0.5475969314575195,0.8840070298769771,0.6461083889007568,1877,0.3727509975433349,0.0105448154657293,0.6161391735076904,0.0288945737683003,0.0570857524871826,2.6373559831034776,0.0059602260589599,-,15.0,0.1441124780316344,0.0016567707061767,0,0,0,"['lip_cluster',linear']","['intersecting','separated']"
figure_ascending_markersize60_wdbc_class_1_2_umap.png,wdbc_class_1_2_umap,569,2,60,0.5301653967506361,0.664109468460083,0.5459809627859378,0.8540856838226318,0.4445738470193086,1.0032837390899658,0.5320439819850333,0.8573126792907715,0.5401866628905236,0.8853566646575928,0.213327711023579,0.8392472267150879,0.2149612755688459,0.8336455821990967,0.1631778528415005,1.2727909088134766,0.2071740873050188,0.6015560626983643,0.2048659712394546,1.1021413803100586,0.1335284049048286,0.8720552921295166,0.1338251735575873,0.596733808517456,0.0999278505377995,1.0168406963348389,0.1286310437670307,0.873150110244751,0.126401982541439,0.8792250156402588,0.7082601054481547,0.4241647720336914,14433,0.7081074714660645,0.0105448154657293,0.412499189376831,0.0288945737683003,0.0553586483001709,2.6373559831034776,0.0060269832611083,-,15.0,0.1441124780316344,0.0015685558319091,1,0,0,"['lip_cluster',linear']","['intersecting','separated']"
figure_ascending_markersize110_wdbc_class_1_2_umap.png,wdbc_class_1_2_umap,569,2,110,0.4301625051538477,0.90138840675354,0.4441180812931954,0.635819673538208,0.3153626199574022,1.087341547012329,0.4227196864811486,1.1807947158813477,0.4306697057440388,0.659104585647583,0.1816379137652535,0.913672924041748,0.1830829339234269,0.9166719913482666,0.1228666898676748,1.1043767929077148,0.1725302494224461,0.9078927040100098,0.1708202099063606,0.9358537197113036,0.1151249528895306,1.221851110458374,0.1153088974516565,0.6797163486480713,0.0762959710308477,1.1324255466461182,0.1083830347859036,0.9601552486419678,0.1065388035075567,0.9575366973876952,0.6045694200351494,0.4462440013885498,23313,0.7478203773498535,0.0105448154657293,0.439833402633667,0.0288945737683003,0.0568726062774658,2.6373559831034776,0.0061123371124267,-,15.0,0.1441124780316344,0.001636266708374,1,0,0,"['lip_cluster',linear']","['intersecting','separated']"
figure_ascending_markersize160_wdbc_class_1_2_umap.png,wdbc_class_1_2_umap,569,2,160,0.3872016949868592,0.7085268497467041,0.3992516996789745,0.9943068027496338,0.252743293620592,1.2000713348388672,0.3751654102836983,1.0620732307434082,0.38100437324292,1.0346932411193848,0.1687285751762185,0.7448511123657227,0.1702959784325922,1.0134153366088867,0.1036712882446245,1.2468903064727783,0.1586757021301997,1.0371041297912598,0.1568591864139228,1.0444157123565674,0.1078664469857371,0.744553804397583,0.1082301109043848,1.0346386432647705,0.0652096197189837,1.2088994979858398,0.1006154312481456,1.036195993423462,0.0987591166718022,1.059800148010254,0.5377855887521968,0.4931387901306152,29405,0.5239090919494629,0.0105448154657293,0.7981436252593994,0.0288945737683003,0.0560004711151123,2.6373559831034776,0.0056538581848144,-,15.0,0.1441124780316344,0.0014817714691162,1,0,0,"['lip_cluster',linear']","['intersecting','separated']"
figure_descending_markersize10_wdbc_class_1_2_umap.png,wdbc_class_1_2_umap,569,2,10,0.6573090928236982,0.9704921245574952,0.6869770422603827,0.9844372272491456,1.1679171667371058,1.152719020843506,0.7218915882178014,0.9762976169586182,0.7587471031115812,0.6473455429077148,0.34709072991257,0.97487211227417,0.3590721073679682,0.9779260158538818,0.4562783847965611,1.183048963546753,0.3636293964769307,0.6675851345062256,0.3715787914234498,0.9957568645477296,0.2358030167041332,0.6759448051452637,0.2430571237158851,1.0326714515686035,0.2835219450582981,0.878298282623291,0.2430218802321422,1.056121587753296,0.2460341556881161,0.6838512420654297,0.8840070298769771,0.4980547428131103,1877,0.9014041423797609,0.0105448154657293,0.5106182098388672,0.0288945737683003,0.0564618110656738,2.6373559831034776,0.0056259632110595,-,15.0,0.1441124780316344,0.0015287399291992,0,0,150,"['lip_cluster',linear']","['intersecting','separated']"
figure_descending_markersize60_wdbc_class_1_2_umap.png,wdbc_class_1_2_umap,569,2,60,0.310853460553457,0.745248556137085,0.3486053920396853,0.7385811805725098,1.849715358360948,1.2661912441253662,0.3687053958339384,0.7213802337646484,0.4172825321989677,1.0778000354766846,0.1568680998465912,0.7259516716003418,0.1654616600779908,1.1069903373718262,0.2773664587101802,0.9141340255737304,0.1703334003954523,0.7081992626190186,0.1803724148194676,0.7120654582977295,0.104903010371522,1.0825691223144531,0.1084737600411647,0.752180814743042,0.1499238354070253,1.2834889888763428,0.1107482766604902,1.0988295078277588,0.1150521303521351,0.753685474395752,0.7082601054481547,0.5755093097686768,14433,0.5319766998291016,0.0105448154657293,0.5348057746887207,0.0288945737683003,0.0558671951293945,2.6373559831034776,0.005573034286499,-,15.0,0.1441124780316344,0.0014841556549072,2,0,3178,"['lip_cluster',linear']","['intersecting','separated']"
figure_descending_markersize110_wdbc_class_1_2_umap.png,wdbc_class_1_2_umap,569,2,110,0.2227112462803937,0.7955832481384277,0.2574985312158289,0.7776305675506592,2.669828202136501,1.3334672451019287,0.2678883162042008,0.8097145557403564,0.3119521962781691,1.1746032238006592,0.1218925747720507,0.8032412528991699,0.1303646493838541,0.7950825691223145,0.2565114424649712,1.352999925613403,0.1350832304069372,0.8584995269775391,0.1459641573723644,0.8119251728057861,0.0839083056842248,1.1757562160491943,0.0872747709243012,0.7887077331542969,0.1347279073111658,1.337165117263794,0.0903114924288318,0.7706561088562012,0.0952709902163299,1.2041702270507812,0.6045694200351494,0.5727810859680176,23313,0.5491323471069336,0.0105448154657293,0.5528624057769775,0.0288945737683003,0.0533149242401123,2.6373559831034776,0.0051522254943847,-,15.0,0.1441124780316344,0.0015478134155273,2,0,9174,"['lip_cluster',linear']","['intersecting','separated']"
figure_descending_markersize160_wdbc_class_1_2_umap.png,wdbc_class_1_2_umap,569,2,160,0.1845063755083817,0.8418967723846436,0.2157881320135193,1.2652204036712646,4.240995658559809,1.1613948345184326,0.2244850371301719,0.8134500980377197,0.2656906967460776,1.222429275512695,0.1062247983705609,0.8156542778015137,0.1146487427945853,0.8341026306152344,0.2549084500744124,1.45654296875,0.1193520014012994,0.8334739208221436,0.1308411533260193,1.2608511447906494,0.0745816249911872,0.8532533645629883,0.078061501093793,0.8311283588409424,0.1314032747167476,1.0467321872711182,0.0812841912269404,1.2642662525177002,0.0867909730513754,0.83907151222229,0.5377855887521968,0.6060283184051514,29405,0.6139051914215088,0.0105448154657293,0.5874617099761963,0.0288945737683003,0.0508854389190673,2.6373559831034776,0.0046520233154296,-,15.0,0.1441124780316344,0.0015380382537841,3,0,16559,"['lip_cluster',linear']","['intersecting','separated']"
figure_category_based_markersize10_interleaved_100_500_3_25_cramped_rotated_pca.png,interleaved_100_500_3_25_cramped_rotated_pca,857,3,10,0.9436152774435728,1.2614104747772217,0.9594707647600056,0.7895889282226562,0.9939264266790272,1.0485920906066897,0.9460755581998884,0.7513988018035889,0.956657274704432,1.216782569885254,0.8136065944034325,0.7822039127349854,0.7950559859040798,0.772451639175415,0.7750013249788359,1.0446734428405762,0.8163488756298394,1.2262043952941897,0.801485568667473,0.7733850479125977,0.7150842758408817,0.8036377429962158,0.6787461402591832,0.7977886199951172,0.6351101347393284,1.0695581436157229,0.7179086349965278,1.2470052242279053,0.689626743966571,0.7810277938842773,0.9929988331388564,0.6800937652587891,642,0.6071469783782959,0.0,0.6256773471832275,0.03077735751072,0.1094341278076171,8.26579251734983,0.007941722869873,-,15.0,0.0805134189031505,0.0034961700439453,0,0,38,['cluster'],['intersecting']
figure_category_based_markersize60_interleaved_100_500_3_25_cramped_rotated_pca.png,interleaved_100_500_3_25_cramped_rotated_pca,857,3,60,0.7425233068592059,1.3497555255889893,0.7863408926755404,0.8803606033325195,0.8828450077337827,1.1153409481048584,0.749012134860551,0.8804068565368652,0.7779075254464114,0.859591007232666,0.467203945010242,0.8758304119110107,0.444458305659797,1.3362843990325928,0.4127888199702103,1.143371820449829,0.4667485807529778,0.8694813251495361,0.4513090897414159,1.3882791996002195,0.3408285277202622,0.886437177658081,0.3097752769027799,0.8827047348022461,0.2693681919802321,1.161494493484497,0.3389979562717371,0.8933546543121338,0.3178586169387746,0.85801100730896,0.9766627771295217,0.8013131618499756,15188,0.6548936367034912,0.0,0.6264715194702148,0.03077735751072,0.1113474369049072,8.26579251734983,0.0083475112915039,-,15.0,0.0805134189031505,0.0032482147216796,0,0,979,['cluster'],['intersecting']
figure_category_based_markersize110_interleaved_100_500_3_25_cramped_rotated_pca.png,interleaved_100_500_3_25_cramped_rotated_pca,857,3,110,0.6144675087471795,0.9391813278198242,0.6598956667683542,0.9414632320404052,0.7636301312883826,1.215555191040039,0.6234076491507179,1.447395086288452,0.6520098291652328,0.9815709590911864,0.3397314999900374,0.952293872833252,0.3216350664663119,0.963627815246582,0.2895391878028681,1.242668628692627,0.3398965882650283,1.5346415042877195,0.3271923573191049,0.984856128692627,0.2347651176951199,0.9798576831817628,0.2126376336491031,0.974372386932373,0.1786354393581164,1.2453713417053225,0.2336418145305772,0.9719057083129884,0.218393397460259,0.9747662544250488,0.9171528588098016,0.9012391567230223,40171,0.6719920635223389,0.0,0.665381908416748,0.03077735751072,0.1097738742828369,8.26579251734983,0.007974624633789,-,15.0,0.0805134189031505,0.0032906532287597,1,0,2781,['cluster'],['intersecting']
figure_category_based_markersize160_interleaved_100_500_3_25_cramped_rotated_pca.png,interleaved_100_500_3_25_cramped_rotated_pca,857,3,160,0.5359549480876118,1.0592243671417236,0.5785672759162679,1.0375335216522217,0.6808938668210051,1.826889991760254,0.5447769948824863,1.0646719932556152,0.5713049219890992,1.0591940879821775,0.2813136195398127,1.0755560398101809,0.2676937479349482,1.0743637084960938,0.2373035357497843,1.3179616928100586,0.2819312527013026,1.0487630367279053,0.2720001119758071,1.038032054901123,0.190705965626922,1.053616285324097,0.1741305793975828,1.0675601959228516,0.1436912340518776,1.3246510028839111,0.1901750081584916,1.058192253112793,0.1784898526185259,1.0881834030151367,0.8121353558926487,0.9566531181335448,63616,0.7554271221160889,0.0,0.7225997447967529,0.03077735751072,0.114464521408081,8.26579251734983,0.0081803798675537,-,15.0,0.0805134189031505,0.0033154487609863,4,0,4909,['cluster'],['intersecting']
figure_ascending_markersize10_interleaved_100_500_3_25_cramped_rotated_pca.png,interleaved_100_500_3_25_cramped_rotated_pca,857,3,10,0.9681510118970074,0.3526561260223388,0.970443251221884,0.8983399868011475,0.968315539179513,1.2067372798919678,0.965621891472403,0.9117956161499025,0.9683417115290508,0.9016683101654052,0.833423415166985,0.8978443145751953,0.8030434379016519,0.8731834888458252,0.7575915155471635,1.7113916873931885,0.8321966029744534,0.3239481449127197,0.8102079936712322,1.4660520553588867,0.7316124516523699,0.9134764671325684,0.6848994461844196,0.910792589187622,0.6221908577057085,1.185572385787964,0.7311672078197566,0.335101842880249,0.6964716449369406,1.4393913745880127,0.9929988331388564,0.7548608779907227,642,0.1196568012237548,0.0,0.7029709815979004,0.03077735751072,0.1013329029083252,8.26579251734983,0.0085594654083251,-,15.0,0.0805134189031505,0.0031070709228515,0,0,0,['cluster'],['intersecting']
figure_ascending_markersize60_interleaved_100_500_3_25_cramped_rotated_pca.png,interleaved_100_500_3_25_cramped_rotated_pca,857,3,60,0.8033803800269537,0.9542388916015624,0.8167085500568417,1.54227614402771,0.8028801736674978,1.281785249710083,0.7977876773682688,0.403543472290039,0.8080799075727306,1.5740618705749512,0.499953267746149,1.009420394897461,0.4586726739050994,0.3875594139099121,0.3912762417235922,1.2401463985443115,0.494299278195957,1.0489370822906494,0.4667282365811233,1.0358245372772217,0.3628929592807124,0.3891911506652832,0.3188794822927876,1.626020431518555,0.2586678042598602,0.6626651287078857,0.3580808495500222,1.627166748046875,0.3281219320154108,1.0134422779083252,0.9766627771295217,0.3120019435882568,15188,0.7605559825897217,0.0,0.7642936706542969,0.03077735751072,0.1209266185760498,8.26579251734983,0.0090363025665283,-,15.0,0.0805134189031505,0.0030586719512939,0,0,0,['cluster'],['intersecting']
figure_ascending_markersize110_interleaved_100_500_3_25_cramped_rotated_pca.png,interleaved_100_500_3_25_cramped_rotated_pca,857,3,110,0.6790002349242945,1.6627724170684814,0.6938302890041446,0.459836483001709,0.6668170207138646,1.968730926513672,0.6753761168960595,0.4502236843109131,0.6845539970843761,1.676389217376709,0.370270346771719,0.4494833946228027,0.3351912873956864,1.6831872463226318,0.270832361136219,1.3590564727783203,0.3659633168455422,0.4576375484466553,0.3417354270367259,1.065579175949097,0.2545367874984993,1.728628635406494,0.220971642479046,0.451744794845581,0.1699241086222525,1.9795846939086916,0.2509805701549605,0.4539797306060791,0.227703522565695,1.7214934825897217,0.9171528588098016,0.3592381477355957,40171,0.8477263450622559,0.0,0.7628304958343506,0.03077735751072,0.1179289817810058,8.26579251734983,0.0085184574127197,-,15.0,0.0805134189031505,0.003371238708496,0,0,0,['cluster'],['intersecting']
figure_ascending_markersize160_interleaved_100_500_3_25_cramped_rotated_pca.png,interleaved_100_500_3_25_cramped_rotated_pca,857,3,160,0.6026625723173429,0.4765958786010742,0.6144502386852384,1.1328160762786863,0.5735289087846551,1.381821870803833,0.5984552623098759,1.1683287620544434,0.6051008030187057,1.124936819076538,0.3119937787903634,1.15151047706604,0.281642477917058,1.1331777572631836,0.2186405790724677,1.4159352779388428,0.308046302646327,1.152695655822754,0.2868374684207792,1.1743369102478027,0.2104784187165638,1.1145689487457275,0.1826907641633988,1.1432077884674072,0.135065019833653,1.4004335403442385,0.2074016776651333,1.178077220916748,0.1879708940454039,0.4961473941802978,0.8121353558926487,1.0225884914398191,63616,0.8771700859069824,0.0,0.7941265106201172,0.03077735751072,0.1050434112548828,8.26579251734983,0.0082590579986572,-,15.0,0.0805134189031505,0.0031721591949462,1,0,0,['cluster'],['intersecting']
figure_descending_markersize10_interleaved_100_500_3_25_cramped_rotated_pca.png,interleaved_100_500_3_25_cramped_rotated_pca,857,3,10,0.9422119935026017,0.9990551471710204,0.9591147617961092,0.9884922504425048,0.9949621464346114,0.589153528213501,0.944925671978004,0.9825081825256348,0.956006350080006,1.0070955753326416,0.8113685717945298,0.9942588806152344,0.7943808033246894,0.9876832962036132,0.7760885513632213,1.252185344696045,0.8144952393056203,0.9597938060760498,0.8007301175272024,1.637197494506836,0.7124340352411266,0.3342947959899902,0.6779403145779198,1.0018913745880127,0.6361476305926199,1.2567505836486816,0.7157047400348998,0.9953265190124512,0.6888464635544933,0.9756734371185304,0.9929988331388564,0.824378252029419,642,0.8245773315429688,0.0,0.1159863471984863,0.03077735751072,0.1015543937683105,8.265792517349832,0.0085439682006835,-,15.0,0.0805134189031505,0.0031206607818603,0,0,42,['cluster'],['intersecting']
figure_descending_markersize60_interleaved_100_500_3_25_cramped_rotated_pca.png,interleaved_100_500_3_25_cramped_rotated_pca,857,3,60,0.7105178025070162,1.0700442790985107,0.7755523046469697,1.052488088607788,0.9361866056025184,1.3340234756469729,0.7188076248106087,1.066187620162964,0.7590452573633919,1.0628294944763184,0.4480161774015686,1.1072838306427002,0.4389289219257942,1.0926992893218994,0.4279528675055324,0.6595051288604736,0.4490447635556812,1.1003093719482422,0.4421190352290668,1.0516998767852783,0.327150168662139,1.0930609703063965,0.3060778443928282,1.0756328105926514,0.277373372741152,1.3649306297302246,0.3265086349176166,1.0986127853393557,0.3118933570965703,1.06923508644104,0.9766627771295217,0.3012905120849609,15188,0.8555974960327148,0.0,0.8666365146636963,0.03077735751072,0.106964111328125,8.265792517349832,0.0086977481842041,-,15.0,0.0805134189031505,0.0032415390014648,0,0,1630,['cluster'],['intersecting']
figure_descending_markersize110_interleaved_100_500_3_25_cramped_rotated_pca.png,interleaved_100_500_3_25_cramped_rotated_pca,857,3,110,0.5609337603887865,1.2242398262023926,0.6415527115984543,0.4394738674163818,0.8765992203698769,1.4246940612792969,0.5724169699468583,1.169067144393921,0.6190971784268724,1.1445083618164062,0.3133701236938213,1.1662132740020752,0.3134861191294776,1.1638262271881104,0.3105869732794726,0.7207388877868652,0.3155835401248916,1.166750192642212,0.3138138400408837,1.1501779556274414,0.2174155198410112,1.1421430110931396,0.2074194159835034,1.163773775100708,0.1887273911063082,1.419363260269165,0.2178417687272147,1.174950122833252,0.2101745540791709,0.4802808761596679,0.9171528588098016,1.1852428913116455,40171,0.8978660106658936,0.0,0.898266077041626,0.03077735751072,0.1023883819580078,8.265792517349832,0.0081913471221923,-,15.0,0.0805134189031505,0.0032670497894287,1,0,5425,['cluster'],['intersecting']
figure_descending_markersize160_interleaved_100_500_3_25_cramped_rotated_pca.png,interleaved_100_500_3_25_cramped_rotated_pca,857,3,160,0.4747994662437099,1.216174840927124,0.5570022329089874,1.2192063331604004,0.831442782870364,0.7607583999633789,0.486123945756186,1.1853811740875244,0.5327559740580536,1.2089879512786863,0.252975790203322,1.2409553527832031,0.2580640147708688,1.239539384841919,0.2608056608114146,1.5562841892242432,0.2555688986365425,1.231400966644287,0.2568343056213328,0.4905712604522705,0.1724214469351207,1.2633018493652344,0.1679348514081619,1.196608304977417,0.1546595052471828,1.4775245189666748,0.173352592517362,1.2162256240844729,0.1692021684199023,0.4918496608734131,0.8121353558926487,1.106980323791504,63616,0.9508492946624756,0.0,0.1220030784606933,0.03077735751072,0.1026692390441894,8.265792517349832,0.0085258483886718,-,15.0,0.0805134189031505,0.0030741691589355,2,0,10192,['cluster'],['intersecting']
figure_category_based_markersize10_n100-d5-c5-spr0.2-out0_tsne.png,n100-d5-c5-spr0.2-out0_tsne,100,5,10,0.9893781436322252,1.0659892559051514,0.9878313423020396,1.137303590774536,0.99249671681858,1.4331777095794678,0.9858442617691312,1.0500195026397705,0.986025753768812,1.0604279041290283,0.9893781436322252,1.1015236377716064,0.9878313423020396,0.3024733066558838,0.99249671681858,1.4437453746795654,0.9858442617691312,1.0512287616729736,0.986025753768812,1.0757675170898438,0.9893781436322252,0.3036613464355469,0.9878313423020396,1.055997610092163,0.99249671681858,1.4444050788879397,0.9858442617691312,1.0610449314117432,0.986025753768812,1.0787765979766846,1.0,0.1098856925964355,2,0.9040729999542236,0.0,0.8968062400817871,0.0301522122195002,0.0119147300720214,26.864844195405976,0.0017573833465576,0.006487491201346025,0.7043101787567139,0.38,0.0007667541503906,0,0,0,['cluster'],['intersecting']
figure_category_based_markersize60_n100-d5-c5-spr0.2-out0_tsne.png,n100-d5-c5-spr0.2-out0_tsne,100,5,60,0.8916877548166229,1.0902891159057615,0.906000719980166,1.086805820465088,0.9724866551095188,1.561156988143921,0.8767559838791148,0.311732530593872,0.8902679044040335,1.0693049430847168,0.8577256741105319,1.1224308013916016,0.8620096482177771,1.124131679534912,0.8996214128068254,0.7180767059326172,0.8491253115305147,1.0703113079071045,0.8536945682670763,1.0855779647827148,0.826255730023761,1.1145837306976318,0.8220927472253357,1.1081743240356443,0.836914172893516,0.7110261917114258,0.82318297469456,1.1042695045471191,0.8200076140856868,1.1644821166992188,1.0,0.9294819831848145,203,0.1160330772399902,0.0,0.9328839778900146,0.0301522122195002,0.0098519325256347,26.864844195405976,0.0014131069183349,0.016645609593613126,0.7835168838500977,0.38,0.0007109642028808,0,0,34,['cluster'],['intersecting']
figure_category_based_markersize110_n100-d5-c5-spr0.2-out0_tsne.png,n100-d5-c5-spr0.2-out0_tsne,100,5,110,0.8216992732119275,1.102894306182861,0.8478877808842021,1.1367199420928955,0.9411957048047604,1.535295009613037,0.8061048545103786,1.151317119598389,0.8262649393976342,0.3182179927825928,0.7696615969836186,1.1370723247528076,0.780679605282367,1.164005994796753,0.8253766033854149,1.536949872970581,0.7630611582845355,0.3263201713562011,0.7701937185014683,1.182358741760254,0.7238223990249468,1.139115571975708,0.7233434848146665,1.1594746112823486,0.7349385357502662,0.7121672630310059,0.7243812680928114,1.1268260478973389,0.7212489919149994,1.1250672340393066,1.0,0.1223959922790527,691,0.9708685874938964,0.0,0.9606456756591796,0.0301522122195002,0.0129122734069824,26.864844195405976,0.0018236637115478,0.020518453753741884,0.9747424125671388,0.38,0.0008356571197509,0,0,166,['cluster'],['intersecting']
figure_category_based_markersize160_n100-d5-c5-spr0.2-out0_tsne.png,n100-d5-c5-spr0.2-out0_tsne,100,5,160,0.7854560478289625,1.1823346614837646,0.816520702731479,1.1388084888458252,0.919987651902228,1.5613839626312256,0.7706184046377997,0.3151602745056152,0.7927724630869653,1.160822868347168,0.7236930235386276,1.169471263885498,0.7378071802304897,0.3241317272186279,0.7837035421976659,1.532073974609375,0.718649139099323,1.1787385940551758,0.7265251816558482,0.319955825805664,0.670935158114573,1.1937081813812256,0.6729354400248653,1.1414589881896973,0.682587197519239,1.5959572792053225,0.6732464795495497,0.3249804973602295,0.6704958313608171,1.1969921588897705,1.0,0.9845538139343262,1285,0.1191048622131347,0.0,1.0202968120574951,0.0301522122195002,0.0124526023864746,26.864844195405976,0.0017879009246826,0.022640787909174308,1.8347086906433103,0.38,0.0007522106170654,0,0,337,['cluster'],['intersecting']
figure_ascending_markersize10_n100-d5-c5-spr0.2-out0_tsne.png,n100-d5-c5-spr0.2-out0_tsne,100,5,10,0.9893781436322252,0.2985961437225342,0.9879283340431304,1.1345958709716797,0.99249671681858,1.5718445777893066,0.9858442617691312,1.1884455680847168,0.986025753768812,0.294203519821167,0.9893781436322252,1.1675395965576172,0.9879283340431304,1.1743230819702148,0.99249671681858,0.6989700794219971,0.9858442617691312,1.1532857418060305,0.986025753768812,1.1534199714660645,0.9893781436322252,1.210249423980713,0.9879283340431304,0.30147385597229,0.99249671681858,1.5519590377807615,0.9858442617691312,1.1817755699157717,0.986025753768812,0.3042635917663574,1.0,1.0078868865966797,2,0.1135103702545166,0.0,1.0111520290374756,0.0301522122195002,0.0120911598205566,26.864844195405976,0.0016951560974121,0.006487491201346025,1.540320634841919,0.38,0.0006532669067382,0,0,0,['cluster'],['intersecting']
figure_ascending_markersize60_n100-d5-c5-spr0.2-out0_tsne.png,n100-d5-c5-spr0.2-out0_tsne,100,5,60,0.9206668398780254,0.6772592067718506,0.917915957563536,0.6043775081634521,0.9510253735311718,1.057966709136963,0.8997998332961418,0.6044764518737793,0.9024165930479476,0.5375170707702637,0.885314724538425,0.5635764598846436,0.8729055985874781,0.609130859375,0.8777200132881313,1.0924551486968994,0.8717184497042907,0.5826859474182129,0.8652380824847009,0.5359857082366943,0.8525771432562586,0.6051168441772461,0.8321031055308685,0.5546729564666748,0.814906724918327,1.0305044651031494,0.8453367752779672,0.6732320785522461,0.8310017789261285,0.5999014377593994,1.0,0.3417315483093261,203,0.2450356483459472,0.0,0.3477330207824707,0.0301522122195002,0.0121946334838867,26.864844195405976,0.0017540454864501,0.01664560959361313,1.0534074306488037,0.38,0.0015900135040283,0,0,0,['cluster'],['intersecting']
figure_ascending_markersize110_n100-d5-c5-spr0.2-out0_tsne.png,n100-d5-c5-spr0.2-out0_tsne,100,5,110,0.8790230380251923,0.5625779628753662,0.8666377478750311,0.6739373207092285,0.9014258762086332,1.0408499240875244,0.8540592973172043,0.6226606369018555,0.8502614665926184,0.6072814464569092,0.8212996721774745,0.6150412559509277,0.7967970254397929,0.6265568733215332,0.7888385356441293,1.0632030963897705,0.8075521286386502,0.7244973182678223,0.7916836494057972,0.6446430683135986,0.7706902636420303,0.6320302486419678,0.7373734704353432,0.6666948795318604,0.7012526626063056,1.113453388214111,0.7658484182725377,0.7094125747680664,0.7406569157331113,0.7080483436584473,1.0,0.4067475795745849,691,0.4071991443634033,0.0,0.2701611518859863,0.0301522122195002,0.0120351314544677,26.864844195405976,0.0017642974853515,0.020518453753741884,1.0443530082702637,0.38,0.000840425491333,0,0,0,['cluster'],['intersecting']
figure_ascending_markersize160_n100-d5-c5-spr0.2-out0_tsne.png,n100-d5-c5-spr0.2-out0_tsne,100,5,160,0.8568657024094049,0.773672342300415,0.8377855621666515,0.7342584133148193,0.8696216866479816,1.166309833526611,0.8312123155816158,0.771090030670166,0.8233662861412709,0.7774806022644043,0.786050922534087,0.9419059753417968,0.7554513157432657,0.6517989635467529,0.7395681705412683,1.183211088180542,0.773196937008747,0.6331188678741455,0.753044670503274,0.8099551200866699,0.7260474794165263,0.6569292545318604,0.687851950736017,0.8314869403839111,0.6433534792950906,1.0755164623260498,0.722751687376032,0.7567048072814941,0.6937898481296674,0.7750213146209717,1.0,0.2971177101135254,1285,0.4757962226867676,0.0,0.4944846630096435,0.0301522122195002,0.0127232074737548,26.864844195405976,0.0018684864044189,0.022640787909174308,1.2199103832244873,0.38,0.0006685256958007,0,0,0,['cluster'],['intersecting']
figure_descending_markersize10_n100-d5-c5-spr0.2-out0_tsne.png,n100-d5-c5-spr0.2-out0_tsne,100,5,10,0.9773154998504114,0.4826793670654297,0.9878313423020396,0.7899236679077148,1.0045839477634972,1.221985101699829,0.9710746932108276,0.6453847885131836,0.9779115748208907,0.6652181148529053,0.9773154998504114,0.8499608039855957,0.9878313423020396,0.6681058406829834,1.0045839477634972,1.0907909870147705,0.9710746932108276,0.8340167999267578,0.9779115748208907,0.7266080379486084,0.9773154998504114,0.7171573638916016,0.9878313423020396,0.7115330696105957,1.0045839477634972,1.1075870990753174,0.9710746932108276,0.9110639095306396,0.9779115748208907,0.7042131423950195,1.0,0.5446090698242188,2,0.320934534072876,0.0,0.5684792995452881,0.0301522122195002,0.0119578838348388,26.86484419540598,0.0017385482788085,0.006487491201346025,0.8237514495849609,0.38,0.0006577968597412,0,0,2,['cluster'],['intersecting']
figure_descending_markersize60_n100-d5-c5-spr0.2-out0_tsne.png,n100-d5-c5-spr0.2-out0_tsne,100,5,60,0.8478858720161226,0.739689826965332,0.9060003676444256,0.5374774932861328,1.028307478446318,1.348240852355957,0.8248108234311812,0.748666524887085,0.8603817464797653,0.9981420040130616,0.816116198140431,0.7366101741790771,0.8619937855408083,0.7542669773101807,0.948634344025015,1.3894109725952148,0.7994244763720186,0.7535207271575928,0.825861960461755,0.7726852893829346,0.7866413138170402,0.7359108924865723,0.8220641825981458,0.7641100883483887,0.8804195479081808,1.182410717010498,0.7755541696841416,0.8215267658233643,0.7940052956553117,0.5662078857421875,1.0,0.5883991718292236,203,0.3741037845611572,0.0,0.6424286365509033,0.0301522122195002,0.012413740158081,26.86484419540598,0.0016987323760986,0.016645609593613126,0.9388151168823242,0.38,0.0006232261657714,0,0,90,['cluster'],['intersecting']
figure_descending_markersize110_n100-d5-c5-spr0.2-out0_tsne.png,n100-d5-c5-spr0.2-out0_tsne,100,5,110,0.7759946519369042,0.8207659721374512,0.8478863761816982,0.8243544101715088,1.0077302838020432,1.2054879665374756,0.7522129269873322,0.8187668323516846,0.794643216540726,0.8402416706085205,0.7278933153996888,0.5817670822143555,0.7806445527333961,0.8514096736907959,0.8789634817372953,1.4515166282653809,0.7131587350119157,0.8771722316741943,0.742085213840987,0.5914011001586914,0.6854071950727862,0.8478021621704102,0.7232843236288823,1.151599407196045,0.7793756182200855,0.9991555213928224,0.6779597011096725,0.8494465351104736,0.6960483151837162,0.8684437274932861,1.0,0.677560567855835,691,0.403249979019165,0.0,0.3955147266387939,0.0301522122195002,0.0125641822814941,26.86484419540598,0.0018026828765869,0.020518453753741884,1.3225812911987305,0.38,0.0007081031799316,0,0,298,['cluster'],['intersecting']
figure_descending_markersize160_n100-d5-c5-spr0.2-out0_tsne.png,n100-d5-c5-spr0.2-out0_tsne,100,5,160,0.7397340255992481,0.6161096096038818,0.8165176660972822,0.8839907646179199,0.9904955683138148,1.1380226612091064,0.7167332787164622,0.8571248054504395,0.7609233321139057,0.865675687789917,0.6829096012421616,0.8783421516418457,0.7377480948425306,0.6236636638641357,0.83832255399112,1.2959721088409424,0.6697830085957225,0.9215497970581056,0.6989452772166478,0.9238786697387696,0.6341925924895164,0.939176082611084,0.6728392044883773,0.6525063514709473,0.7266803228542646,1.3678867816925049,0.6286056214125959,0.926927089691162,0.6463031630517271,0.9257082939147948,1.0,0.4263710975646972,1285,0.7381575107574463,0.0,0.4323828220367431,0.0301522122195002,0.0123579502105712,26.86484419540598,0.0018556118011474,0.022640787909174308,1.16796612739563,0.38,0.0006821155548095,0,0,547,['cluster'],['intersecting']
figure_category_based_markersize10_ms_interleaved_60_120_3d_25_centeredClusters_tsne.png,ms_interleaved_60_120_3d_25_centeredClusters_tsne,292,3,10,1.0,0.9271008968353271,1.0,0.9260892868041992,1.0,0.8648896217346191,1.0,0.9472239017486572,1.0,0.9578254222869872,1.0,0.9631004333496094,1.0,0.6549067497253418,1.0,1.2187514305114746,1.0,0.6294279098510742,1.0,0.9337410926818848,1.0,0.9641060829162598,1.0,0.6303901672363281,1.0,1.2305095195770264,1.0,0.6504435539245605,1.0,0.9608895778656006,1.0,0.4534323215484619,0,0.7993960380554199,0.0,0.4678642749786377,0.0303436631701705,0.0320656299591064,15.778137569543569,0.0034976005554199,0.0008085852731747877,5.663116216659546,0.0924657534246575,0.0013091564178466,0,0,0,['cluster'],['touching']
figure_category_based_markersize60_ms_interleaved_60_120_3d_25_centeredClusters_tsne.png,ms_interleaved_60_120_3d_25_centeredClusters_tsne,292,3,60,0.993977220995027,0.6962051391601562,0.9953620131001236,1.0253238677978516,0.9985500396289092,0.934767484664917,0.9930262826213018,1.0086023807525637,0.9945407751457882,1.023653507232666,0.9567278149620504,0.6909422874450684,0.962048437553922,1.064342975616455,0.9696250639914358,1.2907347679138184,0.9539554408324172,0.6862387657165527,0.9593202771460418,1.046936273574829,0.9221694144043848,0.6946661472320557,0.9308925768945546,1.0647475719451904,0.9423286519748726,0.9761145114898682,0.9178427134341032,0.7002949714660645,0.9265090433353846,1.056133270263672,1.0,0.5160641670227051,206,0.879622220993042,0.0,0.5030720233917236,0.0303436631701705,0.0299463272094726,15.778137569543569,0.0036289691925048,0.008126181424476674,6.021201133728027,0.0924657534246575,0.0013356208801269,0,0,3,['cluster'],['touching']
figure_category_based_markersize110_ms_interleaved_60_120_3d_25_centeredClusters_tsne.png,ms_interleaved_60_120_3d_25_centeredClusters_tsne,292,3,110,0.9677535582639613,0.7301275730133057,0.97503332127884,0.7316000461578369,0.9902686377269138,1.350895881652832,0.963143388162608,0.7450923919677734,0.9708703812930992,1.1078410148620603,0.800633202155031,0.7439353466033936,0.8078331334234615,0.7341125011444092,0.8077583186457528,1.3801496028900146,0.7940966256968438,0.7516624927520752,0.8029085788586354,1.136589527130127,0.6827327868205966,0.745267391204834,0.6895824862623745,1.1586899757385254,0.6820532762584468,1.037644386291504,0.6755304435192857,1.1721441745758057,0.6844908049125393,0.7686142921447754,1.0,0.5629665851593018,2459,0.9651384353637696,0.0,0.1128289699554443,0.0303436631701705,0.0299446582794189,15.778137569543569,0.0035910606384277,0.016515026363064792,6.978985548019409,0.0924657534246575,0.0012733936309814,0,0,35,['cluster'],['touching']
figure_category_based_markersize160_ms_interleaved_60_120_3d_25_centeredClusters_tsne.png,ms_interleaved_60_120_3d_25_centeredClusters_tsne,292,3,160,0.9275661749548884,0.7768270969390869,0.943650702084528,0.761319637298584,0.983358213861508,1.402273178100586,0.9213598113396064,0.7801918983459473,0.9368298538367672,1.1953160762786863,0.6348763554443256,0.7823171615600586,0.6411647685020616,0.7933342456817627,0.6308462437641933,1.0282022953033447,0.6268104954414602,1.241384744644165,0.6355092049122302,0.7955372333526611,0.482595320375186,1.229386329650879,0.4855290877673242,0.8268070220947266,0.4643773346679598,1.092280387878418,0.4749680604319619,1.2494280338287354,0.4808494558796133,0.8184804916381836,1.0,0.6423883438110352,8159,0.58709716796875,0.0,0.5904428958892822,0.0303436631701705,0.0306806564331054,15.778137569543569,0.0032415390014648,0.022718328207676112,7.53557276725769,0.0924657534246575,0.001194953918457,0,0,143,['cluster'],['touching']
figure_ascending_markersize10_ms_interleaved_60_120_3d_25_centeredClusters_tsne.png,ms_interleaved_60_120_3d_25_centeredClusters_tsne,292,3,10,1.0,0.7612056732177734,1.0,1.194960594177246,1.0,1.0370640754699707,1.0,0.7794318199157715,1.0,1.190788507461548,1.0,0.7468743324279785,1.0,0.743215799331665,1.0,1.468127727508545,1.0,0.7579793930053711,1.0,0.7540433406829834,1.0,1.2433252334594729,1.0,0.777702808380127,1.0,1.023568630218506,1.0,0.7646510601043701,1.0,0.7685391902923584,1.0,1.0905814170837402,0,0.1146512031555175,0.0,0.5912683010101318,0.0303436631701705,0.0322492122650146,15.778137569543569,0.0037176609039306,0.0008085852731747877,5.010390758514404,0.0924657534246575,0.0011665821075439,0,0,0,['cluster'],['touching']
figure_ascending_markersize60_ms_interleaved_60_120_3d_25_centeredClusters_tsne.png,ms_interleaved_60_120_3d_25_centeredClusters_tsne,292,3,60,0.9943957226071324,0.3341166973114013,0.995631499856452,1.271070957183838,0.9979725270889772,1.0773813724517822,0.993569004794007,0.8676609992980957,0.994856866589556,0.8160145282745361,0.9576930867061992,0.8152875900268555,0.9625744102901476,1.2990269660949707,0.9675981682273248,1.108997821807861,0.9552231391993592,0.8387267589569092,0.960023247942718,0.8219573497772217,0.9236033605649628,0.8310372829437256,0.9316419115510978,1.3229126930236816,0.9390181487833558,1.0772919654846191,0.9197271315734196,0.825725793838501,0.9275464170984882,0.8304448127746582,1.0,0.6647882461547852,206,0.6349124908447266,0.0,0.1138885021209716,0.0303436631701705,0.0308585166931152,15.778137569543569,0.0034651756286621,0.008126181424476674,5.660895347595215,0.0924657534246575,0.00126314163208,0,0,0,['cluster'],['touching']
figure_ascending_markersize110_ms_interleaved_60_120_3d_25_centeredClusters_tsne.png,ms_interleaved_60_120_3d_25_centeredClusters_tsne,292,3,110,0.9702502260207648,0.3633043766021728,0.9766427254031222,1.396902322769165,0.9867275035567946,1.1193475723266602,0.9663556865820164,0.8875832557678223,0.9727526023738572,0.871380090713501,0.8069110916405645,0.870481014251709,0.8102853584782023,0.8735547065734863,0.7964904103776986,1.1220250129699707,0.800816800969343,1.383316993713379,0.8063425006878591,0.8911945819854736,0.6906430991607001,0.908245086669922,0.6923527882194398,0.9106526374816896,0.667750751737584,1.1841421127319336,0.6836978359447716,0.9018964767456056,0.6885511289593156,0.8911747932434082,1.0,0.7242944240570068,2459,0.1257410049438476,0.0,0.6714367866516113,0.0303436631701705,0.0306699275970459,15.778137569543569,0.0035150051116943,0.016515026363064792,5.644855737686157,0.0924657534246575,0.0013120174407958,0,0,0,['cluster'],['touching']
figure_ascending_markersize160_ms_interleaved_60_120_3d_25_centeredClusters_tsne.png,ms_interleaved_60_120_3d_25_centeredClusters_tsne,292,3,160,0.9358916725733744,1.4428198337554932,0.9493647878432594,0.9116652011871338,0.9715524442202468,1.2270259857177734,0.9301244842369404,0.9388258457183838,0.942031401826064,0.923372745513916,0.6475636847155077,0.9032602310180664,0.6459446689915406,0.9503121376037598,0.6099693735672351,1.1955254077911377,0.6393524954039385,0.943842887878418,0.641834099182144,0.9233529567718506,0.4950496055362209,0.9572408199310304,0.4894991313819737,0.951746940612793,0.4445288788552601,1.2562799453735352,0.4870825849286621,0.9527287483215332,0.4867283085768802,0.9528391361236572,1.0,0.7972161769866943,8159,0.7614188194274902,0.0,0.1326589584350586,0.0303436631701705,0.0359578132629394,15.778137569543569,0.0040967464447021,0.022718328207676115,7.169410705566406,0.0924657534246575,0.001108169555664,0,0,0,['cluster'],['touching']
figure_descending_markersize10_ms_interleaved_60_120_3d_25_centeredClusters_tsne.png,ms_interleaved_60_120_3d_25_centeredClusters_tsne,292,3,10,1.0,0.8924570083618164,1.0,0.8895795345306396,1.0,1.1492581367492676,1.0,0.8866655826568604,1.0,0.3117856979370117,1.0,0.8770058155059814,1.0,0.9215807914733888,1.0,1.1859869956970217,1.0,0.9073998928070068,1.0,0.3116123676300049,1.0,1.4896926879882812,1.0,0.3187832832336426,1.0,1.7279314994812012,1.0,0.931121826171875,1.0,0.3101511001586914,1.0,0.7319338321685791,0,0.7620832920074463,0.0,0.7652866840362549,0.0303436631701705,0.0353403091430664,15.778137569543569,0.0039701461791992,0.0008085852731747877,4.567498922348023,0.0924657534246575,0.001206636428833,0,0,0,['cluster'],['touching']
figure_descending_markersize60_ms_interleaved_60_120_3d_25_centeredClusters_tsne.png,ms_interleaved_60_120_3d_25_centeredClusters_tsne,292,3,60,0.9918209531757288,0.9483778476715088,0.9937788953020172,0.9507598876953124,1.0017517476047717,1.1785852909088137,0.9917032456575904,0.9385097026824952,0.9935155886961402,0.953834056854248,0.953832097422723,0.969296932220459,0.9604209089905812,0.9523451328277588,0.9749571439781402,1.1976876258850098,0.9521460935235952,0.9518191814422609,0.9581088085820656,0.9498517513275146,0.9186459983514076,0.9783816337585448,0.9292296353552706,0.3417041301727295,0.9495585898006146,1.827002048492432,0.915623612920288,0.3460202217102051,0.9251388305359568,1.5670526027679443,1.0,0.1412563323974609,206,0.7795193195343018,0.0,0.7627699375152588,0.0303436631701705,0.0330002307891845,15.778137569543569,0.0037946701049804,0.008126181424476674,5.497838735580444,0.0924657534246575,0.0011460781097412,0,0,12,['cluster'],['touching']
figure_descending_markersize110_ms_interleaved_60_120_3d_25_centeredClusters_tsne.png,ms_interleaved_60_120_3d_25_centeredClusters_tsne,292,3,110,0.9567258301510492,0.9862949848175048,0.9668326276412896,1.0234062671661377,1.0090541596450533,1.2477717399597168,0.9559611957118608,1.009923219680786,0.9653503377019018,0.3520083427429199,0.7878205629742582,1.6316821575164795,0.8011651793562773,0.3648004531860351,0.8307633014594884,1.2199406623840332,0.7844484359921152,0.977674961090088,0.7970388825057807,0.9910130500793456,0.669605063249324,1.039306879043579,0.6839669612367811,0.3754868507385254,0.7060164926196206,1.2613756656646729,0.6651171508066025,1.6613752841949463,0.6787048476085613,0.3433375358581543,1.0,0.8452239036560059,2459,0.7988102436065674,0.0,0.8207390308380127,0.0303436631701705,0.0301096439361572,15.778137569543569,0.003389835357666,0.016515026363064792,5.789325475692749,0.0924657534246575,0.0011794567108154,0,0,125,['cluster'],['touching']
figure_descending_markersize160_ms_interleaved_60_120_3d_25_centeredClusters_tsne.png,ms_interleaved_60_120_3d_25_centeredClusters_tsne,292,3,160,0.9090589264513722,0.3716700077056885,0.9295816334453184,1.004324436187744,1.0175357089983337,1.2791199684143066,0.9087112669526928,1.0373988151550293,0.9271895581901064,1.075937032699585,0.6168039372934107,1.0316481590270996,0.6323342195077672,1.0208489894866943,0.6604491787249462,1.2967736721038818,0.6123373101320433,1.0563008785247805,0.6269990204347564,1.0727953910827637,0.4667482144186458,1.0554757118225098,0.4791264747988596,1.0633385181427002,0.4888838577843029,1.3029038906097412,0.4617414618612451,1.048978328704834,0.4736486656928504,1.0615293979644775,1.0,0.90797758102417,8159,0.8492288589477539,0.0,0.8250384330749512,0.0303436631701705,0.0301346778869628,15.778137569543569,0.0033121109008789,0.022718328207676105,6.789849281311035,0.0924657534246575,0.0011415481567382,0,0,384,['cluster'],['touching']
figure_category_based_markersize10_world_11d_umap.png,world_11d_umap,151,5,10,0.9803265225719276,0.3032152652740478,0.96544197875035,1.0080389976501465,0.9966464203786758,1.412266492843628,0.9678789032997132,1.0053813457489014,0.9561269122973978,0.9895293712615968,0.9032827059355562,1.016711950302124,0.878350898610579,1.007838010787964,0.8490277767206318,1.4185795783996582,0.8877292093340512,0.9851980209350586,0.8832077639842875,1.0012900829315186,0.837466270022467,1.0186545848846436,0.805672394258043,1.0313456058502195,0.739496923453681,1.4285273551940918,0.8198386721500863,1.0514576435089111,0.8206228512204681,1.0471529960632324,0.9867549668874172,0.1003949642181396,58,0.833904504776001,0.0,0.8514218330383301,0.0292436128651725,0.0160207748413085,9.68716727661636,0.0022919178009033,0.020419923228440006,1.4346401691436768,0.5231788079470199,0.0009906291961669,0,0,9,['three_order'],['intersecting']
figure_category_based_markersize60_world_11d_umap.png,world_11d_umap,151,5,60,0.6701821615613441,1.029407262802124,0.7054701930964895,1.033161163330078,1.0334923813714474,1.43381667137146,0.6472894480953455,1.0637750625610352,0.6623354599666715,1.0544054508209229,0.5137349506308404,1.0298035144805908,0.5273652291818326,1.0605900287628174,0.6157880579235451,1.476665735244751,0.4965594543502448,0.3506588935852051,0.5066668660427265,1.082223653793335,0.4165058866049201,1.0493416786193848,0.4210625967821173,1.0784549713134766,0.4385430757181395,1.440239667892456,0.4027692538562999,1.0355987548828125,0.4102466609721162,1.0660600662231443,0.9867549668874172,0.1118936538696289,1709,0.8639841079711914,0.0,0.8661725521087646,0.0292436128651725,0.016167402267456,9.68716727661636,0.0021870136260986,0.036895732407750646,2.4127678871154785,0.5231788079470199,0.000946044921875,0,0,384,['three_order'],['intersecting']
figure_category_based_markersize110_world_11d_umap.png,world_11d_umap,151,5,110,0.5196942943354824,0.3442273139953613,0.5705065873549457,1.0993273258209229,1.001154903515082,1.498192548751831,0.4940288019436859,1.1224818229675293,0.5183808199122021,1.0832338333129885,0.3603614147349758,0.339879035949707,0.3779667567165741,1.108991622924805,0.4612094844978561,1.5131430625915527,0.3438249383230448,1.105295181274414,0.3574358630303075,1.1269519329071045,0.2758030581469576,0.3642857074737549,0.2825942425299164,1.0900990962982178,0.2996184805113638,1.4966120719909668,0.2636616108394731,1.1227076053619385,0.2727526351467141,1.1108343601226809,0.9867549668874172,0.1147627830505371,5498,0.91406512260437,0.0,0.9088449478149414,0.0292436128651725,0.0165948867797851,9.68716727661636,0.002270221710205,0.04867696317488756,1.7613987922668457,0.5231788079470199,0.0010185241699218,0,0,1229,['three_order'],['intersecting']
figure_category_based_markersize160_world_11d_umap.png,world_11d_umap,151,5,160,0.4471120751027809,1.1108009815216064,0.4976563079469825,1.1410605907440186,0.9232362913581672,1.565072536468506,0.4176139514464465,1.1670706272125244,0.4411462170821367,1.1535577774047852,0.2981450584307017,0.3540866374969482,0.313448670323355,1.133145809173584,0.3876040283809,1.5415356159210205,0.2812529343853942,1.141416311264038,0.2932623524188513,0.3625967502593994,0.2236351812972821,1.137826919555664,0.2287695500214072,1.138669729232788,0.2452929049806583,1.6954002380371094,0.2120224847000532,1.1534676551818848,0.2196349242449978,1.19297194480896,0.9801324503311258,0.1329860687255859,9665,0.9267194271087646,0.0,0.9989414215087892,0.0292436128651725,0.0168943405151367,9.68716727661636,0.0023982524871826,0.056886238240813465,2.122361898422241,0.5231788079470199,0.0011188983917236,0,0,2500,['three_order'],['intersecting']
figure_ascending_markersize10_world_11d_umap.png,world_11d_umap,151,5,10,0.9803311721438688,1.1242010593414309,0.9654429365324836,1.113182783126831,0.9569959524391712,1.5440959930419922,0.9678802039324784,1.1224822998046875,0.9603007812107806,0.3020775318145752,0.9042883904299368,1.111868381500244,0.878441419652465,1.1351816654205322,0.8140668498452882,1.5513789653778076,0.8878535901971887,1.121110916137695,0.8868846844634218,0.3129560947418213,0.8391934451893968,1.1334917545318604,0.8058240613185459,1.161869764328003,0.7082834205403525,0.7116267681121826,0.8200499314001837,1.130842685699463,0.8238968265821327,1.13673734664917,0.9867549668874172,0.9508545398712158,58,0.1037805080413818,0.0,0.9559576511383056,0.0292436128651725,0.0162887573242187,9.68716727661636,0.002183198928833,0.02041992322844001,2.031183242797852,0.5231788079470199,0.0009765625,0,0,0,['three_order'],['intersecting']
figure_ascending_markersize60_world_11d_umap.png,world_11d_umap,151,5,60,0.714986062714851,0.332327127456665,0.7486774409593437,1.175894260406494,0.8249790727559285,1.5597939491271973,0.6708147205429714,1.1579546928405762,0.687085660865757,0.3342142105102539,0.5458587795649259,1.1791913509368896,0.5529410350677377,1.1939594745635986,0.5229039545821217,1.6087605953216553,0.5112481211995245,1.1903190612792969,0.5257123508263839,0.3227250576019287,0.4414382176503821,1.1509497165679932,0.4383401201880712,1.1933398246765137,0.3827542837454082,1.6764461994171145,0.4130063590513902,0.3794741630554199,0.4257240837556379,1.1772758960723877,0.9867549668874172,1.0083448886871338,1709,0.107645034790039,0.0,0.9749031066894532,0.0292436128651725,0.014941930770874,9.68716727661636,0.0021231174468994,0.036895732407750646,1.3704009056091309,0.5231788079470199,0.0009269714355468,0,0,0,['three_order'],['intersecting']
figure_ascending_markersize110_world_11d_umap.png,world_11d_umap,151,5,110,0.5719442659712335,1.2050883769989014,0.6141521068555953,1.2499761581420898,0.7044054423775771,1.6574618816375732,0.5213516030283125,1.2071826457977295,0.5442897418212485,0.3228795528411865,0.3937882012990598,1.207874774932861,0.3991857677332717,1.2131810188293457,0.3676115186443869,0.7553181648254395,0.3569710773007919,1.1956639289855957,0.3711441392172454,1.2049551010131836,0.3002597046543518,0.327672004699707,0.2956884887429978,1.1715099811553955,0.2487012217276402,1.600933313369751,0.2713996261531098,1.2327678203582764,0.2815723385845425,0.3368983268737793,0.9867549668874172,1.0092413425445557,5498,1.0448510646820068,0.0,0.1056520938873291,0.0292436128651725,0.0151636600494384,9.68716727661636,0.0020780563354492,0.04867696317488756,2.4069011211395264,0.5231788079470199,0.0008902549743652,0,0,0,['three_order'],['intersecting']
figure_ascending_markersize160_world_11d_umap.png,world_11d_umap,151,5,160,0.5021754402642546,1.247751235961914,0.5347136455209001,0.3356914520263672,0.6074878070126508,1.673391580581665,0.4463004374008325,1.2585105895996094,0.4661460437415157,0.3426513671875,0.3330171846141402,1.2209460735321045,0.3312768101771897,1.2570409774780271,0.2963691095810573,1.6782517433166504,0.293854121838517,0.3529691696166992,0.3050032163735217,1.283416986465454,0.24910570155636,1.2783632278442385,0.2399757711176944,0.3506715297698974,0.1959931913987634,1.6602041721343994,0.2190362159953849,1.263634443283081,0.2266516260514468,0.3570923805236816,0.9801324503311258,1.0644116401672363,9665,1.046750545501709,0.0,0.1072986125946044,0.0292436128651725,0.0160853862762451,9.68716727661636,0.0020341873168945,0.05688623824081344,2.6855719089508057,0.5231788079470199,0.0008513927459716,0,0,0,['three_order'],['intersecting']
figure_descending_markersize10_world_11d_umap.png,world_11d_umap,151,5,10,0.961253074914888,0.3015899658203125,0.9539471804528116,1.237166166305542,0.9966466282848462,1.6564648151397705,0.9632751169447188,0.3189830780029297,0.9561250837662048,1.2260730266571045,0.8865359255083352,1.21573805809021,0.8686394288907096,0.3039889335632324,0.8492600113023852,1.6384057998657229,0.8833895069839522,1.2628836631774902,0.8830462692616811,1.2934610843658447,0.8225964071270323,0.308152437210083,0.7973367347065348,1.2370927333831787,0.7398492397866512,0.7154486179351807,0.8157392324115009,1.261213302612305,0.8203454044294425,1.2741265296936035,0.9867549668874172,1.081745147705078,58,0.1029882431030273,0.0,1.0494003295898438,0.0292436128651725,0.0158443450927734,9.68716727661636,0.0022289752960205,0.02041992322844001,1.1648616790771484,0.5231788079470199,0.000809907913208,0,0,9,['three_order'],['intersecting']
figure_descending_markersize60_world_11d_umap.png,world_11d_umap,151,5,60,0.6215988049151913,1.2567932605743408,0.6623430584805343,1.2847039699554443,1.115768744028654,0.7268691062927246,0.6271537498348657,1.284057855606079,0.6549371203859755,0.3241519927978515,0.4859826528085789,1.2956383228302002,0.5066410042529987,1.2777066230773926,0.6520587202293981,1.6919469833374023,0.4883516735687896,0.3575687408447265,0.5017865380472852,1.2644896507263184,0.398943831462943,0.3110346794128418,0.4102098369583851,0.3184456825256347,0.4606245769949859,1.680119276046753,0.3998554131716173,1.3110480308532717,0.4066868350663553,0.3240444660186767,0.9867549668874172,1.0751333236694336,1709,0.1090130805969238,0.0,1.0784251689910889,0.0292436128651725,0.0160601139068603,9.68716727661636,0.0022263526916503,0.036895732407750646,2.3277554512023926,0.5231788079470199,0.0008869171142578,0,0,496,['three_order'],['intersecting']
figure_descending_markersize110_world_11d_umap.png,world_11d_umap,151,5,110,0.4619678299718247,0.7088916301727295,0.5195368513938949,0.6308822631835938,1.1890734267419512,1.1073341369628906,0.4658183817296371,0.63637375831604,0.5027193536699357,0.5620248317718506,0.3250536834464926,0.5946109294891357,0.3533327669142788,0.607856273651123,0.5150150676727248,1.0179905891418457,0.3298167831433161,0.6727731227874756,0.3476004955119106,0.6306171417236328,0.2507411320748595,0.5585024356842041,0.2676949611927448,0.6481978893280029,0.3286888968376037,1.1002531051635742,0.2552835153635761,0.633638858795166,0.2656359775050573,0.6349141597747803,0.9867549668874172,0.3824555873870849,5498,0.2408084869384765,0.0,0.5000064373016357,0.0292436128651725,0.0163912773132324,9.68716727661636,0.0025074481964111,0.04867696317488756,1.6342971324920654,0.5231788079470199,0.0008432865142822,0,0,1794,['three_order'],['intersecting']
figure_descending_markersize160_world_11d_umap.png,world_11d_umap,151,5,160,0.3866549929318358,0.6586401462554932,0.44343228984072,0.7478423118591309,1.1516832504489194,1.0756728649139404,0.388361790655874,0.6183764934539795,0.4241483158268777,0.6443395614624023,0.2618524554666731,0.6703677177429199,0.2886013222953671,0.7057549953460693,0.4404196672105476,1.1029441356658936,0.2668609597472929,0.5278832912445068,0.2832402801279149,0.7510275840759277,0.1979569236942615,0.6556365489959717,0.2139110895020436,0.6836378574371338,0.2722696883897396,1.140960931777954,0.2032676956502557,0.580773115158081,0.2126086848969592,0.8529987335205078,0.9801324503311258,0.430194616317749,9665,0.4274914264678955,0.0,0.268606424331665,0.0292436128651725,0.0154485702514648,9.68716727661636,0.0022444725036621,0.05688623824081346,2.0062785148620605,0.5231788079470199,0.0007972717285156,0,0,3723,['three_order'],['intersecting']
figure_category_based_markersize10_breast-cancer-wisconsin_tsne.png,breast-cancer-wisconsin_tsne,454,2,10,0.9858304928970564,0.7292873859405518,0.9884313804880044,0.8943181037902832,0.9976197014150484,0.7969098091125488,0.986388156842938,0.7424125671386719,0.9886399576251058,0.738741397857666,0.9398245937389164,0.7666950225830078,0.945728187554056,0.757317304611206,0.961812968640266,0.9585452079772948,0.9373015634983618,0.6273572444915771,0.9440292215856672,0.7762012481689453,0.8979211720154661,0.6362712383270264,0.9065619969353388,0.7711455821990967,0.9284875389744176,0.911778211593628,0.8928688618024995,0.7654914855957031,0.9032706344626203,0.8147854804992676,1.0,0.5028393268585205,69,0.4839417934417724,0.0,0.289766788482666,0.0305073330797609,0.05257248878479,10.195581292358291,0.0048255920410156,0.007761383652242613,12.168935537338257,0.0572687224669603,0.0016236305236816,0,0,6,['cluster'],['touching']
figure_category_based_markersize60_breast-cancer-wisconsin_tsne.png,breast-cancer-wisconsin_tsne,454,2,60,0.9135855838840202,0.6723394393920898,0.9298499435876608,0.8423757553100586,0.984902605838509,0.9962046146392822,0.9211824223566788,0.686115026473999,0.9316665670115714,0.8661055564880371,0.6523918589298778,0.7043533325195312,0.6595392848248328,0.8608920574188232,0.6721438013674075,1.070652961730957,0.6494841571798222,0.742835521697998,0.6569044003276262,0.9023799896240234,0.5073427773860603,0.7470462322235107,0.5109920835487654,0.9354860782623292,0.5101455404357083,1.1182386875152588,0.5015534205941916,0.7417652606964111,0.5072954998620752,0.734673261642456,1.0,0.378835916519165,3938,0.5339953899383545,0.0,0.5542275905609131,0.0305073330797609,0.048630952835083,10.195581292358291,0.0049028396606445,0.017762665663487786,13.508939266204834,0.0572687224669603,0.001476764678955,0,0,171,['cluster'],['touching']
figure_category_based_markersize110_breast-cancer-wisconsin_tsne.png,breast-cancer-wisconsin_tsne,454,2,110,0.7979652837319544,1.016434669494629,0.8299331878242783,0.8012411594390869,0.966411827684462,0.9807143211364746,0.8204484087704107,0.8244309425354004,0.8394665418481762,0.8050410747528076,0.4445095276021512,1.0471105575561523,0.4505851847599122,0.8182649612426758,0.4628368046211885,1.2137715816497805,0.4465384558841379,0.8522021770477295,0.4509247548153999,0.8466405868530273,0.3080568784440358,0.850085973739624,0.3092379188494494,0.8372139930725098,0.3042822879987492,1.035252332687378,0.3067435849628638,0.8513345718383789,0.3082521801000918,0.8424127101898193,1.0,0.4491081237792969,15929,0.6038079261779785,0.0,0.3688457012176513,0.0305073330797609,0.0608711242675781,10.195581292358291,0.0056586265563964,-,15.0,0.0572687224669603,0.0014247894287109,0,0,683,['cluster'],['touching']
figure_category_based_markersize160_breast-cancer-wisconsin_tsne.png,breast-cancer-wisconsin_tsne,454,2,160,0.7233472213767869,0.8903400897979736,0.763923785679282,0.8740661144256592,0.9528880234654646,1.0865943431854248,0.7524425314997132,0.9062118530273438,0.7766186684592642,0.904149293899536,0.3476652846240882,0.898097038269043,0.3512804459602406,0.89103102684021,0.3580336863562025,1.0959289073944092,0.3504752350568824,0.9682407379150392,0.3525573615416321,0.9220304489135742,0.2288226074274736,1.2021214962005615,0.2280800494253154,0.6852107048034668,0.2204281671268102,1.3592643737792969,0.2284392134500136,0.6691899299621582,0.2280396394468228,1.202610731124878,0.9911894273127754,0.5198321342468262,31663,0.4382050037384033,0.0,0.6874585151672363,0.0305073330797609,0.0528416633605957,10.195581292358291,0.0051491260528564,-,15.0,0.0572687224669603,0.0017013549804687,0,0,1389,['cluster'],['touching']
figure_ascending_markersize10_breast-cancer-wisconsin_tsne.png,breast-cancer-wisconsin_tsne,454,2,10,0.9894113779230648,0.8546650409698486,0.9917142627133112,0.8367841243743896,0.9935791914274616,1.04669451713562,0.9909173320708464,1.1428802013397217,0.9914718628240964,0.5917544364929199,0.9434000795841404,0.862678050994873,0.9489926377002946,0.8616893291473389,0.956816207837605,1.0655231475830078,0.9417244328303208,0.8873560428619385,0.9467808899409728,0.8981478214263916,0.9014780090038286,0.6100664138793945,0.9097997712414004,0.8922863006591797,0.9226766575016676,1.3657190799713137,0.8971847737230787,0.6167511940002441,0.9059450699130024,0.9033212661743164,1.0,0.8042237758636475,69,0.4380607604980469,0.0,0.4534406661987304,0.0305073330797609,0.046722412109375,10.195581292358291,0.0045619010925292,0.007761383652242614,9.743875980377195,0.0572687224669603,0.0011653900146484,0,0,0,['cluster'],['touching']
figure_ascending_markersize60_breast-cancer-wisconsin_tsne.png,breast-cancer-wisconsin_tsne,454,2,60,0.9418095716445064,0.9597368240356444,0.9479731420623732,0.6475889682769775,0.9573274516340886,1.1141786575317385,0.9457954577278368,0.9390637874603271,0.947496673839149,0.9482822418212892,0.6706237090649195,0.9614217281341552,0.670278526730849,0.9669818878173828,0.6521047176002721,1.1653313636779783,0.665187344042969,0.9888997077941896,0.6664268198220806,0.6662347316741943,0.5206943161934412,0.9758625030517578,0.5184162161473762,0.9925711154937744,0.4944577685587885,1.174567699432373,0.5129886957269546,1.0263347625732422,0.5139625578441006,0.6615097522735596,1.0,0.5293018817901611,3938,0.8339521884918213,0.0,0.4745652675628662,0.0305073330797609,0.0524477958679199,10.195581292358291,0.0049536228179931,0.01776266566348779,11.177881002426147,0.0572687224669603,0.0013389587402343,0,0,0,['cluster'],['touching']
figure_ascending_markersize110_breast-cancer-wisconsin_tsne.png,breast-cancer-wisconsin_tsne,454,2,110,0.8628277793940087,1.0651321411132812,0.873630669598426,0.7154855728149414,0.8971775647271322,1.2364513874053955,0.8710013804415644,1.0691499710083008,0.8731116417247666,0.7559008598327637,0.4720275780757985,1.0694949626922607,0.4666598195525777,1.0833933353424072,0.4362983370667521,0.9306046962738036,0.4684332779205095,1.111048698425293,0.4641782470049981,0.7412669658660889,0.324879879254515,1.0994362831115725,0.3183569005475205,0.7322773933410645,0.288233218034931,1.2797446250915527,0.3203641710732644,1.10371732711792,0.3161194964097421,0.7389624118804932,1.0,0.6015427112579346,15929,0.5250568389892578,0.0,0.9195284843444824,0.0305073330797609,0.0514276027679443,10.195581292358291,0.0049428939819335,0.02503191916491615,12.48582363128662,0.0572687224669603,0.0013868808746337,0,0,0,['cluster'],['touching']
figure_ascending_markersize160_breast-cancer-wisconsin_tsne.png,breast-cancer-wisconsin_tsne,454,2,160,0.8102595081546261,1.1393518447875977,0.8232161325698442,1.131155252456665,0.8504327066575442,0.9577958583831788,0.8197343714695263,1.1597657203674316,0.8220043008826132,0.8056797981262207,0.3768324121352626,0.7777361869812012,0.3678758812689842,1.1547622680664062,0.3313808627800551,1.3653712272644043,0.3735291175042449,0.7927019596099854,0.3662218126876064,1.208775520324707,0.2455056152319248,0.8166797161102295,0.2368619515450378,0.7999763488769531,0.2057833540060372,1.3673954010009766,0.2418714528015124,0.8070571422576904,0.2355916555715403,1.208653450012207,0.9911894273127754,0.6584365367889404,31663,0.5600802898406982,0.0,0.9629497528076172,0.0305073330797609,0.0508785247802734,10.195581292358291,0.0042634010314941,0.03033495118770168,14.703279733657835,0.0572687224669603,0.0012383460998535,0,0,0,['cluster'],['touching']
figure_descending_markersize10_breast-cancer-wisconsin_tsne.png,breast-cancer-wisconsin_tsne,454,2,10,0.9858300297010876,0.729273796081543,0.988431103470598,1.1436872482299805,0.9976198985745314,0.9184372425079346,0.9863876922248284,0.7238380908966064,0.9886397581613928,1.1013474464416504,0.9396762978232202,0.7061021327972412,0.9456186185810516,1.146615982055664,0.9622002103814268,0.9114148616790771,0.9371475493718054,1.1398718357086182,0.9439491516603568,0.7463326454162598,0.8976508614584428,0.7451639175415039,0.9063608881318836,0.7385330200195312,0.9292093822780356,1.3487327098846436,0.8925897674713612,0.7340633869171143,0.9031242020251826,1.1590447425842283,1.0,0.5798468589782715,69,0.5680124759674072,0.0,0.5683977603912354,0.0305073330797609,0.0478007793426513,10.195581292358291,0.0040380954742431,0.007761383652242615,9.73859167098999,0.0572687224669603,0.0012023448944091,0,0,6,['cluster'],['touching']
figure_descending_markersize60_breast-cancer-wisconsin_tsne.png,breast-cancer-wisconsin_tsne,454,2,60,0.9036546984623424,0.7767593860626221,0.9250153137633422,1.2179434299468994,0.9987411270915052,0.9639630317687988,0.9154290782725464,0.7742745876312256,0.9285580118281432,1.269301176071167,0.6440444237498657,0.810551643371582,0.6557365419111536,0.77154541015625,0.6854331163906555,1.3888788223266602,0.6438643106535493,0.8036842346191406,0.6540822124822854,0.793095588684082,0.5003105766622036,1.218761920928955,0.5078869186138633,0.7982194423675537,0.5217565588753005,1.487924337387085,0.4965586927634552,0.878248929977417,0.5048513791994009,0.8258416652679443,1.0,0.660266637802124,3938,0.5946805477142334,0.0,0.5958278179168701,0.0305073330797609,0.0469350814819335,10.195581292358291,0.0050055980682373,0.017762665663487786,11.939108848571776,0.0572687224669603,0.0010428428649902,0,0,224,['cluster'],['touching']
figure_descending_markersize110_breast-cancer-wisconsin_tsne.png,breast-cancer-wisconsin_tsne,454,2,110,0.7742284564782601,0.8810853958129883,0.8205290850424,0.8643577098846436,1.0025640024647695,1.0600006580352783,0.8049410893096909,0.8396625518798828,0.8316603908479134,0.8561484813690186,0.4315996677558154,1.2850384712219238,0.4457853146853754,0.8478620052337646,0.4819622435405281,1.0648016929626465,0.4372327345911451,0.8485057353973389,0.446661924108789,1.4342944622039795,0.2991937832870174,0.8595399856567383,0.306022022278671,0.8554437160491943,0.3172327058351486,1.040414333343506,0.3001294167288948,1.339301586151123,0.3053206147842686,0.901559829711914,1.0,0.7371861934661865,15929,0.6733741760253906,0.0,0.1156511306762695,0.0305073330797609,0.0474946498870849,10.195581292358291,0.0051777362823486,0.02503191916491615,13.091801643371582,0.0572687224669603,0.0013599395751953,0,0,1036,['cluster'],['touching']
figure_descending_markersize160_breast-cancer-wisconsin_tsne.png,breast-cancer-wisconsin_tsne,454,2,160,0.6928281063335848,0.9062037467956544,0.7507246165659454,0.8931405544281006,1.010650823611737,1.1300406455993652,0.7321036340704353,1.4199042320251465,0.7661145526991017,0.932774305343628,0.3341259081651824,0.9235708713531494,0.3459574691053682,0.9246063232421876,0.378486890590643,1.1200151443481443,0.3406051951202012,0.9307153224945068,0.3480788841261643,0.891939640045166,0.2201475499469412,1.3909661769866943,0.2247690519551747,0.9219374656677246,0.2328431042862684,1.0993175506591797,0.2219275908421909,0.917534112930298,0.225198031318913,0.916226863861084,0.9911894273127754,0.7976930141448975,31663,0.6847739219665527,0.0,0.6640222072601318,0.0305073330797609,0.0529525279998779,10.195581292358291,0.0050883293151855,0.030334951187701676,14.93493366241455,0.0572687224669603,0.0012705326080322,0,0,2109,['cluster'],['touching']
figure_category_based_markersize10_grid6_4d_pca.png,grid6_4d_pca,1296,16,10,0.0909090909090872,0.8948647975921631,0.0909224994039581,0.883568525314331,0.1162472155903323,2.2202792167663574,0.0909090909090911,0.8975746631622314,0.0909090909090916,0.9057340621948242,0.0625000000000001,1.4209296703338623,0.0625131515378335,0.9180688858032228,0.0715902504466703,2.2548773288726807,0.0625000000000007,0.9200799465179444,0.0625000000000001,0.3658013343811035,0.0476190476190456,0.9308993816375732,0.0476306377003792,0.9166548252105712,0.0517212619328905,2.269655227661133,0.0476190476190475,0.9454147815704346,0.047619047619048,0.90733003616333,0.0,0.7092359066009521,3456,0.7320566177368164,1.0,0.720109224319458,0.0304274515574513,0.1486172676086425,1.567280006872757e-14,0.0118613243103027,-,15.0,0.6890432098765432,0.0145387649536132,0,0,3872,['cluster'],['intersecting']
figure_category_based_markersize60_grid6_4d_pca.png,grid6_4d_pca,1296,16,60,0.0909090909090971,0.4408526420593261,0.0909224994039585,1.575977802276611,0.1162472155903455,2.2946786880493164,0.0909090909090845,1.0175418853759766,0.0909090909090839,1.025362253189087,0.0625000000000041,0.4519572257995605,0.0625131515378339,1.571220636367798,0.0715902504466786,2.4102859497070312,0.0625000000000004,1.0376713275909424,0.0625000000000007,1.0185177326202393,0.047619047619051,0.448122501373291,0.0476306377003794,1.0423433780670166,0.0517212619328988,2.3459949493408203,0.0476190476190443,1.052701473236084,0.0476190476190437,0.4337995052337646,0.0,0.7679998874664307,21600,0.782109260559082,1.0,0.7405807971954346,0.0304274515574513,0.1460609436035156,1.567280006872757e-14,0.0118024349212646,-,15.0,0.6890432098765432,0.0131895542144775,0,0,24200,['cluster'],['intersecting']
figure_category_based_markersize110_grid6_4d_pca.png,grid6_4d_pca,1296,16,110,0.0909090909090846,0.5087182521820068,0.0909224994039701,1.755070686340332,0.1162472155903712,1.846540451049805,0.0909090909090888,1.7660295963287354,0.0909090909091107,0.5178263187408447,0.0625000000000068,1.7418968677520752,0.0625131515378412,0.5333023071289062,0.0715902504466927,3.079841136932373,0.0624999999999861,0.5569021701812744,0.0625000000000249,1.7304911613464355,0.0476190476190441,0.532867431640625,0.0476306377003872,1.7685890197753906,0.0517212619329082,1.8539273738861084,0.0476190476190465,1.765406608581543,0.0476190476190584,0.5332319736480713,0.0,0.8334152698516846,42336,0.8649563789367676,1.0,0.8030638694763184,0.0304274515574513,0.1534256935119629,1.567280006872757e-14,0.0115063190460205,-,15.0,0.6890432098765432,0.0144612789154052,0,0,47432,['cluster'],['intersecting']
figure_category_based_markersize160_grid6_4d_pca.png,grid6_4d_pca,1296,16,160,0.0909090909090915,0.6135389804840088,0.0909224994039454,1.312105655670166,0.1162472155903285,2.733083486557007,0.0909090909090886,0.63667893409729,0.0909090909090788,1.897524356842041,0.0624999999999881,0.6074545383453369,0.0625131515378363,1.2582447528839111,0.0715902504466607,3.2821805477142334,0.0624999999999853,0.5931153297424316,0.062499999999992,1.2281761169433594,0.0476190476190478,1.2340922355651855,0.0476306377003826,1.2567262649536133,0.051721261932891,2.569885015487671,0.0476190476190463,1.2518725395202637,0.047619047619041,1.2268311977386477,0.0,0.9089734554290771,62424,0.9102783203125,1.0,0.8545846939086914,0.0304274515574513,0.1519150733947754,1.567280006872757e-14,0.0119781494140625,-,15.0,0.6890432098765432,0.0135576725006103,0,0,69938,['cluster'],['intersecting']
figure_ascending_markersize10_grid6_4d_pca.png,grid6_4d_pca,1296,16,10,0.0909090909090872,0.3744707107543945,0.0911661167301572,1.0756793022155762,0.0633265063342808,1.7255043983459473,0.0909090909090913,1.1195318698883057,0.0909090909090917,1.0419142246246338,0.0625000000000001,1.0693871974945068,0.062671778994535,1.0519263744354248,0.0469336220388227,2.3992624282836914,0.0625000000000006,1.0718376636505127,0.0625000000000001,1.0850870609283447,0.0476190476190456,1.1104366779327393,0.0477485649855887,0.378957986831665,0.0372825518340521,2.349426031112671,0.0476190476190476,1.1104190349578855,0.047619047619048,1.0541162490844729,0.0,0.873673677444458,3456,0.8914568424224854,1.0,0.8830509185791016,0.0304274515574513,0.1493048667907714,1.567280006872757e-14,0.0120527744293212,-,15.0,0.6882716049382716,0.0129940509796142,0,0,0,['cluster'],['intersecting']
figure_ascending_markersize60_grid6_4d_pca.png,grid6_4d_pca,1296,16,60,0.0909090909090971,1.1721186637878418,0.0911661167301609,1.1377251148223877,0.0633265063342837,2.478419542312622,0.0909090909090852,1.1906883716583252,0.0909090909090839,1.161818265914917,0.0625000000000041,1.1821119785308838,0.0626717789945361,1.1851446628570557,0.0469336220388232,1.7714509963989258,0.062500000000001,1.1963067054748535,0.0625000000000007,1.1745967864990234,0.047619047619051,1.1888506412506104,0.0477485649855909,1.2105748653411863,0.0372825518340542,2.512333393096924,0.047619047619045,1.20801043510437,0.0476190476190439,0.4324738979339599,0.0,0.9447910785675048,21600,0.9543302059173584,1.0,0.1433041095733642,0.0304274515574513,0.1514961719512939,1.567280006872757e-14,0.0116691589355468,-,15.0,0.6882716049382716,0.013263463973999,0,0,0,['cluster'],['intersecting']
figure_ascending_markersize110_grid6_4d_pca.png,grid6_4d_pca,1296,16,110,0.0909090909090846,1.334148406982422,0.0911661167301459,0.5133183002471924,0.0633265063342951,2.5815770626068115,0.0909090909090888,1.266972303390503,0.0909090909091107,1.2835321426391602,0.0625000000000068,1.2768394947052002,0.0626717789945274,0.5233712196350098,0.0469336220388338,2.6155097484588623,0.0624999999999862,1.2858054637908936,0.0625000000000249,1.2470064163208008,0.0476190476190441,1.2736668586730957,0.0477485649855852,1.300562620162964,0.0372825518340627,1.8269469738006592,0.047619047619046,1.2956209182739258,0.0476190476190584,1.2821555137634275,0.0,0.9655404090881348,42336,0.1900396347045898,1.0,0.9523215293884276,0.0304274515574513,0.1459386348724365,1.567280006872757e-14,0.0094287395477294,-,15.0,0.6882716049382716,0.0137155055999755,0,0,0,['cluster'],['intersecting']
figure_ascending_markersize160_grid6_4d_pca.png,grid6_4d_pca,1296,16,160,0.0909090909090915,1.3372349739074707,0.091166116730147,1.3522977828979492,0.0633265063343018,1.9028880596160889,0.0909090909090891,1.364326000213623,0.0909090909090788,1.33308744430542,0.0624999999999881,1.3865134716033936,0.062671778994532,1.4091830253601074,0.0469336220388271,1.8733532428741453,0.0624999999999853,1.3750293254852295,0.062499999999992,1.397071123123169,0.0476190476190478,1.4059233665466309,0.0477485649855899,0.5883584022521973,0.0372825518340618,2.677802562713623,0.0476190476190465,1.4382686614990234,0.047619047619041,1.399054765701294,0.0,0.1931378841400146,62424,1.0591483116149902,1.0,0.97145414352417,0.0304274515574513,0.1452507972717285,1.567280006872757e-14,0.0131256580352783,-,15.0,0.6882716049382716,0.0133309364318847,0,0,0,['cluster'],['intersecting']
figure_descending_markersize10_grid6_4d_pca.png,grid6_4d_pca,1296,16,10,0.0909090909090871,0.3694634437561035,0.0906571085828431,1.2113959789276123,0.1258296892462381,1.6812527179718018,0.090909090909091,1.1824796199798584,0.0909090909090916,1.1684908866882324,0.0625000000000001,1.2125144004821775,0.0623307271906331,0.3709120750427246,0.0782589965324146,2.5458216667175293,0.0625000000000005,1.2193946838378906,0.0625000000000001,1.192385196685791,0.0476190476190456,0.3702704906463623,0.0474902651948729,1.232790231704712,0.0567894090144758,2.578047037124634,0.0476190476190477,0.3694472312927246,0.047619047619048,1.1914615631103516,0.0,1.0326695442199707,3456,0.1447629928588867,1.0,1.0370724201202393,0.0304274515574513,0.1523394584655761,1.567280006872757e-14,0.0125927925109863,-,15.0,0.6921296296296297,0.0138959884643554,0,0,7664,['cluster'],['intersecting']
figure_descending_markersize60_grid6_4d_pca.png,grid6_4d_pca,1296,16,60,0.0909090909090971,0.4328114986419678,0.0906571085828381,1.2839405536651611,0.1258296892462538,2.5739634037017822,0.0909090909090829,0.4380135536193847,0.0909090909090839,1.2690978050231934,0.0625000000000041,1.2840642929077148,0.0623307271906323,1.3365726470947266,0.0782589965324244,1.736271858215332,0.0625000000000002,1.259962558746338,0.0625000000000007,1.2600388526916504,0.047619047619051,1.2996275424957275,0.0474902651948719,0.4356968402862549,0.0567894090144852,2.5927844047546387,0.0476190476190435,1.3860061168670654,0.0476190476190437,0.4386932849884033,0.0,1.0816221237182615,21600,0.164553165435791,1.0,1.0627267360687256,0.0304274515574513,0.1505799293518066,1.567280006872757e-14,0.0121667385101318,-,15.0,0.6921296296296297,0.0126087665557861,0,0,47900,['cluster'],['intersecting']
figure_descending_markersize110_grid6_4d_pca.png,grid6_4d_pca,1296,16,110,0.0909090909090846,1.417715072631836,0.0906571085828582,0.5179793834686279,0.1258296892462682,2.6770224571228027,0.0909090909090887,1.4001586437225342,0.0909090909091107,0.4982888698577881,0.0625000000000068,1.375866174697876,0.0623307271906239,1.4068071842193604,0.078258996532432,2.7009212970733643,0.062499999999986,0.521162748336792,0.0625000000000249,1.411785364151001,0.0476190476190441,1.434376239776611,0.0474902651948714,0.5160706043243408,0.0567894090144902,2.682931900024414,0.0476190476190464,1.42630934715271,0.0476190476190584,0.4832212924957275,0.0,1.1186845302581787,42336,0.1845929622650146,1.0,1.0869812965393066,0.0304274515574513,0.1515395641326904,1.567280006872757e-14,0.0114259719848632,-,15.0,0.6921296296296297,0.0139191150665283,0,0,93884,['cluster'],['intersecting']
figure_descending_markersize160_grid6_4d_pca.png,grid6_4d_pca,1296,16,160,0.0909090909090915,0.561011552810669,0.0906571085828396,1.5140273571014404,0.1258296892462347,1.875640153884888,0.0909090909090887,1.5106782913208008,0.0909090909090788,1.5758287906646729,0.0624999999999881,0.5855493545532227,0.0623307271906343,1.5604188442230225,0.0782589965324063,2.809826612472534,0.0624999999999853,0.5851545333862305,0.062499999999992,1.5236048698425293,0.0476190476190478,0.5809118747711182,0.0474902651948604,1.5493474006652832,0.0567894090144753,2.839601993560791,0.0476190476190463,0.5874226093292236,0.047619047619041,1.5011942386627195,0.0,1.1856317520141602,62424,0.2035107612609863,1.0,1.1186928749084473,0.0304274515574513,0.1464262008666992,1.567280006872757e-14,0.0115141868591308,-,15.0,0.6921296296296297,0.0133674144744873,0,0,138431,['cluster'],['intersecting']
figure_category_based_markersize10_n500-d5-c5-spr0.1-out0_umap.png,n500-d5-c5-spr0.1-out0_umap,500,5,10,0.8056925159995968,0.3176264762878418,0.8568024051167822,0.3299534320831299,0.9195517386517278,1.7064025402069092,0.7542451414953466,1.290907382965088,0.7905917153891312,0.3211867809295654,0.7021778497671936,1.2589044570922852,0.7269609740467505,1.316943883895874,0.7263553452418521,0.7306628227233887,0.6724334994922414,1.2700161933898926,0.6899162766999993,1.322406768798828,0.6222337983178827,0.3315322399139404,0.6312935713423538,1.2830445766448977,0.6002448365010097,1.700000286102295,0.6066330780170933,0.3202798366546631,0.6119849589152926,1.3214192390441897,0.988,0.1268291473388672,455,1.112375020980835,0.0,0.111948013305664,0.0300404628649151,0.0562288761138916,6.004344538208745,0.0046558380126953,0.01620606009734843,14.748125076293944,0.176,0.0030875205993652,0,0,101,['cluster'],"['intersecting','separated']"
figure_category_based_markersize60_n500-d5-c5-spr0.1-out0_umap.png,n500-d5-c5-spr0.1-out0_umap,500,5,60,0.4698732640165164,1.4027040004730225,0.5503467715524285,0.3380632400512695,0.691051900825146,1.7400016784667969,0.3982524948088757,0.3556065559387207,0.4435265813015014,1.3403186798095703,0.3069510329228708,1.3564772605895996,0.3355135431685142,0.3434498310089111,0.3434180202516131,1.7479774951934814,0.2838808622107949,1.3423519134521484,0.3014354809573878,0.3468086719512939,0.2279221088759496,1.357511043548584,0.2413141944513305,0.3472461700439453,0.2284807204667017,1.7453281879425049,0.2205441678600364,1.3644132614135742,0.228296809577737,0.3431692123413086,0.956,1.1992125511169434,11299,0.1243352890014648,0.0,1.1528339385986328,0.0300404628649151,0.056314468383789,6.004344538208745,0.0052151679992675,-,15.0,0.176,0.0027096271514892,1,0,2210,['cluster'],"['intersecting','separated']"
figure_category_based_markersize110_n500-d5-c5-spr0.1-out0_umap.png,n500-d5-c5-spr0.1-out0_umap,500,5,110,0.3363840591991659,1.3845491409301758,0.4080375502315483,1.3807005882263184,0.5458973442348467,0.8017356395721436,0.2748785427690241,1.3691010475158691,0.3120000938857805,0.3785507678985595,0.212578810689484,1.4033472537994385,0.235877870283388,1.39030122756958,0.2437496068034043,0.7957534790039062,0.1911510647445391,1.473724126815796,0.2047314779229407,0.3772327899932861,0.1553884934777831,1.381138563156128,0.1658867421936086,1.434178113937378,0.1569047045834181,0.7977213859558105,0.1465210372359656,1.4023818969726562,0.152351556013791,0.3684470653533935,0.894,1.2232027053833008,26913,0.135406494140625,0.0,1.1868999004364014,0.0300404628649151,0.0533947944641113,6.004344538208745,0.0048258304595947,-,15.0,0.176,0.0029468536376953,1,0,6542,['cluster'],"['intersecting','separated']"
figure_category_based_markersize160_n500-d5-c5-spr0.1-out0_umap.png,n500-d5-c5-spr0.1-out0_umap,500,5,160,0.2745440248502586,0.7634403705596924,0.3391115271997017,0.674492597579956,0.4638454832354172,1.1780271530151367,0.2202190840803458,0.701507568359375,0.2521217355723584,0.6475696563720703,0.1733400137623882,0.6304111480712891,0.1941179408477086,0.7458033561706543,0.1998099785373345,1.1803243160247805,0.1531096517011005,0.6987190246582031,0.164596461139205,0.6597678661346436,0.1266525982686952,0.7601244449615479,0.1359779715912972,0.6828744411468506,0.1273298212019935,1.239875316619873,0.1173488370626697,0.7635741233825684,0.1221808060398118,0.7870802879333496,0.82,0.4271557331085205,40573,0.2668330669403076,0.0,0.3570089340209961,0.0300404628649151,0.0582962036132812,6.004344538208745,0.0054633617401123,-,15.0,0.176,0.0029423236846923,3,0,11531,['cluster'],"['intersecting','separated']"
figure_ascending_markersize10_n500-d5-c5-spr0.1-out0_umap.png,n500-d5-c5-spr0.1-out0_umap,500,5,10,0.8706962605086324,0.5393664836883545,0.8727506883728536,0.698918342590332,0.8420560091957411,1.078918218612671,0.8815003643370389,0.6886205673217773,0.87272538353767,0.6464393138885498,0.7519045633031888,0.6482443809509277,0.7375970537424936,0.6872680187225342,0.6727609758010977,0.9803674221038818,0.7722734458561624,0.6549112796783447,0.7511657150182312,0.6797802448272705,0.6616356332824016,0.6843135356903076,0.6386899249300049,0.8320310115814209,0.5601442017350537,1.1239471435546875,0.6871308943403176,0.597083568572998,0.6593294200524502,0.7162642478942871,0.988,0.4652090072631836,455,0.4236438274383545,0.0,0.4411549568176269,0.0300404628649151,0.0566451549530029,6.004344538208744,0.0052530765533447,0.01620606009734843,11.681619882583618,0.176,0.0026094913482666,0,0,0,['cluster'],"['intersecting','separated']"
figure_ascending_markersize60_n500-d5-c5-spr0.1-out0_umap.png,n500-d5-c5-spr0.1-out0_umap,500,5,60,0.596681670340174,0.9312665462493896,0.5875999769020346,0.6448886394500732,0.5134272476131918,1.2009482383728027,0.6038556416955458,0.7512664794921875,0.5824464722860361,0.921097993850708,0.3709473736287881,0.6432738304138184,0.3554180048142933,0.7932078838348389,0.2855266479418684,1.2202436923980713,0.3908754553321112,0.8271510601043701,0.3698217185006031,0.7998132705688477,0.2691308381312669,0.8403186798095703,0.2547550744155944,0.8497679233551025,0.1977494323328067,1.1099491119384766,0.2889593487390093,0.8844318389892578,0.2709208285397992,0.8616504669189453,0.956,0.358466625213623,11299,0.5152242183685303,0.0,0.5411207675933838,0.0300404628649151,0.0567798614501953,6.004344538208744,0.0052077770233154,0.03155448963422794,13.282590866088867,0.176,0.0030219554901123,0,0,0,['cluster'],"['intersecting','separated']"
figure_ascending_markersize110_n500-d5-c5-spr0.1-out0_umap.png,n500-d5-c5-spr0.1-out0_umap,500,5,110,0.4684178374594751,0.904484748840332,0.450953483247816,0.7598869800567627,0.3555331045092005,1.1676771640777588,0.4762554490755085,0.9084804058074952,0.4472798903469245,0.7374703884124756,0.2781016707332533,0.9415726661682128,0.2597067204356248,0.7505793571472168,0.1906065016096453,1.3544683456420898,0.2932856726688415,0.955458164215088,0.2702526108955009,0.7639191150665283,0.1977547574149813,0.9823474884033204,0.1823662493464084,0.995614528656006,0.130205893544213,1.1949329376220703,0.2118834267031444,0.8005175590515137,0.1936203266836601,0.7873215675354004,0.894,0.6252772808074951,26913,0.3599951267242431,0.0,0.5493416786193848,0.0300404628649151,0.0553092956542968,6.004344538208744,0.0056869983673095,-,15.0,0.176,0.0027220249176025,0,0,0,['cluster'],"['intersecting','separated']"
figure_ascending_markersize160_n500-d5-c5-spr0.1-out0_umap.png,n500-d5-c5-spr0.1-out0_umap,500,5,160,0.4020652679256097,0.6236240863800049,0.3825173696767497,0.8408124446868896,0.2771612300175002,1.4634013175964355,0.4122475810222767,0.8462934494018555,0.3806314843663524,1.075636625289917,0.2388490764735359,0.8390896320343018,0.2195514065005981,1.059359788894653,0.1488983652650874,1.0640411376953125,0.2524343554020692,1.0597455501556396,0.2286531228208896,0.8464725017547607,0.1698851365686746,1.0865235328674316,0.153959289799393,0.6318929195404053,0.1017918140456909,1.518247365951538,0.1819132707101495,0.8710517883300781,0.1634077518700812,0.9027831554412842,0.82,0.6882398128509521,40573,0.4082236289978027,0.0,0.3789544105529785,0.0300404628649151,0.0563421249389648,6.004344538208744,0.0050780773162841,-,15.0,0.176,0.0032651424407958,0,0,0,['cluster'],"['intersecting','separated']"
figure_descending_markersize10_n500-d5-c5-spr0.1-out0_umap.png,n500-d5-c5-spr0.1-out0_umap,500,5,10,0.7916267979526754,1.0624291896820068,0.8411771682885087,0.56475830078125,0.953026931018327,1.472744703292847,0.7362652642762497,0.8663239479064941,0.7800812061205256,0.818446159362793,0.6903535935448024,0.8308429718017578,0.7152551864111354,0.5676724910736084,0.7488554862762548,1.5210347175598145,0.6572267350661813,0.5717015266418457,0.6814471475263799,1.0870845317840576,0.6120533131013699,0.5721378326416016,0.6221247658068858,0.8222255706787109,0.6167304248013086,1.5148792266845703,0.5935127735806849,0.5999224185943604,0.6049560467375994,0.8561089038848877,0.988,0.450272798538208,455,0.7120230197906494,0.0,0.4115457534790039,0.0300404628649151,0.0570449829101562,6.004344538208744,0.0046398639678955,0.016206060097348426,11.713846683502195,0.176,0.002763032913208,0,0,119,['cluster'],"['intersecting','separated']"
figure_descending_markersize60_n500-d5-c5-spr0.1-out0_umap.png,n500-d5-c5-spr0.1-out0_umap,500,5,60,0.4016045248942493,0.88224196434021,0.4703054487849413,0.8919172286987305,0.8871512235466572,1.0468909740447998,0.3438282082993802,0.8881535530090332,0.4067463480437994,1.1743736267089844,0.2704446248187703,0.634331464767456,0.2989607016870651,0.9122252464294434,0.399934595054632,1.3189976215362549,0.2507288333138913,0.9046006202697754,0.2810573047936264,0.9167983531951904,0.2038645599632803,0.9353783130645752,0.2191269446782402,0.9603378772735596,0.2581568426641071,1.0646693706512451,0.1973041959932788,0.9301309585571288,0.2147096796815368,0.940788984298706,0.956,0.8134753704071045,11299,0.4586622714996338,0.0,0.4361581802368164,0.0300404628649151,0.0561525821685791,6.004344538208744,0.0051393508911132,0.031554489634227925,13.682402849197388,0.176,0.0026214122772216,1,0,2958,['cluster'],"['intersecting','separated']"
figure_descending_markersize110_n500-d5-c5-spr0.1-out0_umap.png,n500-d5-c5-spr0.1-out0_umap,500,5,110,0.2678702255620737,0.6840856075286865,0.3290418679903333,0.7056915760040283,0.8157191822012987,1.411177635192871,0.2232558614407603,0.6999757289886475,0.2772467950590255,1.0075736045837402,0.1759930296517088,1.0803799629211426,0.2006549042793403,1.005664348602295,0.3025362721617756,1.4443261623382568,0.1589010036195177,1.0497498512268066,0.1847162587077717,1.0292656421661377,0.1310455328830315,0.7206640243530273,0.1443369109024701,1.0597615242004397,0.1857056603002985,1.1392157077789309,0.1233458215253778,1.0354154109954834,0.1384941324734722,1.0498526096343994,0.894,0.5469086170196533,26913,0.490333080291748,0.0,0.4689371585845947,0.0300404628649151,0.0560348033905029,6.004344538208744,0.0056121349334716,-,15.0,0.176,0.0027964115142822,1,0,8822,['cluster'],"['intersecting','separated']"
figure_descending_markersize160_n500-d5-c5-spr0.1-out0_umap.png,n500-d5-c5-spr0.1-out0_umap,500,5,160,0.2094543094559914,1.086827278137207,0.263497256537648,0.7680468559265137,0.7636733377947361,1.5168025493621826,0.1715367255477913,1.1162691116333008,0.219447379798724,1.1037209033966064,0.1378776298342665,0.7843375205993652,0.1601386995644007,1.0978868007659912,0.2593217631177035,1.1823058128356934,0.1220318726893026,1.1542835235595703,0.1452415222962776,0.8033444881439209,0.1027611362047263,1.1292805671691897,0.1150209604064942,0.7806522846221924,0.156177622738401,1.5475165843963623,0.0947014041634854,1.1545031070709229,0.1085391456904166,0.784325122833252,0.82,0.5643904209136963,40573,0.9283146858215332,0.0,0.521801233291626,0.0300404628649151,0.0544230937957763,6.004344538208744,0.0050923824310302,-,15.0,0.176,0.0030930042266845,4,0,15626,['cluster'],"['intersecting','separated']"
figure_category_based_markersize10_yeast_pca.png,yeast_pca,1452,10,10,0.5047177285541233,0.8628365993499756,0.451220956576419,0.7698485851287842,0.3821044225318908,1.950469970703125,0.512308029576451,0.7438747882843018,0.4821297027959915,1.1313517093658447,0.4518856013282295,0.7715358734130859,0.3953607458684212,0.761695384979248,0.3251264060129083,1.9574618339538572,0.4577079426047249,0.7597181797027588,0.4251879320890747,1.120420217514038,0.4090659730323478,1.2049894332885742,0.3518076896818689,0.7668178081512451,0.2829360196868122,1.575694561004639,0.4136251490366365,1.1628005504608154,0.3802756061241316,0.7632439136505127,0.9221763085399448,1.0638327598571775,3442,0.5842010974884033,0.0041322314049586,0.1272733211517334,0.0308468708807634,0.265005350112915,4.703475035334386,0.0144979953765869,-,15.0,0.6866391184573003,0.0096502304077148,1,0,1011,['cluster'],['intersecting']
figure_category_based_markersize60_yeast_pca.png,yeast_pca,1452,10,60,0.2290383756603172,0.8598780632019043,0.2099307478699098,0.8870439529418945,0.1677015278054064,2.244933605194092,0.2394570116482902,0.8970797061920166,0.2282203951186457,1.3015646934509275,0.1959145389506152,0.9792604446411132,0.174609559067546,0.9003119468688965,0.1344570046952461,2.154445171356201,0.2029937616635433,0.9058432579040528,0.1900363100666352,0.8840034008026123,0.1711610051038037,1.3316118717193604,0.1494622868942665,0.9109160900115968,0.1122124321866239,1.7109999656677246,0.1761678510432918,1.285816669464111,0.1627981696948742,0.891556978225708,0.5516528925619835,0.7502427101135254,31108,0.6361987590789795,0.0041322314049586,1.0682311058044434,0.0308468708807634,0.2880351543426513,4.703475035334386,0.0148141384124755,-,15.0,0.6866391184573003,0.0096821784973144,168,0,19423,['cluster'],['intersecting']
figure_category_based_markersize110_yeast_pca.png,yeast_pca,1452,10,110,0.1944118686048436,0.55513596534729,0.1812944099421292,1.027503252029419,0.1410722366518619,2.307190418243408,0.2055163431265064,1.0337507724761963,0.1959338276103178,1.450544834136963,0.1624134048220002,1.0370099544525146,0.146956414815399,1.0279874801635742,0.1091455954132191,1.8523845672607424,0.1695759389796259,1.0312745571136477,0.1588322683357637,1.4705629348754885,0.1394595961453433,1.023071050643921,0.12355460443277,1.01833176612854,0.089002966108184,2.359056234359741,0.1443348643385645,1.0423686504364014,0.1335445860779559,1.0470609664916992,0.3732782369146005,0.7687547206878662,51522,0.707188606262207,0.0041322314049586,0.6398577690124512,0.0308468708807634,0.2701458930969238,4.703475035334386,0.0132904052734375,-,15.0,0.6866391184573003,0.009683609008789,379,0,44608,['cluster'],['intersecting']
figure_category_based_markersize160_yeast_pca.png,yeast_pca,1452,10,160,0.1822321109714385,0.6337120532989502,0.1708144017746599,1.6132924556732178,0.1281475619713484,1.925208568572998,0.1935139769351019,1.1417903900146484,0.1836720839803608,1.6500258445739746,0.1501592006647367,1.1355159282684326,0.1368082091413791,1.1659307479858398,0.0976039308693441,1.9483745098114011,0.1570736401587967,1.168544054031372,0.1468942820739365,1.1738669872283936,0.1276863601035467,1.169118881225586,0.1140940561660691,1.649311065673828,0.0788178949158485,2.0039968490600586,0.1321825378624918,1.157806634902954,0.1223878107479522,1.1983835697174072,0.2933884297520661,0.8443484306335449,65759,0.7504134178161621,0.0041322314049586,0.6991133689880371,0.0308468708807634,0.262155532836914,4.703475035334386,0.0149140357971191,-,15.0,0.6866391184573003,0.0076851844787597,483,0,70092,['cluster'],['intersecting']
figure_ascending_markersize10_yeast_pca.png,yeast_pca,1452,10,10,0.5706836484118042,0.360114574432373,0.4650238275462671,0.8919498920440674,0.3639748447452445,2.219146966934204,0.5789583374888025,0.9050400257110596,0.5073494097737705,0.8734874725341797,0.5049700272219627,0.8886997699737549,0.4072777749973497,0.8852841854095459,0.3147346591722481,1.6743113994598389,0.5114742429130467,0.8868594169616699,0.4467822790906542,0.8946542739868164,0.4528274259473531,1.4131274223327637,0.3622891773514395,0.9328746795654296,0.2772297479594114,1.774055242538452,0.4580798887219532,0.911522626876831,0.3991338681765864,0.903656244277954,0.9221763085399448,0.7814743518829346,3442,0.7082643508911133,0.0041322314049586,0.7230908870697021,0.0308468708807634,0.2720520496368408,4.703475035334386,0.0140233039855957,-,15.0,0.6866391184573003,0.0101261138916015,2,0,0,['cluster'],['intersecting']
figure_ascending_markersize60_yeast_pca.png,yeast_pca,1452,10,60,0.2980827983956269,1.0182673931121826,0.2278423781516306,0.9943609237670898,0.1415844803920526,1.8405067920684812,0.3033739402354427,0.9996609687805176,0.2545785733196529,1.0212140083312988,0.2484770365807341,1.0242085456848145,0.1887960718668275,1.0416436195373535,0.1198763214331538,1.837170124053955,0.2523143468171742,1.6291906833648682,0.2125598238791999,1.032294750213623,0.2130260781550963,1.048426866531372,0.1611748586893401,0.4541711807250976,0.1039399372126373,2.4425511360168457,0.2159660142277694,1.065108060836792,0.1824466121429311,1.0333287715911863,0.5516528925619835,0.8927993774414062,31108,0.1665287017822265,0.0041322314049586,0.7317080497741699,0.0308468708807634,0.269230842590332,4.703475035334386,0.0141882896423339,-,15.0,0.6866391184573003,0.0090272426605224,122,0,0,['cluster'],['intersecting']
figure_ascending_markersize110_yeast_pca.png,yeast_pca,1452,10,110,0.2600887308106017,1.174645185470581,0.2009545321919986,1.1092112064361572,0.1093135554072595,1.993992805480957,0.2652473128271086,1.1294260025024414,0.2229275070630173,1.1248729228973389,0.2112913380998001,1.1928730010986328,0.1630467672809349,1.210068702697754,0.0910934001007951,2.695052146911621,0.2157778116561811,0.5762133598327637,0.1826995611177601,1.7831573486328125,0.1779118314903479,1.2023601531982422,0.1371710280012177,0.5768332481384277,0.0780793045495725,2.663060426712036,0.181860269816642,0.5534975528717041,0.1547707153163455,1.772408962249756,0.3732782369146005,0.9197499752044678,51522,0.1903004646301269,0.0041322314049586,0.7999367713928223,0.0308468708807634,0.261986494064331,4.703475035334386,0.012934923171997,-,15.0,0.6866391184573003,0.0089898109436035,299,0,0,['cluster'],['intersecting']
figure_ascending_markersize160_yeast_pca.png,yeast_pca,1452,10,160,0.2462217325758146,1.872710466384888,0.1916258560526655,1.2762455940246582,0.0932387849218485,1.4927423000335691,0.2511012195118765,1.2961087226867676,0.211178203465269,1.9122884273529053,0.1964210074021827,0.6741640567779541,0.153578639347632,1.9268696308135984,0.0770957382353354,1.4826414585113523,0.2001421825110744,1.9190492630004885,0.1699822882013767,0.7055861949920654,0.1633765259721783,1.316272497177124,0.1281370858282629,1.982301950454712,0.0657176137025449,1.5011465549468994,0.1663772211694253,1.2871425151824951,0.1422354812927665,1.2567706108093262,0.2933884297520661,0.979701042175293,65759,0.9002020359039307,0.0041322314049586,0.8733260631561279,0.0308468708807634,0.2708377838134765,4.703475035334386,0.0135650634765625,-,15.0,0.6866391184573003,0.0095245838165283,375,0,0,['cluster'],['intersecting']
figure_descending_markersize10_yeast_pca.png,yeast_pca,1452,10,10,0.4548021880663636,1.0378129482269287,0.4422933011040988,1.0207843780517578,0.4224766490721969,1.8671305179595947,0.4480823198092187,0.3719644546508789,0.4466187810798958,1.0391199588775637,0.4111978102185635,1.0286190509796145,0.386842549680026,1.0236570835113523,0.3513145942824078,1.853670597076416,0.4055823382502294,1.7638237476348877,0.3963371443998491,0.3486135005950928,0.3752231142310195,1.0480029582977295,0.343746685543412,1.03583025932312,0.3006697234260775,1.848110675811768,0.3704460484814953,1.0419228076934814,0.3562315627073271,1.060033082962036,0.9221763085399448,0.9188203811645508,3442,0.8564445972442627,0.0041322314049586,0.8670511245727539,0.0308468708807634,0.2680833339691162,4.703475035334385,0.0146236419677734,-,15.0,0.6866391184573003,0.010263442993164,2,0,3027,['cluster'],['intersecting']
figure_descending_markersize60_yeast_pca.png,yeast_pca,1452,10,60,0.192668493588992,0.4601664543151855,0.2006665708295421,1.1900575160980225,0.2048665966056057,1.9545271396636963,0.1963040558055373,1.1395494937896729,0.2036130496747483,1.120337963104248,0.1660715032069002,1.1658554077148438,0.1639672296064122,1.1922807693481443,0.1501759225056884,1.9847619533538816,0.1692082605510801,0.4480459690093994,0.1709752096862326,1.139841079711914,0.1459269638405701,1.1824657917022705,0.1386161197663359,1.1600611209869385,0.1185327232491728,1.9853439331054688,0.1486852729058275,1.1672568321228027,0.1473551439853355,1.183997631072998,0.5516528925619835,1.029160737991333,31108,0.1660864353179931,0.0041322314049586,0.8650219440460205,0.0308468708807634,0.2646689414978027,4.703475035334385,0.0136568546295166,-,15.0,0.6866391184573003,0.009988784790039,150,0,59994,['cluster'],['intersecting']
figure_descending_markersize110_yeast_pca.png,yeast_pca,1452,10,110,0.1553984023224885,1.2426836490631104,0.1693833461065794,1.275134563446045,0.1861682454220047,2.074446439743042,0.1622388058843308,1.236323356628418,0.1719341129465859,1.225893259048462,0.1308694362419237,1.266282558441162,0.1340954201234701,1.301943063735962,0.128015459620336,1.3545551300048828,0.1357691717758474,1.234670639038086,0.1391292287059442,1.2344684600830078,0.1130283929862375,1.277867317199707,0.1109756671084108,1.265686273574829,0.0975454850736531,2.112779140472412,0.1167251888980459,0.542489767074585,0.116836854976997,1.2538516521453855,0.3732782369146005,1.0148108005523682,51522,0.9821987152099608,0.0041322314049586,0.142411470413208,0.0308468708807634,0.2603092193603515,4.703475035334385,0.0141944885253906,-,15.0,0.6866391184573003,0.0093543529510498,267,0,146682,['cluster'],['intersecting']
figure_descending_markersize160_yeast_pca.png,yeast_pca,1452,10,160,0.1398910551802312,0.5976772308349609,0.1571293935720126,1.3987064361572266,0.1813341308640413,2.209991931915283,0.1478948821171798,0.6361451148986816,0.15857913682761,1.3504035472869873,0.1163292993264817,1.373298406600952,0.1220989719515608,1.3815617561340332,0.1193840736130288,2.167241334915161,0.121659124915845,1.398186445236206,0.1253097796631376,1.3525030612945557,0.0995604072405728,0.6330511569976807,0.0998405280484876,1.383979320526123,0.0889840289060894,2.2071213722229004,0.103329098246725,1.3598287105560305,0.1035792165033026,1.417330980300903,0.2933884297520661,0.2630074024200439,65759,1.0212299823760986,0.0041322314049586,0.9663822650909424,0.0308468708807634,0.2586109638214111,4.703475035334385,0.0113251209259033,-,15.0,0.6866391184573003,0.0098156929016113,339,0,235652,['cluster'],['intersecting']
figure_category_based_markersize10_shuttle_small_pca.png,shuttle_small_pca,14500,7,10,0.8483214118002655,0.9324884414672852,0.8804666844796283,1.0461416244506836,0.1066997148109134,2.295952320098877,0.919877317199008,1.7174878120422363,0.9195067472533552,2.99009108543396,0.7877983001794807,1.680976152420044,0.8521862286216599,0.8774337768554688,0.0546762024891215,2.223990201950073,0.8814243195871102,1.7267637252807615,0.8782128199633823,3.0200653076171875,0.7353360767433408,0.906013011932373,0.8256659635759283,1.6337482929229736,0.0367553969127365,2.2245562076568604,0.8460571745304087,1.7451674938201904,0.8404684081477612,3.0478341579437256,0.0027586206896551,0.3408641815185547,147,1.1642842292785645,0.9955862068965518,1.0998079776763916,0.0520225009605556,3.182990312576294,0.0663593261347835,0.1393971443176269,-,15.0,0.6633793103448276,0.0685811042785644,804,0,12554,['linear'],['intersecting']
figure_category_based_markersize60_shuttle_small_pca.png,shuttle_small_pca,14500,7,60,0.740259585953833,2.5179603099823,0.8267926760202455,1.6319785118103027,0.0477449920072203,3.0669469833374023,0.9090942686516298,2.546910047531128,0.9083621397938302,3.7891769409179688,0.5600676478367348,1.7450342178344729,0.640607005652269,2.5004658699035645,0.0310570430953428,3.1102452278137207,0.6721813944783547,2.6569623947143555,0.6791694012453253,3.020169973373413,0.4504261596092589,2.5352020263671875,0.5228632797226336,2.490823268890381,0.0230133570376194,3.075721263885498,0.5332220283620848,2.6354055404663086,0.5423314359098894,3.0803864002227783,0.0022758620689655,1.4076871871948242,640,1.4141569137573242,0.9955862068965518,0.2768723964691162,0.0520225009605556,3.104923248291016,0.0663593261347835,0.1356046199798584,-,15.0,0.6633793103448276,0.0760376453399658,937,0,76131,['linear'],['intersecting']
figure_category_based_markersize110_shuttle_small_pca.png,shuttle_small_pca,14500,7,110,0.7327666062565248,2.6003363132476807,0.8178497202673506,2.551929473876953,0.0653310291982702,4.13202166557312,0.9028411976655556,3.47202205657959,0.9035206282666496,3.923506021499634,0.510765426995224,3.4144127368927,0.5511926118128,3.403522491455078,0.0468766551595244,4.019859790802002,0.5900286469586955,2.653914451599121,0.6004801475811894,4.763366937637329,0.3920030128891143,3.4778542518615723,0.4156660995079128,2.5941829681396484,0.0365517143634295,4.01093316078186,0.4382022191683995,3.462824583053589,0.4496632588094977,4.780066251754761,0.0022068965517241,0.7342963218688965,1151,1.6868479251861572,0.9955862068965518,1.2213904857635498,0.0520225009605556,3.1493260860443115,0.0663593261347835,0.1274435520172119,-,15.0,0.6633793103448276,0.0694482326507568,937,0,154199,['linear'],['intersecting']
figure_category_based_markersize160_shuttle_small_pca.png,shuttle_small_pca,14500,7,160,0.7056718477889441,4.346107482910156,0.7898188326667169,4.275895595550537,0.0706793573117585,4.851503849029541,0.8920980521234566,3.5000805854797363,0.8939546798751039,5.640631675720215,0.4747841953713595,4.309406518936157,0.5052335754964554,3.456984758377075,0.0532973929595244,4.875499486923218,0.5510545909460005,4.329649925231934,0.5628352087315193,5.60970950126648,0.3577368446690432,3.458250999450684,0.371408668858651,4.2717125415802,0.0427772989275001,4.858920574188232,0.3986523216469281,3.4841763973236084,0.4107091545647561,5.660318613052368,0.0021379310344827,1.923353672027588,1666,0.9181864261627196,0.9955862068965518,1.2820043563842771,0.0520225009605556,3.113976240158081,0.0663593261347835,0.1315679550170898,-,15.0,0.6633793103448276,0.0727365016937255,937,0,231958,['linear'],['intersecting']
figure_ascending_markersize10_shuttle_small_pca.png,shuttle_small_pca,14500,7,10,0.914283574643461,0.8706912994384766,0.948736813238504,0.822603702545166,-0.1644787729310444,1.4473497867584229,0.9505533777858078,1.765695333480835,0.9434175058697284,2.167523145675659,0.8242227889945507,1.7501323223114014,0.895325033358996,1.6950316429138184,-0.1166559009154679,2.279176950454712,0.9043421591647952,0.9004616737365723,0.8955324824960444,3.0547914505004883,0.7503137246722534,1.739168643951416,0.8476066571313774,0.827096700668335,-0.090378100662225,2.3040008544921875,0.8624157571075669,0.9094054698944092,0.8522736461759705,3.1553053855896,0.0027586206896551,1.2507750988006592,147,0.3270905017852783,0.9955862068965518,1.1669855117797852,0.052022500960566,3.1241769790649414,0.0663593261347835,0.1263110637664795,-,15.0,0.6633793103448276,0.0770998001098632,804,0,0,['linear'],['intersecting']
figure_ascending_markersize60_shuttle_small_pca.png,shuttle_small_pca,14500,7,60,0.9089216205225158,2.5774569511413574,0.9709174827168318,2.473137140274048,-0.287047984375643,2.238299608230591,0.9463189600446278,2.53023362159729,0.9437419540357372,3.8077704906463614,0.6579903119258008,1.645397663116455,0.7207461019353925,2.4966366291046143,-0.2027396923587856,3.1200296878814697,0.6921460691129074,1.6595141887664795,0.698038857104041,3.87062668800354,0.5156357375912051,1.6590964794158936,0.5730827721778424,2.52308988571167,-0.1567120949452265,3.111532926559448,0.5456021611385422,1.6465678215026855,0.5538453032869672,3.785979986190796,0.0022758620689655,1.463547706604004,640,0.5119247436523438,0.9955862068965518,1.30600905418396,0.052022500960566,3.307333469390869,0.0663593261347835,0.1299371719360351,-,15.0,0.6633793103448276,0.073209524154663,0,0,0,['linear'],['intersecting']
figure_ascending_markersize110_shuttle_small_pca.png,shuttle_small_pca,14500,7,110,0.9180593552103264,3.463956594467163,0.9568806685198864,3.3914904594421387,-0.2448483915579007,3.0905604362487797,0.9454148184468888,3.415792465209961,0.942824685961011,4.88399863243103,0.6071540018300872,2.5455636978149414,0.6110999837503059,3.3672118186950684,-0.2006500802924131,4.084129571914673,0.6110043319260801,2.507544755935669,0.6199553756436174,4.8471314907073975,0.4535552628461996,2.556139707565308,0.4488885461343279,3.349943161010742,-0.1699685516066231,3.95053505897522,0.4513526551600239,2.4926819801330566,0.4618092793911489,4.732898712158203,0.0022068965517241,1.7423083782196045,1151,0.72017502784729,0.9955862068965518,1.325972557067871,0.052022500960566,3.0766427516937256,0.0663593261347835,0.1286172866821289,-,15.0,0.6633793103448276,0.0762944221496582,0,0,0,['linear'],['intersecting']
figure_ascending_markersize160_shuttle_small_pca.png,shuttle_small_pca,14500,7,160,0.9018388475195052,4.343212366104126,0.9322843499711996,3.2707767486572266,-0.2227913068530367,4.905082702636719,0.936548932422782,4.317341327667236,0.9339336841847437,4.604331254959106,0.5736940613343036,4.403507947921753,0.5654655009783504,3.3506109714508057,-0.1945422913613503,4.882648468017578,0.5742073827155103,4.530585050582886,0.5844776224054185,4.674278497695923,0.4206394109035143,4.410400390625,0.4057988906740651,4.300888299942017,-0.1726508750696336,3.930492877960205,0.414025138123728,4.363139152526856,0.4253293599494856,4.6159398555755615,0.0021379310344827,2.034996509552002,1666,0.9216501712799072,0.9955862068965518,1.4817142486572266,0.052022500960566,3.189664125442505,0.0663593261347835,0.1269953250885009,-,15.0,0.6633793103448276,0.0865345001220703,804,0,0,['linear'],['intersecting']
figure_descending_markersize10_shuttle_small_pca.png,shuttle_small_pca,14500,7,10,0.8391919391176736,1.1599955558776855,0.8617585853966101,1.1294267177581787,0.1985973222699321,1.844733953475952,0.91625371401914,1.2599289417266846,0.9149380920463271,2.551727056503296,0.7761738144618823,1.158527135848999,0.8275738115901254,1.114281415939331,0.1047156064441759,1.7658987045288086,0.8737320202457444,1.2508108615875244,0.865286937551759,2.5564124584198,0.7219591474366187,1.1862785816192627,0.7959976820649933,1.1135845184326172,0.0711033487223166,1.7679531574249268,0.8349820011036817,1.217421293258667,0.8207472585406341,2.4901669025421143,0.0027586206896551,0.5561091899871826,147,0.5811433792114258,0.9955862068965518,0.3872301578521728,0.05202250096056,3.238224983215332,0.0663593261347835,0.1305780410766601,-,15.0,0.6633793103448276,0.0675911903381347,0,0,196428,['linear'],['intersecting']
figure_descending_markersize60_shuttle_small_pca.png,shuttle_small_pca,14500,7,60,0.7296387825011574,1.9098820686340328,0.8140454921110979,1.9669511318206787,0.1983355826134324,2.680574893951416,0.9088754957671906,2.1073176860809326,0.9089049053235598,3.3847997188568115,0.5440538100076091,2.088073253631592,0.6278392549379312,1.9760949611663816,0.1112500093058498,2.738090753555298,0.6616450327444915,2.0941500663757324,0.667865100812771,3.3976473808288574,0.4337330159785509,2.0638532638549805,0.5109610913827924,2.1185593605041504,0.0773062366040292,2.888783693313598,0.5201538428077928,2.1908822059631348,0.5278739586623993,3.625082492828369,0.0022758620689655,0.9161512851715088,640,0.942643404006958,0.9955862068965518,0.4852769374847412,0.05202250096056,3.174138069152832,0.0663593261347835,0.1351699829101562,-,15.0,0.6633793103448276,0.0742800235748291,41,0,1229940,['linear'],['intersecting']
figure_descending_markersize110_shuttle_small_pca.png,shuttle_small_pca,14500,7,110,0.7243368174376684,2.7239108085632324,0.8025134069747273,3.037351608276367,0.1971893288468669,3.701580286026001,0.9033342276278692,3.3038992881774902,0.903248969636406,4.558612585067749,0.497611067613269,3.1358110904693604,0.538775284068907,2.939387083053589,0.1178693867197553,3.732201814651489,0.5797326379828105,3.260101079940796,0.5892675340216841,4.260894060134888,0.3789845478561824,3.0741729736328125,0.4055088097837045,3.040278196334839,0.0840571644378879,3.7353904247283936,0.4268294456729322,3.2156102657318115,0.4372674973029962,4.587430477142334,0.0022068965517241,1.0160036087036133,1151,1.323206901550293,0.9955862068965518,0.5735006332397461,0.05202250096056,3.204442024230957,0.0663593261347835,0.132004976272583,-,15.0,0.6633793103448276,0.0762655735015869,41,0,2411923,['linear'],['intersecting']
figure_descending_markersize160_shuttle_small_pca.png,shuttle_small_pca,14500,7,160,0.6984049948673053,3.4262492656707764,0.7718920896778999,3.5236263275146484,0.1893520306271605,4.40624737739563,0.880018426318648,4.220429420471191,0.8813161073735103,5.647139072418213,0.4632072659501872,3.9746835231781006,0.4915167470936863,3.7973721027374263,0.1180028834018211,4.612821817398071,0.5365622695242203,4.249854803085327,0.5475472327263191,5.38499927520752,0.3465138435833698,4.247057199478149,0.36055272394986,3.87156081199646,0.085707651097138,4.907369375228882,0.3859374690459151,4.078381299972534,0.3971427537084609,5.553547382354736,0.0021379310344827,1.278273582458496,1666,1.649221658706665,0.9955862068965518,0.6680581569671631,0.05202250096056,3.20180892944336,0.0663593261347835,0.1326830387115478,-,15.0,0.6633793103448276,0.0711166858673095,41,0,3557322,['linear'],['intersecting']
figure_category_based_markersize10_hiv_tsne.png,hiv_tsne,78,6,10,0.8388124271106773,0.7893483638763428,0.9065103139287995,0.7716310024261475,1.01396404048098,1.4760866165161133,0.8292359148799423,0.7830557823181152,0.8502721996067337,0.5456075668334961,0.7442468649532532,0.988896369934082,0.7809379324261889,0.7832491397857666,0.8118358979821959,1.248762845993042,0.7315861458998197,0.788628339767456,0.7487063765010477,0.7848696708679199,0.668843197867218,0.7880189418792725,0.6859220616877587,1.0329866409301758,0.6768996782041066,1.2752952575683594,0.6545116809683265,0.5479750633239746,0.6688157043706076,1.0780014991760254,0.9743589743589745,0.3697023391723633,54,0.646770715713501,0.0,0.3675882816314697,0.0283743262558973,0.0082039833068847,21.73671652719842,0.0015294551849365,0.03572815803398317,0.7565536499023438,0.2948717948717949,0.0007460117340087,0,0,0,['cluster'],['intersecting']
figure_category_based_markersize60_hiv_tsne.png,hiv_tsne,78,6,60,0.742465927643694,0.8255829811096191,0.8166459522168407,1.1115870475769043,0.9626715362910284,1.0564215183258057,0.741987005462865,1.1012277603149414,0.7725158700513084,0.8179619312286377,0.6171943360852693,0.5743494033813477,0.6355411344944689,1.098365068435669,0.6430191958540538,1.0777089595794678,0.6021183611133902,0.8417496681213379,0.6221947895632812,1.110764503479004,0.5280926030481412,0.5880272388458252,0.5201821041780055,0.8490345478057861,0.4827300562451784,1.3341789245605469,0.506618061348027,1.1532933712005615,0.5208453659337756,0.5958709716796875,0.9743589743589745,0.726762056350708,636,0.4080381393432617,0.0,0.4084796905517578,0.0283743262558973,0.0095851421356201,21.73671652719842,0.0016446113586425,0.04934637712198268,0.8228840827941895,0.2948717948717949,0.0007369518280029,0,0,0,['cluster'],['intersecting']
figure_category_based_markersize110_hiv_tsne.png,hiv_tsne,78,6,110,0.6879638819401019,0.8508338928222656,0.7590159602622941,1.141042709350586,0.9081928536716452,1.1268019676208496,0.6974004091906731,0.9175186157226562,0.7306389198391869,0.9069294929504396,0.5544912352074864,0.9199340343475342,0.5686647389475779,0.6147303581237793,0.5696173338435291,1.396005392074585,0.548830284413725,0.9223344326019288,0.5681373256633138,0.614844560623169,0.4643936924639631,0.9399807453155518,0.4546456010651464,0.922722101211548,0.4149306342059621,1.4117708206176758,0.452444204092119,0.6423969268798828,0.4647681248686134,0.9208176136016846,0.9743589743589745,0.776705265045166,1562,0.4512054920196533,0.0,0.4421865940093994,0.0283743262558973,0.0092198848724365,21.73671652719842,0.0014832019805908,0.056187180484068164,0.90626859664917,0.2948717948717949,0.0006742477416992,0,0,0,['cluster'],['intersecting']
figure_category_based_markersize160_hiv_tsne.png,hiv_tsne,78,6,160,0.6615496627139049,0.9765827655792236,0.7306036456349825,0.9705088138580322,0.8796833019411523,1.4586503505706787,0.6757258028408567,0.6615347862243652,0.7099339843114993,0.9874215126037598,0.5241019857025161,0.9800257682800292,0.5349345983644633,0.6431200504302979,0.5308575500051973,1.4472649097442627,0.5232188358051286,0.9862511157989502,0.5411012820255245,0.9710164070129396,0.433943236892877,0.6608095169067383,0.4219331636728167,0.9875030517578124,0.380124607934442,1.1785399913787842,0.4268757295591667,1.006166696548462,0.4371424121137677,0.9970641136169434,0.9743589743589745,0.4842317104339599,2572,0.4699134826660156,0.0,0.8589565753936768,0.0283743262558973,0.0091192722320556,21.73671652719842,0.0014004707336425,0.0601750172987535,1.0095655918121338,0.2948717948717949,0.0007095336914062,0,0,0,['cluster'],['intersecting']
figure_ascending_markersize10_hiv_tsne.png,hiv_tsne,78,6,10,0.8388265156223518,0.6654906272888184,0.9090979952806052,0.6693820953369141,1.013965872128177,1.4719781875610352,0.8292544020299201,1.0413939952850342,0.8502765069308195,0.6561172008514404,0.7445061540902244,1.0332660675048828,0.7829078310388808,0.6715984344482422,0.8115287061180358,1.5198345184326172,0.7319410363084413,0.6633822917938232,0.7487858053341406,1.0340323448181152,0.6692531673033882,1.0323750972747805,0.6874800345589988,0.7029128074645996,0.676471848932078,1.5448362827301023,0.6550684661286073,0.6880614757537842,0.6689398135326692,0.6742680072784424,0.9743589743589745,0.5058207511901855,54,0.8974058628082275,0.0,0.5305449962615967,0.0283743262558973,0.009000539779663,21.73671652719842,0.0014731884002685,0.03572815803398317,0.8203597068786621,0.2948717948717949,0.0006651878356933,0,0,0,['cluster'],['intersecting']
figure_ascending_markersize60_hiv_tsne.png,hiv_tsne,78,6,60,0.7425655597911935,0.7420880794525146,0.8217466222726212,0.7033858299255371,0.936880403270224,1.6025660037994385,0.7421636549265708,0.706165075302124,0.7725496393899471,1.0944135189056396,0.617973625082708,0.7336559295654297,0.63878005315225,0.7226667404174805,0.6218179653447842,1.614114761352539,0.6030185398975407,0.7029237747192383,0.6224533388251556,0.7022802829742432,0.5291840683571516,1.100111722946167,0.5224529303981903,0.723827600479126,0.4653319999629629,1.5824332237243652,0.5078111767586169,0.718059778213501,0.5211924548977408,1.105210542678833,0.9743589743589745,0.5350339412689209,636,0.5250387191772461,0.0,0.5392618179321289,0.0283743262558973,0.0090358257293701,21.73671652719842,0.0014922618865966,0.04934637712198267,1.3489322662353516,0.2948717948717949,0.0006732940673828,0,0,0,['cluster'],['intersecting']
figure_ascending_markersize110_hiv_tsne.png,hiv_tsne,78,6,110,0.6882488943278388,0.7452161312103271,0.7654449076887753,0.7377829551696777,0.8479853888152258,1.2464163303375244,0.6977934953469541,1.2007670402526855,0.7307425702295809,0.7540299892425537,0.5564851561219754,0.7686431407928467,0.5724955578906715,0.7248761653900146,0.5326832280187905,1.6445348262786863,0.5505721251876923,0.7420628070831299,0.5688878237025179,1.1832683086395264,0.467066333145864,0.7640447616577148,0.4572375158120748,0.7630834579467773,0.3883026121767162,1.234696626663208,0.4546495728748783,1.197441339492798,0.465731346779334,0.7340624332427979,0.9743589743589745,0.5644505023956299,1562,0.5630073547363281,0.0,1.0369997024536133,0.0283743262558973,0.0092036724090576,21.73671652719842,0.0015680789947509,0.056187180484068164,0.9804105758666992,0.2948717948717949,0.0007119178771972,0,0,0,['cluster'],['intersecting']
figure_ascending_markersize160_hiv_tsne.png,hiv_tsne,78,6,160,0.6620111562173194,0.3197591304779053,0.7375947547115526,1.2195124626159668,0.8034850662393661,1.263095140457153,0.676235956179716,0.7961428165435791,0.7100784202856212,1.2565712928771973,0.5270891307566121,0.7946865558624268,0.5389496552489348,0.77762770652771,0.4887049293702679,1.6935906410217283,0.5253652024714591,0.7979421615600586,0.5420697344107002,0.8082897663116455,0.4378521222407147,1.2298495769500732,0.424598928354596,0.7937741279602051,0.3511395252709878,1.27201509475708,0.4295344673058603,1.3223791122436523,0.4383528900430348,0.8203425407409668,0.9743589743589745,0.6407003402709961,2572,0.6327815055847168,0.0,0.6139607429504395,0.0283743262558973,0.0095736980438232,21.73671652719842,0.001652717590332,0.0601750172987535,1.103551149368286,0.2948717948717949,0.0006797313690185,0,0,0,['cluster'],['intersecting']
figure_descending_markersize10_hiv_tsne.png,hiv_tsne,78,6,10,0.806103043541061,0.3260655403137207,0.906509759064032,1.2730989456176758,1.117608465068516,1.3266172409057615,0.7844317383308905,0.8026623725891113,0.8060808503036756,1.263376235961914,0.7177184361187356,0.83636474609375,0.7809174441853125,0.801135778427124,0.8884047151036926,1.2857604026794434,0.69544018721908,0.7987372875213623,0.7134751108973312,0.8087677955627441,0.6468004506688546,0.7978599071502686,0.6858907680255216,0.8038194179534912,0.7372138587131034,1.7468130588531494,0.6245830189775479,0.810664176940918,0.6399546078107207,0.8407974243164062,0.9743589743589745,0.6201882362365723,54,0.6342134475708008,0.0,0.6233258247375488,0.0283743262558973,0.0092315673828125,21.73671652719842,0.0015604496002197,0.03572815803398317,0.9461269378662108,0.2948717948717949,0.0005733966827392,0,0,12,['cluster'],['intersecting']
figure_descending_markersize60_hiv_tsne.png,hiv_tsne,78,6,60,0.7052397868692328,0.8416135311126709,0.8166413395571417,0.8261945247650146,1.0987875191857874,1.3182435035705566,0.6525323874645144,0.829186201095581,0.6835746210844014,0.8476059436798096,0.5897898856756879,0.8373494148254395,0.6354904258848257,0.8325107097625732,0.7198380045215536,1.3159329891204834,0.5388993703953231,1.349181890487671,0.5610685145830112,0.8731539249420166,0.5068216395570624,0.8660082817077637,0.5201160371716935,0.8416736125946045,0.5352434141433036,1.3304502964019775,0.4589730764223172,0.8526558876037598,0.4757987433927938,0.863964319229126,0.9743589743589745,0.7014791965484619,636,0.6807949542999268,0.0,0.1106607913970947,0.0283743262558973,0.009620189666748,21.73671652719842,0.0017073154449462,0.04934637712198267,1.0069961547851562,0.2948717948717949,0.0006415843963623,0,0,153,['cluster'],['intersecting']
figure_descending_markersize110_hiv_tsne.png,hiv_tsne,78,6,110,0.6505949556196405,1.4637677669525146,0.7590073951440997,0.9304525852203368,1.0458644665107402,1.3660459518432615,0.5870049653822085,0.8708581924438477,0.6205425979109652,0.8799924850463867,0.5280292483942379,0.8910033702850342,0.5686013885759307,0.8858561515808105,0.6380422479905228,1.3340001106262207,0.4742794192650886,0.8700973987579346,0.4964288669389126,0.8719372749328613,0.4443231296336304,0.8458998203277588,0.4545676920506856,0.877474308013916,0.4590437005287044,1.931358337402344,0.3978737092522283,0.8792357444763184,0.4136878272831614,0.872746467590332,0.9743589743589745,0.7135875225067139,1562,0.1157262325286865,0.0,0.6853909492492676,0.0283743262558973,0.0091738700866699,21.73671652719842,0.0015997886657714,0.056187180484068164,1.0711593627929688,0.2948717948717949,0.0006449222564697,0,0,409,['cluster'],['intersecting']
figure_descending_markersize160_hiv_tsne.png,hiv_tsne,78,6,160,0.6241418153990309,0.8851437568664551,0.7305934315200808,1.4408326148986816,1.0177923294302138,1.3817195892333984,0.5565080250421168,0.9041106700897216,0.5908302457070691,0.932708740234375,0.4977617684735322,0.3290441036224365,0.5348705380477803,1.4610111713409424,0.5949235343134726,1.3899424076080322,0.444381759923794,0.9464619159698486,0.4657559224508477,0.3182389736175537,0.4139438827925387,1.5097002983093262,0.4218568660274123,0.3195137977600097,0.4202991248286701,1.978869199752808,0.3698614013956647,0.9486804008483888,0.384384592627549,0.318366527557373,0.9743589743589745,0.7201395034790039,2572,0.7283413410186768,0.0,0.7314682006835938,0.0283743262558973,0.0094397068023681,21.73671652719842,0.0016634464263916,0.060175017298753505,1.1828529834747314,0.2948717948717949,0.0006744861602783,0,0,685,['cluster'],['intersecting']
figure_category_based_markersize10_yeast_tsne.png,yeast_tsne,1452,10,10,0.7538468703451227,0.9705924987792968,0.7584870773466968,0.9610204696655272,0.7834389988629504,1.836374282836914,0.762787385514185,1.0060827732086182,0.7638971492701727,0.9815325736999512,0.6607222239683381,0.968390703201294,0.6525384497287202,0.9754838943481444,0.6715038104752449,1.8247911930084229,0.6684660740132882,1.0166938304901123,0.669370284237331,0.9855625629425048,0.5880757155019423,0.984896183013916,0.5725607801118157,1.595646858215332,0.5875557733317898,1.210047483444214,0.5949041127190375,1.6354758739471436,0.5956614020755584,0.3703510761260986,0.9848484848484848,0.9153666496276855,1508,0.8087337017059326,0.0,0.7753677368164062,0.030610694203556,0.1574711799621582,5.107778825843124,0.0126338005065917,-,15.0,0.5853994490358126,0.0106332302093505,0,0,238,['cluster'],['intersecting']
figure_category_based_markersize60_yeast_tsne.png,yeast_tsne,1452,10,60,0.2943663502725131,1.098160982131958,0.2988498375374269,1.1407594680786133,0.3338498653015235,1.2969863414764404,0.3005967499430697,1.1583571434020996,0.3054886749620008,1.7498066425323486,0.2319033430956996,0.4620342254638672,0.2288684091493826,1.106041431427002,0.2323388149015248,1.957951545715332,0.2345103303707644,1.1399013996124268,0.2359999371037505,1.7478013038635254,0.1913086445886721,0.4725418090820312,0.1854432994451246,1.1218128204345703,0.1781654697556071,2.000687599182129,0.1922451014882868,1.1312730312347412,0.192265735513789,1.1035354137420654,0.9586776859504132,1.1373918056488037,39452,0.8645896911621094,0.0,0.8374490737915039,0.030610694203556,0.1601943969726562,5.107778825843124,0.0135846138000488,-,15.0,0.5853994490358126,0.0103967189788818,0,0,10312,['cluster'],['intersecting']
figure_category_based_markersize110_yeast_tsne.png,yeast_tsne,1452,10,110,0.1952170154939618,0.5409486293792725,0.1969305571237465,1.2334709167480469,0.2148186494678725,2.063687562942505,0.2002795686809275,1.2441482543945312,0.2040667443536977,0.5478401184082031,0.153066840422739,1.2322702407836914,0.1503951002888116,1.2518579959869385,0.1492490808966555,2.071422576904297,0.1553765584944249,1.2491247653961182,0.1565148387087709,1.2781269550323486,0.1258861921366126,1.3035242557525637,0.1216489743557681,1.2863917350769043,0.1143467661257745,2.091157913208008,0.1269207227615379,1.3061227798461914,0.1269360342666002,0.563575267791748,0.8161157024793388,1.1375141143798828,86398,0.9215090274810792,0.0,0.8747749328613281,0.030610694203556,0.155890941619873,5.107778825843124,0.013829231262207,-,15.0,0.5853994490358126,0.0103042125701904,10,0,31990,['cluster'],['intersecting']
figure_category_based_markersize160_yeast_tsne.png,yeast_tsne,1452,10,160,0.1600254863879006,0.6345674991607666,0.1605597503398355,1.3723173141479492,0.169707056627646,1.4658868312835691,0.1643876082067572,1.381908893585205,0.1675358612427974,1.3551137447357178,0.1261898843569732,1.388777494430542,0.1236136259904396,1.3548099994659424,0.1202675407810454,2.213486433029175,0.128277284223467,1.3867182731628418,0.1292626868039184,0.6720681190490723,0.1041652958113493,1.384382247924805,0.1004900383791403,1.3983399868011477,0.0931351566367593,2.207059621810913,0.1051741317749126,1.382584571838379,0.1052244158694195,1.3859474658966064,0.6515151515151515,1.1943233013153076,118458,0.2570104598999023,0.0,0.90557599067688,0.030610694203556,0.1544475555419922,5.107778825843124,0.0139298439025878,-,15.0,0.5853994490358126,0.0098264217376708,30,0,57866,['cluster'],['intersecting']
figure_ascending_markersize10_yeast_tsne.png,yeast_tsne,1452,10,10,0.797797325303996,0.3669166564941406,0.7802840004286657,1.0993564128875732,0.748749806198697,1.92651629447937,0.8051965018279724,0.3624372482299804,0.7867362679398002,1.088001728057861,0.6959110711876425,1.0834712982177734,0.6691890044929865,1.1174860000610352,0.643629158134524,1.986803770065308,0.701806349591569,0.3673341274261474,0.6873179248947292,1.0630125999450684,0.6171013942486794,1.128123760223389,0.585786153362801,1.115678787231445,0.5643914776663445,1.9427027702331543,0.621946200864792,1.1250817775726318,0.6102072171343024,0.3458678722381592,0.9848484848484848,1.0106995105743408,1508,0.9311845302581788,0.0,0.133601427078247,0.030610694203556,0.1480576992034912,5.107778825843124,0.0141694545745849,-,15.0,0.5853994490358126,0.0101222991943359,0,0,0,['cluster'],['intersecting']
figure_ascending_markersize60_yeast_tsne.png,yeast_tsne,1452,10,60,0.3630247216369643,1.226015329360962,0.33812380786668,1.2348735332489014,0.2727731606314901,2.055936813354492,0.367725061029696,0.463076114654541,0.340693073186907,1.2295334339141846,0.2767440189024328,1.2226855754852295,0.2523827902693495,1.2506515979766846,0.19849944809056,1.2710049152374268,0.277394173193251,1.2655034065246582,0.2586988328065547,1.23720383644104,0.2236005064200679,1.231309175491333,0.2013298225264939,0.4523534774780273,0.1560173164631053,2.038747549057007,0.2226906768032867,1.2472727298736572,0.2085156037329345,1.2236504554748535,0.9586776859504132,1.2744731903076172,39452,0.1673388481140136,0.0,0.9362099170684814,0.030610694203556,0.1532235145568847,5.107778825843124,0.0133976936340332,-,15.0,0.5853994490358126,0.0106914043426513,0,0,0,['cluster'],['intersecting']
figure_ascending_markersize110_yeast_tsne.png,yeast_tsne,1452,10,110,0.2579492054149845,0.5393099784851074,0.2336500142773601,1.4382994174957275,0.1627941745738562,1.3878912925720217,0.2615519375418468,1.3580546379089355,0.2357872859083039,1.3670406341552734,0.1953543111825604,1.3797695636749268,0.1737298211920165,0.5653495788574219,0.1205216100980264,2.206361532211304,0.1962222982293086,1.4090867042541504,0.1786722368571806,0.5622365474700928,0.1572061048678228,0.5696322917938232,0.1382700770850812,1.3853280544281006,0.0956772225722301,2.216692924499512,0.157005857548364,1.3818681240081787,0.1438317034978629,0.5398561954498291,0.8161157024793388,1.3066272735595703,86398,1.083538055419922,0.0,0.1426348686218261,0.030610694203556,0.1585333347320556,5.107778825843124,0.0137016773223876,-,15.0,0.5853994490358126,0.0104854106903076,4,0,0,['cluster'],['intersecting']
figure_ascending_markersize160_yeast_tsne.png,yeast_tsne,1452,10,160,0.2203108630925339,0.6331088542938232,0.196505490045756,0.6636786460876465,0.1221814819585582,2.328437328338623,0.2230937352860923,1.4869930744171145,0.1977896954707131,1.524226188659668,0.1678870130859941,0.6468212604522705,0.1473193537986309,1.4934217929840088,0.0932421894802563,2.305276393890381,0.1685822603175651,1.5286142826080322,0.1514689943407202,0.6479148864746094,0.1356165202981046,1.5014028549194336,0.1178268150535818,1.506497859954834,0.0753865174011414,1.4835374355316162,0.135478891490265,1.5114562511444092,0.1227272852000296,1.468306303024292,0.6515151515151515,1.252936601638794,118458,0.2125031948089599,0.0,1.0317792892456057,0.030610694203556,0.1574070453643798,5.107778825843124,0.0133726596832275,-,15.0,0.5853994490358126,0.0105681419372558,13,0,0,['cluster'],['intersecting']
figure_descending_markersize10_yeast_tsne.png,yeast_tsne,1452,10,10,0.6978057361533083,1.2788617610931396,0.7424097652438196,1.2134816646575928,0.8605089744874882,1.1775741577148438,0.7019827871946778,1.216071605682373,0.7271062524429128,1.222587823867798,0.6161449935945165,1.2509698867797852,0.6400855446681858,0.3593101501464844,0.7301584943396964,2.045959711074829,0.6202660624944651,1.2712879180908203,0.6403682440623466,0.3555722236633301,0.551594613206197,1.2373814582824707,0.5625507756647039,1.226526975631714,0.634103993496081,1.177501201629639,0.5555906220987039,1.2366325855255127,0.5721189870559424,1.236314058303833,0.9848484848484848,1.1627097129821775,1508,0.1424818038940429,0.0,1.0366606712341309,0.030610694203556,0.154628038406372,5.107778825843124,0.0134809017181396,-,15.0,0.5853994490358126,0.0103826522827148,0,0,656,['cluster'],['intersecting']
figure_descending_markersize60_yeast_tsne.png,yeast_tsne,1452,10,60,0.2327166127058294,1.3273937702178955,0.2790938147826191,1.3503820896148682,0.4719494627716978,2.1819839477539062,0.2330399739389816,0.4590754508972168,0.2614141931934642,1.374086618423462,0.1872090262097739,1.375260353088379,0.2134408338200368,0.4511096477508545,0.2955190735821825,2.197334289550781,0.1867578732572551,0.4562211036682129,0.2047117522594539,1.3354480266571045,0.1565882858948676,1.3495230674743652,0.1727935321703323,1.410853147506714,0.2151054934758286,1.26922607421875,0.1558131414277606,1.362060308456421,0.1682230723360546,0.4307727813720703,0.9586776859504132,1.4090638160705566,39452,1.1206655502319336,0.0,0.127101182937622,0.030610694203556,0.1557002067565918,5.107778825843124,0.0131976604461669,-,15.0,0.5853994490358126,0.0097362995147705,4,0,24379,['cluster'],['intersecting']
figure_descending_markersize110_yeast_tsne.png,yeast_tsne,1452,10,110,0.1428658340023456,0.5233726501464844,0.1808565892786841,0.5369603633880615,0.3421063953331901,2.275815010070801,0.1427805048961443,1.4663925170898438,0.1658896893190961,0.5411279201507568,0.1139080750489563,1.4629154205322266,0.1360626461843548,1.4943606853485107,0.2007276377439651,1.3789119720458984,0.1135720960064834,1.5211546421051023,0.1279583811051934,1.4608075618743896,0.094710929165956,1.4862384796142578,0.1090528165759262,0.5642647743225098,0.142031680140051,2.3424408435821533,0.0942844562069512,0.5646650791168213,0.1041451879062462,1.4960308074951172,0.8161157024793388,1.4798815250396729,86398,0.190990924835205,0.0,1.1192152500152588,0.030610694203556,0.1540052890777588,5.107778825843124,0.0134284496307373,-,15.0,0.5853994490358126,0.0100631713867187,22,0,73780,['cluster'],['intersecting']
figure_descending_markersize160_yeast_tsne.png,yeast_tsne,1452,10,160,0.1118084653221752,0.6116268634796143,0.1463471631883866,1.6306087970733645,0.2913601532210358,1.4286980628967283,0.1114300329463147,1.585277080535889,0.1322035819534426,0.629209041595459,0.089233738269193,1.6632184982299805,0.1098852353726178,1.5933141708374023,0.1676747372434922,1.4324307441711426,0.0888458703399347,1.5905303955078125,0.1017949090148243,0.632655143737793,0.0742435653930982,1.589402675628662,0.0879682316931624,1.6149373054504397,0.1177069236732014,1.4517788887023926,0.0738735043574557,1.5945546627044678,0.0827591475520544,1.6162865161895752,0.6515151515151515,0.3460855484008789,118458,1.2206132411956787,0.0,0.1390628814697265,0.030610694203556,0.1555917263031005,5.107778825843124,0.0134274959564208,-,15.0,0.5853994490358126,0.009714126586914,68,0,129989,['cluster'],['intersecting']
figure_category_based_markersize10_tse300_tsne.png,tse300_tsne,244,8,10,1.0,0.2903499603271484,1.0,0.3069987297058105,1.0,1.9157018661499023,1.0,1.385864496231079,1.0,0.3514890670776367,0.9812129144426968,1.3154878616333008,0.9788114187906216,0.2991518974304199,0.9687491389861314,1.878310203552246,0.9722762692499676,1.3164854049682615,0.9753760196409108,0.3048884868621826,0.963118720636263,1.2886710166931152,0.95850211880692,1.3556485176086426,0.9393923201515788,0.9162993431091307,0.946048281419366,1.3013060092926023,0.951935576697201,0.2954120635986328,0.9918032786885246,1.1452078819274902,18,0.1050143241882324,0.0,1.1326243877410889,0.0302734821288026,0.0246217250823974,15.035925530517549,0.0029399394989013,0.007713519115593511,3.429464101791382,0.3237704918032787,0.0019652843475341,0,0,0,['cluster'],['intersecting']
figure_category_based_markersize60_tse300_tsne.png,tse300_tsne,244,8,60,0.899461922251805,0.7384219169616699,0.9061075108572928,0.5950582027435303,0.974048405412922,1.322563648223877,0.8968635092969165,0.6357150077819824,0.9102533451760842,0.5738637447357178,0.7890351535719157,0.5995364189147949,0.780687012311714,0.5861876010894775,0.7650479178540968,1.2899677753448486,0.7950534663482262,0.6734473705291748,0.7925207163865378,0.5751526355743408,0.7027577220428993,0.6810791492462158,0.6857655429966194,0.6969876289367676,0.6298925673125624,1.265533685684204,0.7140015276307063,0.6411073207855225,0.7017553269032345,0.6339895725250244,0.9918032786885246,0.3536934852600097,1080,0.3143568038940429,0.0,0.3433434963226318,0.0302734821288026,0.029958963394165,15.035925530517549,0.0030384063720703,0.017730131625117374,4.324928045272827,0.3237704918032787,0.0022759437561035,0,0,91,['cluster'],['intersecting']
figure_category_based_markersize110_tse300_tsne.png,tse300_tsne,244,8,110,0.8157694816452322,0.5818612575531006,0.8308472045606672,0.7806065082550049,0.9264420620279707,1.3195865154266355,0.8210404389635633,0.6570546627044678,0.8368904330285903,0.6636636257171631,0.6325451202896841,0.6602299213409424,0.6227349164459381,0.6525471210479736,0.5920686768898964,1.2473068237304688,0.6473661329970374,0.8136453628540039,0.6387351233227266,0.6588983535766602,0.5165307158910399,0.6580114364624023,0.4979958970095083,0.743649959564209,0.4350496554535097,1.394582748413086,0.5343378860272012,0.608618974685669,0.5164518744223915,0.881659746170044,0.9918032786885246,0.4560799598693847,4469,0.2776453495025635,0.0,0.4211957454681396,0.0302734821288026,0.0303413867950439,15.035925530517549,0.0031807422637939,0.024560367412556953,4.640502452850342,0.3237704918032787,0.0021016597747802,0,0,428,['cluster'],['intersecting']
figure_category_based_markersize160_tse300_tsne.png,tse300_tsne,244,8,160,0.7489545048150641,0.8059947490692139,0.7660505424193926,0.8104991912841797,0.8757694509413226,1.3284072875976562,0.756391680301757,0.8265087604522705,0.7741032748246841,0.785348653793335,0.5302291215657053,0.6727955341339111,0.519982089484869,0.8332533836364746,0.4870270690668861,1.406458854675293,0.5422940393000826,0.8955016136169434,0.5349888874609698,0.8225841522216797,0.4103810506748252,0.7059762477874756,0.3935629738467382,0.8470244407653809,0.3373028371909297,1.3358421325683594,0.4226596734242331,0.8760602474212646,0.4087341399910909,0.6892745494842529,0.9918032786885246,0.5285549163818359,9512,0.5047574043273926,0.0,0.314284086227417,0.0302734821288026,0.0307717323303222,15.035925530517549,0.0028867721557617,0.029597088091334663,5.328460216522217,0.3237704918032787,0.0020830631256103,0,0,951,['cluster'],['intersecting']
figure_ascending_markersize10_tse300_tsne.png,tse300_tsne,244,8,10,1.0,0.85579514503479,1.0,0.6713500022888184,1.0,1.3193130493164062,1.0,0.8309204578399658,1.0,0.6568920612335205,0.981405402102834,0.8630578517913818,0.9788121875225948,0.904149293899536,0.9682102164801828,1.3497629165649414,0.9723168235664488,0.7270352840423584,0.9753965279371686,0.6777305603027344,0.9634896985796833,0.713789701461792,0.9585035931323864,0.872943639755249,0.9383793403897248,1.364077091217041,0.9461250761550416,0.9141759872436525,0.9519746463218648,0.7173519134521484,0.9918032786885246,0.553053617477417,18,0.3339159488677978,0.0,0.5564155578613281,0.0302734821288026,0.0295827388763427,15.035925530517549,0.0028223991394042,0.00771351911559351,3.098240613937378,0.3237704918032787,0.0020203590393066,0,0,0,['cluster'],['intersecting']
figure_ascending_markersize60_tse300_tsne.png,tse300_tsne,244,8,60,0.919931049182611,0.7449140548706055,0.9237826863663576,0.7761561870574951,0.9482717891844858,1.4121639728546145,0.9072295755678876,0.9819464683532716,0.914102419911426,0.7860715389251709,0.8101181178898103,0.7916700839996338,0.7941324505480182,0.5545833110809326,0.7436103706396588,1.6547508239746094,0.8057326114489438,0.7726624011993408,0.7964869130001262,0.7424399852752686,0.7237263089492855,1.0079736709594729,0.6963953689396118,0.7831118106842041,0.611609355941254,1.4513578414916992,0.7246606749664508,0.7791461944580078,0.7056876648866217,0.7827610969543457,0.9918032786885246,0.6635940074920654,1080,0.3627853393554687,0.0,0.366987943649292,0.0302734821288026,0.0297536849975585,15.035925530517549,0.0030255317687988,0.01773013162511737,3.846416711807251,0.3237704918032787,0.0021357536315917,0,0,0,['cluster'],['intersecting']
figure_ascending_markersize110_tse300_tsne.png,tse300_tsne,244,8,110,0.8622143884342157,0.5916986465454102,0.8578090709397008,0.8132216930389404,0.8630987495587739,1.9105708599090576,0.8511228756245293,0.6159064769744873,0.8533010361721608,0.8379466533660889,0.670901838497204,1.0794353485107422,0.6366328918403016,0.6111714839935303,0.5550223831712737,1.7060613632202148,0.6705695162972014,0.6017742156982422,0.6499560239149296,1.0879747867584229,0.549071122256795,0.6256353855133057,0.5061324697991959,0.8689815998077393,0.4090243366426098,1.5065255165100098,0.5532133393027676,0.8525536060333252,0.5248759974991867,1.1322486400604248,0.9918032786885246,0.443216323852539,4469,0.4122626781463623,0.0,0.6935656070709229,0.0302734821288026,0.026902437210083,15.035925530517549,0.0025010108947753,0.024560367412556953,3.9121618270874015,0.3237704918032787,0.002129316329956,0,0,0,['cluster'],['intersecting']
figure_ascending_markersize160_tse300_tsne.png,tse300_tsne,244,8,160,0.8104927128391746,0.6478259563446045,0.8012333522828698,0.6434755325317383,0.7877477840585738,1.573859691619873,0.8038910468020266,0.9313535690307616,0.8007274242080663,0.9283733367919922,0.574023558598924,0.945598602294922,0.5348503600143827,0.6523635387420654,0.445235286701636,1.5875630378723145,0.5729133702448475,0.934978723526001,0.5500765396929272,0.9348723888397216,0.4443733108831029,0.9505350589752196,0.4013988256278679,0.6693770885467529,0.3103118071570656,1.5957345962524414,0.4450418865090534,0.9639694690704346,0.4189370915217841,1.0832927227020264,0.9918032786885246,0.5048496723175049,9512,0.4487419128417969,0.0,0.7649917602539062,0.0302734821288026,0.0289657115936279,15.035925530517549,0.002962589263916,0.029597088091334652,4.585105895996094,0.3237704918032787,0.001598834991455,0,0,0,['cluster'],['intersecting']
figure_descending_markersize10_tse300_tsne.png,tse300_tsne,244,8,10,1.0,0.9213535785675048,1.0,0.9337751865386964,1.0,1.3084299564361572,1.0,0.9318385124206544,1.0,0.6182820796966553,0.9811016738453674,0.925905704498291,0.978811248081658,0.9507403373718262,0.968761501182115,1.5988447666168213,0.9721712416355076,0.635068416595459,0.9753275455076124,0.9464843273162842,0.9629043925786868,0.9853904247283936,0.9585017914101812,0.6553349494934082,0.939415569039182,1.632286787033081,0.9458494264963474,0.6577589511871338,0.9518432365694656,0.9912738800048828,0.9918032786885246,0.4741122722625732,18,0.4519479274749756,0.0,0.4809582233428955,0.0302734821288026,0.0225658416748046,15.035925530517549,0.0025677680969238,0.007713519115593511,3.559924364089966,0.3237704918032787,0.0020482540130615,0,0,0,['cluster'],['intersecting']
figure_descending_markersize60_tse300_tsne.png,tse300_tsne,244,8,60,0.8724147531049062,0.6752884387969971,0.9060303847105622,0.6866083145141602,0.9947694942183838,1.6457841396331787,0.872691887058709,0.6696023941040039,0.8912867162666206,1.039222002029419,0.7634615824097029,1.025721549987793,0.7801118657020952,0.6915929317474365,0.7823865573053397,1.2961621284484863,0.7725591512405625,1.0210785865783691,0.7766162513179201,1.0477864742279053,0.6787007520522024,0.7002151012420654,0.6849225298385375,1.0675840377807615,0.6447357101078143,1.3600919246673584,0.6930397192937275,1.030493974685669,0.688088679480565,1.070645093917847,0.9918032786885246,0.5153083801269531,1080,0.5344531536102295,0.0,0.5193657875061035,0.0302734821288026,0.02708101272583,15.035925530517549,0.0028965473175048,0.01773013162511737,3.7318732738494873,0.3237704918032787,0.0020599365234375,0,0,175,['cluster'],['intersecting']
figure_descending_markersize110_tse300_tsne.png,tse300_tsne,244,8,110,0.7819143243947239,1.0895020961761477,0.8306369451356521,0.7265222072601318,0.964071935096817,1.744593620300293,0.7936067221146461,0.7262670993804932,0.8133729752057304,1.0853195190429688,0.6008985538257683,0.7256841659545898,0.6216206135249891,0.7226250171661377,0.6190361901196996,1.7968857288360596,0.6214312443013059,0.744128942489624,0.6209251082103492,1.0971858501434326,0.4879390406446553,0.7307143211364746,0.4966473525362973,1.1117732524871826,0.4558795481743396,1.3814408779144287,0.5106451670432057,1.1147942543029783,0.5021209359111751,0.7355189323425293,0.9918032786885246,0.5684263706207275,4469,1.029436111450195,0.0,0.1187019348144531,0.0302734821288026,0.0263094902038574,15.035925530517549,0.0029160976409912,0.024560367412556953,4.4959800243377686,0.3237704918032787,0.0019083023071289,0,0,733,['cluster'],['intersecting']
figure_descending_markersize160_tse300_tsne.png,tse300_tsne,244,8,160,0.7058066533731806,0.7497334480285645,0.7655958418485481,1.160431146621704,0.9369245141490204,1.4126451015472412,0.7241802583133232,1.1884782314300537,0.7460549395502759,0.7768239974975586,0.494259472309936,1.1890807151794434,0.5185436355757007,0.7821393013000488,0.5214527620263971,1.4408700466156006,0.5144907453721882,0.7943060398101807,0.5166423277098812,1.188614845275879,0.3802803356279577,0.7832808494567871,0.3920363565112971,0.7899155616760254,0.3612564511584526,1.8560354709625244,0.3989678779118838,0.7881262302398682,0.3951372447184109,1.2548987865447998,0.9918032786885246,0.6148757934570312,9512,0.5825121402740479,0.0,0.1184737682342529,0.0302734821288026,0.0262923240661621,15.035925530517549,0.0027344226837158,0.029597088091334663,5.204017639160156,0.3237704918032787,0.0020391941070556,0,0,1624,['cluster'],['intersecting']
figure_category_based_markersize10_cereal_umap.png,cereal_umap,77,7,10,1.0,0.7453444004058838,1.0,0.7344064712524414,1.0,1.2904860973358154,1.0,1.184777021408081,1.0,0.7329494953155518,1.0,0.7456808090209961,1.0,1.19329571723938,1.0,1.3386173248291016,1.0,0.7761795520782471,1.0,0.7388694286346436,1.0,0.7673165798187256,1.0,0.7759397029876709,1.0,1.3229894638061523,1.0,1.214831829071045,1.0,0.7738981246948242,1.0,0.5916109085083008,0,0.6095771789550781,0.0,0.6009161472320557,0.0291357812759033,0.0095634460449218,19.22260661129754,0.001493215560913,0.006162282222054463,0.9705750942230223,0.8311688311688312,0.0006382465362548,0,0,0,['cluster'],['intersecting']
figure_category_based_markersize60_cereal_umap.png,cereal_umap,77,7,60,0.7600654417728081,0.8025038242340088,0.8082261736636669,0.778144121170044,0.8440225059669306,1.3411614894866943,0.7805811431665332,0.7708392143249512,0.7969869990959706,1.2981388568878174,0.7497641567103326,0.8142831325531006,0.798813439480446,0.7920763492584229,0.8362944263142738,1.3346455097198486,0.7712484013504622,0.8207542896270752,0.7864014381255465,1.2593364715576172,0.7397383676427949,0.8071866035461426,0.789617425817625,0.8062255382537842,0.8287065830550544,1.363417148590088,0.7621361900794582,0.8107612133026123,0.7760933855960963,0.7918975353240967,1.0,0.6281108856201172,197,0.6639542579650879,0.0,1.1561965942382812,0.0291357812759033,0.0099976062774658,19.22260661129754,0.0016942024230957,0.02287630562070009,0.5113637447357178,0.8311688311688312,0.0006153583526611,0,0,102,['cluster'],['intersecting']
figure_category_based_markersize110_cereal_umap.png,cereal_umap,77,7,110,0.635318038981046,1.313185214996338,0.6968268073960284,0.8323845863342285,0.7567820040107937,1.3826837539672852,0.6578466447947047,0.8323228359222412,0.6827536970456571,0.8353276252746582,0.615276466647102,0.8379156589508057,0.6763038626519089,0.8256194591522217,0.7302199686335786,1.3876314163208008,0.6390289663566314,1.3745183944702148,0.6613209298178546,0.8894224166870117,0.5964606781871775,0.8470573425292969,0.6569552161067198,0.8421850204467773,0.7054592917601737,1.4349539279937744,0.6212579073711904,0.8765220642089844,0.6411928270059326,0.8404178619384766,1.0,0.6482055187225342,734,0.662247896194458,0.0,0.1164851188659668,0.0291357812759033,0.0100538730621337,19.22260661129754,0.0015289783477783,0.03203057923001049,1.130829095840454,0.8311688311688312,0.0006697177886962,0,0,337,['cluster'],['intersecting']
figure_category_based_markersize160_cereal_umap.png,cereal_umap,77,7,160,0.533279183409106,1.3545799255371094,0.5910509547695686,0.8585114479064941,0.6424122352298898,1.415482759475708,0.5402356155571718,0.3268873691558838,0.5688474330845428,1.4510602951049805,0.509936080572134,0.907749891281128,0.5628446405885702,0.8525338172912598,0.5977853102065889,1.4213452339172363,0.516566460809904,0.8787550926208496,0.5417969263706985,0.8866672515869141,0.4885508599957948,0.8890511989593506,0.5372078437941856,0.8908953666687012,0.5589559075146174,0.8753581047058105,0.4948842688122065,0.9260106086730956,0.5172023097165659,0.8811845779418945,1.0,0.7119448184967041,1724,0.1142988204956054,0.0,0.6993415355682373,0.0291357812759033,0.0103993415832519,19.22260661129754,0.0016829967498779,0.03983329616260562,1.2436158657073977,0.8311688311688312,0.0005228519439697,0,0,801,['cluster'],['intersecting']
figure_ascending_markersize10_cereal_umap.png,cereal_umap,77,7,10,1.0,0.8634583950042725,1.0,0.8507382869720459,1.0,1.9705781936645508,1.0,0.3082988262176513,1.0,1.4298436641693115,1.0,0.3147151470184326,1.0,1.4758727550506592,1.0,1.5899348258972168,1.0,0.2837178707122803,1.0,1.430164098739624,1.0,0.308870792388916,1.0,1.4669020175933838,1.0,0.8710806369781494,1.0,1.478945255279541,1.0,0.907681941986084,1.0,0.1048798561096191,0,0.6986877918243408,0.0,0.7237222194671631,0.0291357812759033,0.0097389221191406,19.22260661129754,0.0015630722045898,0.006162282222054463,1.0230562686920166,0.8311688311688312,0.0005617141723632,0,0,0,['cluster'],['intersecting']
figure_ascending_markersize60_cereal_umap.png,cereal_umap,77,7,60,0.783212018793956,0.9306836128234864,0.810959679942922,0.9467546939849854,0.749316084232378,1.4655985832214355,0.8178394073995445,0.9007108211517334,0.820065143629295,0.9229536056518556,0.7723189138830397,0.9066948890686036,0.8014949261573872,0.9276943206787108,0.7425032902741355,1.494762659072876,0.8076577164908035,0.3023350238800049,0.8089000197545301,0.9054832458496094,0.7617246604240488,1.5284926891326904,0.7922485509586864,0.3102166652679443,0.7358132641742734,1.4888219833374023,0.7977264221721325,1.5256478786468506,0.7980348368131317,0.3006346225738525,1.0,0.7624309062957764,197,0.7650244235992432,0.0,0.776533842086792,0.0291357812759033,0.0097353458404541,19.22260661129754,0.0016350746154785,0.02287630562070009,1.0961904525756836,0.8311688311688312,0.0005593299865722,0,0,0,['cluster'],['intersecting']
figure_ascending_markersize110_cereal_umap.png,cereal_umap,77,7,110,0.6806521224966235,0.3176007270812988,0.7009340350025903,0.9357147216796876,0.6061998618927162,1.4817509651184082,0.7046121880750664,0.9341788291931152,0.7113131265959669,0.3230600357055664,0.656098259967735,0.9396278858184814,0.6789134003437912,1.575303077697754,0.5877143491470018,0.8835573196411133,0.6817089197277375,0.9358811378479004,0.6866788219943283,0.9472057819366456,0.6332542302476691,0.9425809383392334,0.6582342283551292,0.94114089012146,0.5703228725204119,1.4972941875457764,0.6602477092675881,1.6809217929840088,0.663693681279895,0.3406336307525635,1.0,0.7843434810638428,734,0.8225188255310059,0.0,0.8164255619049072,0.0291357812759033,0.0102081298828125,19.22260661129754,0.0017831325531005,0.03203057923001049,0.4822573661804199,0.8311688311688312,0.000575304031372,0,0,0,['cluster'],['intersecting']
figure_ascending_markersize160_cereal_umap.png,cereal_umap,77,7,160,0.5847326898927978,0.9771325588226318,0.5914189363547195,0.9426722526550292,0.4830959970011665,1.5201537609100342,0.5907227575625715,0.9858355522155762,0.6021250191437528,1.6525037288665771,0.5536253066342042,0.3198223114013672,0.5599534289974605,0.9860076904296876,0.4555096714180396,1.5390985012054443,0.5600709316092667,0.9837756156921388,0.5691688351782881,0.9935510158538818,0.525660522681451,1.0181262493133545,0.531666932332298,0.9933195114135742,0.4309036932075298,1.572178840637207,0.5324431573606705,1.0131914615631104,0.5396330329096799,1.0058958530426023,1.0,0.1099133491516113,1724,0.7896091938018799,0.0,0.8276677131652832,0.0291357812759033,0.0099139213562011,19.22260661129754,0.0016078948974609,0.039833296162605614,1.2582924365997314,0.8311688311688312,0.0005545616149902,0,0,0,['cluster'],['intersecting']
figure_descending_markersize10_cereal_umap.png,cereal_umap,77,7,10,1.0,0.3029978275299072,1.0,0.981963872909546,1.0,1.574355125427246,1.0,0.9815967082977296,1.0,0.996558666229248,1.0,1.025174856185913,1.0,0.9999854564666748,1.0,0.859621524810791,1.0,1.0105068683624268,1.0,1.0196211338043213,1.0,1.0044434070587158,1.0,1.0071072578430176,1.0,1.5831243991851809,1.0,1.024406909942627,1.0,0.9908571243286132,1.0,0.097811222076416,0,0.8275735378265381,0.0,0.8544943332672119,0.0291357812759033,0.009737491607666,19.222606611297536,0.001570701599121,0.006162282222054463,1.1320626735687256,0.8311688311688312,0.0005552768707275,0,0,0,['cluster'],['intersecting']
figure_descending_markersize60_cereal_umap.png,cereal_umap,77,7,60,0.7368423020054389,0.3133652210235595,0.8067973654875786,1.0417277812957764,1.0377452908311604,1.6139414310455322,0.77196135708776,1.0732035636901855,0.7859307636901065,1.0435326099395752,0.7268128075478584,0.3130857944488525,0.7974157047740047,1.0316777229309082,1.0263374310800653,1.6045541763305664,0.7626034201042381,1.0683836936950684,0.7755135837115302,1.103020191192627,0.7170526786214199,1.0501940250396729,0.7882497211482241,1.0526976585388184,1.0151776557273793,0.8696906566619873,0.7534696449589094,1.0400354862213137,0.765368941986035,1.045426607131958,1.0,0.8817510604858398,197,0.1111762523651123,0.0,0.8625564575195312,0.0291357812759033,0.009366750717163,19.222606611297536,0.0014557838439941,0.022876305620700095,1.2114996910095217,0.8311688311688312,0.000547170639038,0,0,176,['cluster'],['intersecting']
figure_descending_markersize110_cereal_umap.png,cereal_umap,77,7,110,0.6041643155616991,1.0805461406707764,0.694725735121657,0.3133199214935303,1.029819039955188,1.6233038902282717,0.6426372567014864,1.067416429519653,0.6628970115974213,1.0856945514678955,0.5835211577043857,1.0955579280853271,0.6743144298962791,1.106879472732544,0.983765616902217,0.9085073471069336,0.6239275004783986,1.0668888092041016,0.6422682001708905,1.1120691299438477,0.5642420679302851,1.1127054691314695,0.6550682758447289,0.3134989738464355,0.9416548875193972,1.636676788330078,0.6062763563638909,1.077392578125,0.6228845439280759,1.086660623550415,1.0,0.9155187606811525,734,0.1084864139556884,0.0,0.9066436290740968,0.0291357812759033,0.009998083114624,19.222606611297536,0.0017001628875732,0.03203057923001049,1.30090594291687,0.8311688311688312,0.0006160736083984,0,0,657,['cluster'],['intersecting']
figure_descending_markersize160_cereal_umap.png,cereal_umap,77,7,160,0.4931851993196556,0.3189682960510254,0.5844316369958124,1.100553274154663,1.0042083781400355,1.6778366565704346,0.5137688176919759,1.1301279067993164,0.5398299774187689,0.3195252418518066,0.4704050443643187,1.1024093627929688,0.5586963529367355,1.1080243587493896,0.9038330100793068,1.6847071647644043,0.4924137806446265,1.1303119659423828,0.5162897192475071,0.3144958019256592,0.4496364022188635,1.1462442874908447,0.5351319661280594,1.122173309326172,0.8217001963708046,1.7788429260253906,0.4727631625023765,0.3211164474487304,0.4947167064852611,1.140765905380249,1.0,0.9445374011993408,1724,0.9525547027587892,0.0,0.1153981685638427,0.0291357812759033,0.0092356204986572,19.222606611297536,0.0015673637390136,0.039833296162605614,1.368990182876587,0.8311688311688312,0.0005900859832763,0,0,1562,['cluster'],['intersecting']
figure_category_based_markersize10_grid6_4d_tsne.png,grid6_4d_tsne,1296,16,10,1.0,0.3634328842163086,1.0,1.20302414894104,1.0,2.805794477462769,1.0,1.2363145351409912,1.0,1.2161455154418943,0.976181897094348,0.3995759487152099,0.970759993876836,1.2421667575836182,0.9445574177921974,2.587249279022217,0.9723525548249944,1.2192392349243164,0.9735374080194802,0.3852326869964599,0.9534720028136736,1.1978511810302734,0.943181364989295,1.199734449386597,0.8949396525354768,1.694465160369873,0.9461927428422742,1.2101750373840332,0.9484392472024504,1.2173094749450684,1.0,1.0834004878997805,129,0.1397745609283447,0.0,0.9950940608978271,0.0298651747727306,0.1251072883605957,7.601228571565228,0.0117757320404052,-,15.0,0.5455246913580247,0.0139911174774169,0,0,0,['cluster'],['intersecting']
figure_category_based_markersize60_grid6_4d_tsne.png,grid6_4d_tsne,1296,16,60,0.9068362288474852,0.4350080490112304,0.9314501741473556,1.348999261856079,1.0487949545343616,2.7598586082458496,0.9196520316379648,0.4624443054199219,0.9239259295221632,1.3397538661956787,0.5731303181186174,1.3156602382659912,0.5655172236149386,0.4637298583984375,0.543966205992632,2.745171070098877,0.5641656003774307,1.3675928115844729,0.5637982548759053,1.3182778358459473,0.4189582278102512,0.4674928188323974,0.4060104578202173,1.3814570903778076,0.3672118358858016,2.665547132492065,0.4068860407425906,1.3556737899780271,0.4056745177990809,0.470409631729126,1.0,1.5781362056732178,16464,1.085202693939209,0.0,0.1413729190826416,0.0298651747727306,0.1299629211425781,7.601228571565228,0.0117278099060058,-,15.0,0.5455246913580247,0.0146641731262207,0,0,383,['cluster'],['intersecting']
figure_category_based_markersize110_grid6_4d_tsne.png,grid6_4d_tsne,1296,16,110,0.6673647797604548,0.5422770977020264,0.7079691508770245,1.4473414421081543,1.0826472962713618,2.7618725299835205,0.689681598477527,0.5678956508636475,0.7016440152020341,1.412764549255371,0.3124102134083419,1.470407009124756,0.3081326913973747,1.5303549766540527,0.3035440881746269,1.8976962566375728,0.3133631426448703,1.4616146087646484,0.3124415016016572,1.4852654933929443,0.203939770932611,0.597646951675415,0.1969194214640544,1.483484983444214,0.1765173075502761,2.836472749710083,0.2027399456964621,0.5749173164367676,0.2009656756576104,1.5137274265289309,1.0,1.643326997756958,68752,0.1942203044891357,0.0,1.1286847591400146,0.0298651747727306,0.131192922592163,7.601228571565228,0.012331485748291,-,15.0,0.5455246913580247,0.0151326656341552,0,0,3378,['cluster'],['intersecting']
figure_category_based_markersize160_grid6_4d_tsne.png,grid6_4d_tsne,1296,16,160,0.5097116804424249,1.5481500625610352,0.5512859176177034,1.5936219692230225,1.01963514508192,2.912757396697998,0.5230004120250648,0.6516523361206055,0.5386170063975628,1.66162109375,0.2306122252864998,0.6428699493408203,0.2298685494180316,1.605595588684082,0.234611439142669,2.973221778869629,0.2306254800407399,1.586095094680786,0.2313819175025399,0.6177287101745605,0.1490163355670489,1.6017794609069824,0.1452077656367254,0.6479887962341309,0.1325558393780336,2.959139108657837,0.1479284626043258,1.5846824645996094,0.1473380942523151,1.6230945587158203,0.9799382716049384,0.6330370903015137,118438,1.181751012802124,0.0,0.1461474895477295,0.0298651747727306,0.1266782283782959,7.601228571565228,0.0121462345123291,-,15.0,0.5455246913580247,0.0154147148132324,0,0,9197,['cluster'],['intersecting']
figure_ascending_markersize10_grid6_4d_tsne.png,grid6_4d_tsne,1296,16,10,1.0,0.3552753925323486,1.0,1.3766212463378906,1.0,1.7032465934753418,1.0,1.3444209098815918,1.0,0.3593120574951172,0.9763785919132566,1.3397233486175537,0.9708200362420508,1.3505771160125732,0.943039684973952,1.7025556564331057,0.9725390608788012,1.3584344387054443,0.9736230611051798,1.36987042427063,0.9538473738432368,0.3781783580780029,0.9432947302017004,1.341533899307251,0.8922186306973231,2.734473705291748,0.9465460182949896,0.3743405342102051,0.9486018481217586,1.3462350368499756,1.0,0.2442576885223388,129,1.1548409461975098,0.0,1.161332607269287,0.0298651747727306,0.1212513446807861,7.601228571565228,0.0122883319854736,-,15.0,0.5455246913580247,0.014622688293457,0,0,0,['cluster'],['intersecting']
figure_ascending_markersize60_grid6_4d_tsne.png,grid6_4d_tsne,1296,16,60,0.92460585641974,1.456098556518555,0.938663293065775,1.464005708694458,1.033017416459624,1.8200457096099851,0.9304079353356652,1.4948997497558594,0.9364182822690864,0.4508464336395263,0.5863180465840407,1.4451205730438232,0.5706985009143316,1.4703214168548584,0.5046771583974385,1.8049802780151367,0.5733871978291736,1.4772562980651855,0.5708044167615752,1.4844660758972168,0.4292626640559411,0.4602861404418945,0.409981799929618,1.485126495361328,0.3339019001354539,1.8053157329559328,0.4143794604965702,1.4780960083007812,0.4105211168312844,1.4853730201721191,1.0,0.6692190170288086,16464,1.2540807723999023,0.0,0.1489083766937255,0.0298651747727306,0.1291618347167968,7.601228571565228,0.011946678161621,-,15.0,0.5455246913580247,0.0155260562896728,0,0,0,['cluster'],['intersecting']
figure_ascending_markersize110_grid6_4d_tsne.png,grid6_4d_tsne,1296,16,110,0.7155731459107696,0.8895125389099121,0.7296375322041448,0.8016571998596191,0.973000251399389,2.3357138633728027,0.735492828894627,0.8740355968475342,0.7487044954493468,0.7731602191925049,0.330011335393281,0.7704203128814697,0.3152379988846353,0.876410961151123,0.2579637496813528,2.265528440475464,0.3286649999521359,0.8149654865264893,0.3246876011197291,0.9465494155883788,0.2144580444703836,0.9203863143920898,0.2010507198539771,0.9058456420898438,0.1486927300773213,2.267158508300781,0.2116137434047283,0.8880126476287842,0.2072914067175162,0.8798189163208008,1.0,0.9503507614135742,68752,0.4539682865142822,0.0,0.280501127243042,0.0298651747727306,0.1309633255004882,7.601228571565228,0.012315034866333,-,15.0,0.5455246913580247,0.0145111083984375,0,0,0,['cluster'],['intersecting']
figure_ascending_markersize160_grid6_4d_tsne.png,grid6_4d_tsne,1296,16,160,0.5660877272827959,0.8926136493682861,0.5759964412993919,1.0755765438079834,0.7962772021342021,2.3670194149017334,0.5948891876700114,0.8774669170379639,0.6072252951804988,1.1307122707366943,0.2483834416684365,1.0226712226867676,0.2368414573331129,1.0646653175354004,0.1858146604447841,2.296184062957764,0.2497586541540278,1.0853850841522217,0.2466889120360874,1.084357976913452,0.1590949181899006,1.1251568794250488,0.1490680479860787,1.0139265060424805,0.1051793543078052,2.6056971549987797,0.1580591550736699,0.9936678409576416,0.1547857812350584,1.0738117694854736,0.9799382716049384,1.004288673400879,118438,0.5751457214355469,0.0,0.3321456909179687,0.0298651747727306,0.129371166229248,7.601228571565228,0.0121948719024658,-,15.0,0.5455246913580247,0.0144858360290527,0,0,0,['cluster'],['intersecting']
figure_descending_markersize10_grid6_4d_tsne.png,grid6_4d_tsne,1296,16,10,1.0,0.542006254196167,1.0,0.7029681205749512,1.0,2.2468690872192383,1.0,1.054272174835205,1.0,0.7290832996368408,0.9759819281415272,0.7278149127960205,0.9706208924420464,0.9147634506225586,0.9468815988628582,2.27348256111145,0.9721076472438815,0.7631709575653076,0.9734227352584236,0.8953738212585449,0.9530905312737638,0.9006843566894531,0.9429187801807034,0.7208590507507324,0.8991216921482231,2.3001883029937744,0.945729039268889,0.962085485458374,0.9482215987936052,0.7679674625396729,1.0,0.4568696022033691,129,0.583181619644165,0.0,0.5763494968414307,0.0298651747727306,0.1164288520812988,7.60122857156523,0.011730670928955,-,15.0,0.5455246913580247,0.0155706405639648,0,0,0,['cluster'],['intersecting']
figure_descending_markersize60_grid6_4d_tsne.png,grid6_4d_tsne,1296,16,60,0.889649351911441,0.6680252552032471,0.9247165029110098,0.9207208156585692,1.0640676112929834,2.6227915287017822,0.9074390540124988,0.910569190979004,0.909932672958236,0.8935410976409912,0.5606003489168344,0.9044520854949952,0.5602911744036194,0.9201779365539552,0.584770246488574,2.276353597640991,0.5545269336896079,0.9340014457702636,0.556170781968246,0.952794313430786,0.4092380490114297,0.9257152080535888,0.4019034079720758,0.9090235233306884,0.4031678112261623,2.282551050186157,0.3992533242943994,0.9177396297454834,0.4004749095987835,1.1385645866394043,1.0,0.9327349662780762,16464,0.7150201797485352,0.0,0.4019532203674316,0.0298651747727306,0.1267762184143066,7.60122857156523,0.0114462375640869,-,15.0,0.5455246913580247,0.0145952701568603,0,0,779,['cluster'],['intersecting']
figure_descending_markersize110_grid6_4d_tsne.png,grid6_4d_tsne,1296,16,110,0.6211447496333906,0.5531563758850098,0.6898610674319399,1.2812726497650146,1.2031716682932454,2.678463935852051,0.6368629497270816,1.0741331577301023,0.6491691707746582,0.8247578144073486,0.2948291712056655,1.091291904449463,0.3015714655716375,1.3519649505615234,0.3575909161630624,2.2013394832611084,0.2961062377884432,1.0999553203582764,0.2984441889591058,1.3323514461517334,0.1932868177266292,0.8285236358642578,0.1929622816844783,1.3544867038726809,0.2100025629634161,2.1836953163146973,0.1928961736604458,1.100271224975586,0.1937612757982428,1.1038169860839844,1.0,1.3257298469543457,68752,0.5264451503753662,0.0,0.4580678939819336,0.0298651747727306,0.1270248889923095,7.60122857156523,0.0123989582061767,-,15.0,0.5455246913580247,0.014632225036621,0,0,7255,['cluster'],['intersecting']
figure_descending_markersize160_grid6_4d_tsne.png,grid6_4d_tsne,1296,16,160,0.4572584285465132,0.940221071243286,0.5298734177872181,0.9617464542388916,1.331672134522819,2.906691551208496,0.4524936541377511,0.9416258335113524,0.4716176164556592,1.2298686504364014,0.212733388805771,1.258806228637695,0.2232715887127783,0.981130599975586,0.2969306417751225,2.6337692737579346,0.2101942195943539,1.2489752769470217,0.2148541393512866,1.2350735664367676,0.1386098981529232,1.2619609832763672,0.1414335693134906,0.9947464466094972,0.1670943139361477,2.619257688522339,0.1368919064572459,1.2433574199676514,0.1391153586802029,1.2593591213226318,0.9799382716049384,1.340698480606079,118438,0.5935993194580078,0.0,0.4901201725006103,0.0298651747727306,0.1268959045410156,7.60122857156523,0.0115351676940917,-,15.0,0.5455246913580247,0.0148437023162841,0,0,19490,['cluster'],['intersecting']
figure_category_based_markersize10_ms_interleaved_120_240_3d_25_centeredClusters_pca.png,ms_interleaved_120_240_3d_25_centeredClusters_pca,496,3,10,0.923835429579958,0.3003876209259033,0.9374668847150884,0.959177017211914,0.9578596014663496,1.2253870964050293,0.9261833199967776,0.6487095355987549,0.9354723950742416,1.0109288692474363,0.8557251981752161,0.9772388935089112,0.858950807649398,0.6351962089538574,0.8533863763233699,0.909675359725952,0.8550528798057198,0.9684231281280518,0.8569186509391987,0.9901628494262696,0.7969683090037619,0.650113582611084,0.7925703166903487,0.9830365180969238,0.7694616167805964,1.2624776363372805,0.7940687741459749,0.6652951240539551,0.7905355806734617,0.9969277381896972,0.995967741935484,0.4808006286621094,210,0.4882311820983886,0.0,0.4844706058502197,0.0307472073747003,0.0609130859375,10.640169663712818,0.005117654800415,0.010497473581524324,14.457659721374512,0.0665322580645161,0.0019738674163818,0,0,29,['cluster'],['intersecting']
figure_category_based_markersize60_ms_interleaved_120_240_3d_25_centeredClusters_pca.png,ms_interleaved_120_240_3d_25_centeredClusters_pca,496,3,60,0.8010802952517054,1.0468974113464355,0.8391991899803508,1.0480763912200928,0.9169632012930063,0.9590039253234864,0.8067540811944501,1.0846621990203855,0.83097815006634,0.7068367004394531,0.592090485501914,1.0807981491088867,0.585501366698685,0.724550724029541,0.561214911990322,1.343524694442749,0.5924913091511108,0.7324843406677246,0.5857829835126255,0.7109334468841553,0.4695832681246404,1.0829355716705322,0.4495869845955239,0.7276792526245117,0.4043441314976684,1.341404914855957,0.4681556236942727,1.0889909267425537,0.4523182766772833,0.7308807373046875,0.9919354838709676,0.5735599994659424,5510,0.519031286239624,0.0,0.4805967807769775,0.0307472073747003,0.0631141662597656,10.640169663712818,0.0051887035369873,-,15.0,0.0665322580645161,0.0018370151519775,0,0,504,['cluster'],['intersecting']
figure_category_based_markersize110_ms_interleaved_120_240_3d_25_centeredClusters_pca.png,ms_interleaved_120_240_3d_25_centeredClusters_pca,496,3,110,0.6923339455918505,0.7719635963439941,0.74119317528734,1.176851511001587,0.8556358563315265,1.0386197566986084,0.6987423363454164,1.1542630195617676,0.7308508417015244,0.7886629104614258,0.4464368564454173,0.7731094360351562,0.4350708173213397,1.1395857334136963,0.4072198311812089,1.0397052764892578,0.4481972894689708,1.1728346347808838,0.4375026086156839,0.7730534076690674,0.3294320682609846,1.198915958404541,0.3079029292762932,0.8075051307678223,0.267191738239724,1.0788631439208984,0.329904754579514,1.1765422821044922,0.312194335676169,0.7827062606811523,0.9818548387096774,1.1045608520507812,17554,0.1452753543853759,0.0,0.9656581878662108,0.0307472073747003,0.0621683597564697,10.640169663712818,0.0053164958953857,-,15.0,0.0665322580645161,0.001965045928955,0,0,1552,['cluster'],['intersecting']
figure_category_based_markersize160_ms_interleaved_120_240_3d_25_centeredClusters_pca.png,ms_interleaved_120_240_3d_25_centeredClusters_pca,496,3,160,0.6121581109376262,0.8116109371185303,0.6628950419838835,1.2332141399383545,0.7854111986586478,1.0853753089904783,0.6192226683776847,0.8226516246795654,0.6526214658034657,1.2440123558044434,0.365447030339905,0.8359653949737549,0.3540214656276492,1.2425808906555176,0.326309036661912,1.1106984615325928,0.3680726596527305,1.2834277153015137,0.3571680396857473,0.8845818042755127,0.2604719856590929,0.8653106689453125,0.2414968644709667,0.857133150100708,0.2059333227911799,1.5357134342193604,0.2618636136714911,0.8299129009246826,0.2458619372626839,1.2773261070251465,0.9637096774193548,0.6924233436584473,32342,0.6396420001983643,0.0,0.6105260848999023,0.0307472073747003,0.060875654220581,10.640169663712818,0.0050015449523925,-,15.0,0.0665322580645161,0.0019669532775878,1,0,2889,['cluster'],['intersecting']
figure_ascending_markersize10_ms_interleaved_120_240_3d_25_centeredClusters_pca.png,ms_interleaved_120_240_3d_25_centeredClusters_pca,496,3,10,0.9405635342954156,0.308147668838501,0.943797024483633,0.7509212493896484,0.9343703529073716,1.425772190093994,0.9390209195296176,0.7595367431640625,0.9425383065741916,1.1985423564910889,0.8710308200228913,0.8054184913635254,0.8644681511668211,0.7759232521057129,0.8333716556453328,1.0247220993041992,0.866923417896547,0.7609713077545166,0.863206863082799,1.1945958137512207,0.8110710516175732,0.7513411045074463,0.7974409313517804,0.7829957008361816,0.7520775011199345,1.4799938201904297,0.8051076985610507,0.7726657390594482,0.7961929931882843,0.7764005661010742,0.995967741935484,0.5997405052185059,210,0.5915565490722656,0.0,0.5954163074493408,0.0307472073747003,0.0615320205688476,10.640169663712818,0.0052382946014404,0.010497473581524325,11.882578134536743,0.0665322580645161,0.0018925666809082,0,0,0,['cluster'],['intersecting']
figure_ascending_markersize60_ms_interleaved_120_240_3d_25_centeredClusters_pca.png,ms_interleaved_120_240_3d_25_centeredClusters_pca,496,3,60,0.8431328408941262,0.8133373260498047,0.856283969227939,1.250560998916626,0.8460055503314072,1.0836176872253418,0.8413076324204674,0.8087153434753418,0.8505531899929275,0.8106012344360352,0.6249631607837525,1.2599518299102783,0.5988148103799007,0.8195738792419434,0.532253090762452,1.143937587738037,0.6213674917928311,0.8355824947357178,0.6018884040047419,1.294564723968506,0.4964908259211977,0.8383200168609619,0.4603852592992155,0.8289928436279297,0.3882612278787017,1.539978265762329,0.4925911051683995,0.856914758682251,0.4657293760039279,0.8559253215789795,0.9919354838709676,0.7197790145874023,5510,0.6691875457763672,0.0,0.1154613494873046,0.0307472073747003,0.0615210533142089,10.640169663712818,0.0050554275512695,0.019939838599902802,14.558988809585571,0.0665322580645161,0.0020053386688232,0,0,0,['cluster'],['intersecting']
figure_ascending_markersize110_ms_interleaved_120_240_3d_25_centeredClusters_pca.png,ms_interleaved_120_240_3d_25_centeredClusters_pca,496,3,110,0.7474523716046146,0.3768198490142822,0.7658472159842181,1.358536720275879,0.7535176958767785,1.1516780853271484,0.7487247038162227,0.909867525100708,0.7590371471333142,0.8742187023162842,0.483659033861469,1.3904101848602295,0.450414520456769,0.9082956314086914,0.3793199491553779,1.1724050045013428,0.4831515945649669,0.9082636833190918,0.4562888095739744,0.8878304958343506,0.3574918425522221,0.894376277923584,0.3190188801791723,0.904958724975586,0.2534542698370242,1.1756300926208496,0.3566482446067628,0.8885643482208252,0.3261865614862311,1.396911382675171,0.9818548387096774,0.7850215435028076,17554,0.6815464496612549,0.0,0.1110734939575195,0.0307472073747003,0.0591695308685302,10.640169663712818,0.0051784515380859,-,15.0,0.0665322580645161,0.0019481182098388,0,0,0,['cluster'],['intersecting']
figure_ascending_markersize160_ms_interleaved_120_240_3d_25_centeredClusters_pca.png,ms_interleaved_120_240_3d_25_centeredClusters_pca,496,3,160,0.6728470319726367,0.9350175857543944,0.6911750206745892,0.945192575454712,0.6683746362152103,1.2208268642425537,0.676683373177136,0.9614386558532716,0.6849648828623993,0.9487504959106444,0.4032090406744598,0.9430465698242188,0.3696281367327867,0.9328937530517578,0.299175057918701,1.738945722579956,0.4044281715522252,0.9530816078186036,0.376243516446329,0.9838545322418212,0.2878539176578391,0.9674620628356934,0.2522684005190521,0.964784860610962,0.1927197280969236,1.2447233200073242,0.28839571559299,0.9755971431732178,0.25935107420228,0.9620316028594972,0.9637096774193548,0.8196268081665039,32342,0.1501135826110839,0.0,0.7315113544464111,0.0307472073747003,0.0615386962890625,10.640169663712818,0.0052309036254882,-,15.0,0.0665322580645161,0.0018374919891357,0,0,0,['cluster'],['intersecting']
figure_descending_markersize10_ms_interleaved_120_240_3d_25_centeredClusters_pca.png,ms_interleaved_120_240_3d_25_centeredClusters_pca,496,3,10,0.9016020469363092,1.422642946243286,0.9267842959517064,0.8886148929595947,0.9850294055810912,1.1371924877166748,0.9051136576803706,0.890742301940918,0.922797154184516,0.8985545635223389,0.8361057278772199,0.3166623115539551,0.8497200862538891,1.4230520725250244,0.8756644172616088,1.1553032398223877,0.8365710045320767,0.8741195201873779,0.8460528432244149,0.8632838726043701,0.7794808286470218,0.8885695934295654,0.7844881249141177,0.8721985816955566,0.7881575465216418,1.1763272285461426,0.777678769602936,0.321939468383789,0.7810933145272256,1.435131549835205,0.995967741935484,0.7613379955291748,210,0.1147480010986328,0.0,0.7058258056640625,0.0307472073747003,0.0644702911376953,10.640169663712818,0.005530834197998,0.010497473581524324,12.282917737960815,0.0665322580645161,0.0019440650939941,0,0,48,['cluster'],['intersecting']
figure_descending_markersize60_ms_interleaved_120_240_3d_25_centeredClusters_pca.png,ms_interleaved_120_240_3d_25_centeredClusters_pca,496,3,60,0.7701459338991619,0.979440689086914,0.8210890960347039,0.940232753753662,0.967311242356318,1.2176499366760254,0.7781564802481094,1.5189313888549805,0.8127554860160598,0.3441314697265625,0.5707687117577122,1.491910696029663,0.575262915742969,0.9782547950744628,0.5848676820662895,0.6052865982055664,0.5727752171599907,1.505812406539917,0.5747484871791008,0.3440349102020263,0.4533931962514649,1.4904406070709229,0.4427175408866882,0.9730024337768556,0.4191495248206477,0.6102902889251709,0.4531689301995502,1.5169923305511477,0.4445628700758014,0.3435428142547607,0.9919354838709676,0.7992432117462158,5510,0.7384045124053955,0.0,0.745783805847168,0.0307472073747003,0.0609257221221923,10.640169663712818,0.0050115585327148,0.019939838599902806,14.149803400039673,0.0665322580645161,0.0016164779663085,0,0,757,['cluster'],['intersecting']
figure_descending_markersize110_ms_interleaved_120_240_3d_25_centeredClusters_pca.png,ms_interleaved_120_240_3d_25_centeredClusters_pca,496,3,110,0.6502455588134183,1.00415301322937,0.7137710525807999,0.9827229976654052,0.9483092775117008,1.3096883296966553,0.6596864625440211,0.9823081493377686,0.7047582405422514,0.9819152355194092,0.4208873581091958,1.0499296188354492,0.4222703844592015,1.575058937072754,0.4338697777545678,0.6493740081787109,0.4242914245240282,1.0489883422851562,0.4239576848548014,1.6111931800842283,0.3111402519713053,0.3830134868621826,0.2998237895109031,1.6167988777160645,0.2812805191639401,0.6766455173492432,0.3127081821662553,1.0131759643554688,0.303165750420633,1.6250977516174316,0.9818548387096774,0.221447467803955,17554,0.8169028759002686,0.0,0.7395999431610107,0.0307472073747003,0.0672671794891357,10.640169663712818,0.0055861473083496,-,15.0,0.0665322580645161,0.0018610954284667,0,0,2399,['cluster'],['intersecting']
figure_descending_markersize160_ms_interleaved_120_240_3d_25_centeredClusters_pca.png,ms_interleaved_120_240_3d_25_centeredClusters_pca,496,3,160,0.5604978465582942,0.4081532955169678,0.6285341371989173,1.0508060455322266,0.9226235547351512,1.3362278938293457,0.5708967707986682,1.0679094791412354,0.619639801212351,1.06510329246521,0.3373403291754574,1.082090139389038,0.3399362070144232,1.0792946815490725,0.3564438174829436,0.6986427307128906,0.3415697328557775,1.0715296268463137,0.3420910168222003,1.0366060733795166,0.2412776543877602,1.7323122024536133,0.2329670046191413,0.4437940120697021,0.2208911437255665,1.3373286724090576,0.2436831488387968,1.0734896659851074,0.2362638279864978,1.0667977333068848,0.9637096774193548,0.9021041393280028,32342,0.8112080097198486,0.0,0.7864713668823242,0.0307472073747003,0.0608811378479003,10.640169663712818,0.0052416324615478,-,15.0,0.0665322580645161,0.0018970966339111,1,0,4738,['cluster'],['intersecting']
figure_category_based_markersize10_interleaved_100_200_6d_25_cramped_rotated_tsne.png,interleaved_100_200_6d_25_cramped_rotated_tsne,1034,6,10,0.9303172665246432,1.0120224952697754,0.948610468287738,1.0049951076507568,0.995523056263588,1.541881799697876,0.9339830766923122,1.0301411151885986,0.944872945213508,1.0135726928710938,0.8667331874190862,0.984055995941162,0.8802257234068634,1.016935110092163,0.9085299548951286,0.8566594123840332,0.8706046362765378,1.022923231124878,0.877262112130787,0.998987913131714,0.8112845940606346,1.01420259475708,0.8210376262031237,0.993767023086548,0.8355187227714796,1.545315504074097,0.815281102011911,1.0420608520507812,0.8186810034705785,1.0281660556793213,1.0,0.8923873901367188,348,0.8552737236022949,0.0,0.1182105541229248,0.0304154819578039,0.0980560779571533,7.158406294203566,0.0100550651550292,-,15.0,0.1015473887814313,0.006721019744873,0,0,29,['cluster'],['touching']
figure_category_based_markersize60_interleaved_100_200_6d_25_cramped_rotated_tsne.png,interleaved_100_200_6d_25_cramped_rotated_tsne,1034,6,60,0.674030611971322,1.1125640869140625,0.7321501712214991,1.0841801166534424,0.9220144733755088,1.6238811016082764,0.6808465113806257,1.113119125366211,0.7188821490216073,1.112292766571045,0.4289066785596047,1.1326706409454346,0.4424620118006316,1.136167049407959,0.4610757544590786,1.6477398872375488,0.4318419213022414,0.4065837860107422,0.4390458423644431,1.088247299194336,0.3145240726711902,1.096754550933838,0.3170253336407893,1.0767734050750732,0.3073990654949518,1.6362419128417969,0.3161990829770493,1.1234524250030518,0.3160272215691091,1.1263463497161863,0.9970986460348162,0.3879389762878418,18297,0.8869829177856445,0.0,0.8462722301483154,0.0304154819578039,0.1050169467926025,7.158406294203566,0.0089545249938964,-,15.0,0.1015473887814313,0.0067753791809082,0,0,1037,['cluster'],['touching']
figure_category_based_markersize110_interleaved_100_200_6d_25_cramped_rotated_tsne.png,interleaved_100_200_6d_25_cramped_rotated_tsne,1034,6,110,0.5105388725058422,1.2303173542022705,0.5745860695686122,0.4922845363616943,0.8476061950209455,1.77748441696167,0.5164934455393992,1.201565504074097,0.5606114355480454,1.1678597927093506,0.2742447527304006,1.2176766395568848,0.2817546122718604,1.2046501636505127,0.2904103964550395,1.7054636478424072,0.2759535901639702,1.2085487842559814,0.2801723340570858,1.2187085151672363,0.1874751226803005,0.4816832542419433,0.1866370810296689,1.2296617031097412,0.1752230223600959,1.7398691177368164,0.1882720620354592,1.20603609085083,0.1867519340152352,1.2209930419921875,0.9777562862669246,0.4196112155914306,57541,0.9212610721588136,0.0,0.89261794090271,0.0304154819578039,0.1017482280731201,7.158406294203566,0.0099947452545166,-,15.0,0.1015473887814313,0.0068778991699218,0,0,3710,['cluster'],['touching']
figure_category_based_markersize160_interleaved_100_200_6d_25_cramped_rotated_tsne.png,interleaved_100_200_6d_25_cramped_rotated_tsne,1034,6,160,0.4181813109618685,0.5607342720031738,0.4782144362945005,1.3402252197265625,0.787987739433931,1.072710037231445,0.4231673775207565,1.3141577243804932,0.465623043789154,1.2699143886566162,0.2149200126692404,1.3477704524993896,0.2207091861699356,1.3142287731170654,0.2295804578750716,1.846107482910156,0.2162459345230983,0.5812478065490723,0.219640114552604,1.3001277446746826,0.1446240269198423,1.351125717163086,0.1434599630777765,1.4325432777404783,0.1343636772258635,1.1065340042114258,0.1452306754726675,1.2908639907836914,0.1437164702838824,1.29435396194458,0.9042553191489362,1.1962621212005615,94336,0.9662542343139648,0.0,0.1271989345550537,0.0304154819578039,0.1036324501037597,7.158406294203566,0.0097415447235107,-,15.0,0.1015473887814313,0.0067470073699951,0,0,7238,['cluster'],['touching']
figure_ascending_markersize10_interleaved_100_200_6d_25_cramped_rotated_tsne.png,interleaved_100_200_6d_25_cramped_rotated_tsne,1034,6,10,0.9443167377802651,0.3265361785888672,0.955033504825776,0.3253440856933594,0.9801492616135414,1.5632944107055664,0.9459650293198666,1.0724945068359375,0.9517393330425018,1.1264960765838623,0.8796205687924789,1.0826618671417236,0.8860354007759946,1.1446864604949951,0.8942718646238104,0.8564088344573975,0.881686117545858,1.069678783416748,0.8834764530469251,1.091120958328247,0.8232208135643596,1.119987726211548,0.8263353268284128,0.3379206657409668,0.8222307582262762,1.6118743419647217,0.8255869697492048,1.093982219696045,0.8243504567281227,1.1442546844482422,1.0,1.0310018062591553,348,0.1296825408935547,0.0,0.9703664779663086,0.0304154819578039,0.10129976272583,7.158406294203567,0.0106127262115478,-,15.0,0.1015473887814313,0.0061874389648437,0,0,0,['cluster'],['touching']
figure_ascending_markersize60_interleaved_100_200_6d_25_cramped_rotated_tsne.png,interleaved_100_200_6d_25_cramped_rotated_tsne,1034,6,60,0.7311897686662239,0.3971927165985107,0.7662770968327768,1.1919214725494385,0.824371330835425,1.733773946762085,0.7337609077866369,0.4012622833251953,0.751356689359468,1.1930921077728271,0.4579992376170877,1.204913854598999,0.457383338929067,1.20139741897583,0.4254319243485379,0.9169611930847168,0.4597618267341347,1.1984624862670898,0.4544120625438849,1.179697036743164,0.3334238601627695,1.1752443313598633,0.3259783089824779,0.4011142253875732,0.2866923921740053,1.7084319591522217,0.3347575405714288,1.2120766639709473,0.3256940897143296,1.1939692497253418,0.9970986460348162,0.4008734226226806,18297,0.9939975738525392,0.0,0.1252574920654297,0.0304154819578039,0.1006197929382324,7.158406294203567,0.0100452899932861,-,15.0,0.1015473887814313,0.0062625408172607,0,0,0,['cluster'],['touching']
figure_ascending_markersize110_interleaved_100_200_6d_25_cramped_rotated_tsne.png,interleaved_100_200_6d_25_cramped_rotated_tsne,1034,6,110,0.5892020066031322,0.467738389968872,0.6239155702704944,1.3602180480957031,0.6757017879910783,0.997222661972046,0.5903048945122313,0.4865815639495849,0.6070388155711943,1.300870656967163,0.3052200043783128,1.2760577201843262,0.2972078153179438,1.3207669258117676,0.2546428115470258,1.0101466178894043,0.306065678974796,1.316518783569336,0.2964003772526858,1.3758563995361328,0.2059545722516198,0.480567455291748,0.1950642054143078,1.311342716217041,0.1568825295733641,1.8312268257141116,0.2065900007385247,1.2868940830230713,0.196067335416321,0.4961857795715332,0.9777562862669246,1.270279884338379,57541,1.0443575382232666,0.0,0.1323654651641845,0.0304154819578039,0.1023187637329101,7.158406294203567,0.0092568397521972,-,15.0,0.1015473887814313,0.0061347484588623,0,0,0,['cluster'],['touching']
figure_ascending_markersize160_interleaved_100_200_6d_25_cramped_rotated_tsne.png,interleaved_100_200_6d_25_cramped_rotated_tsne,1034,6,160,0.5037525919724457,0.5269694328308105,0.5334488560858622,1.4259414672851562,0.5685805386265074,1.8634819984436035,0.504063781336717,0.5579934120178223,0.5171672435449981,1.3663039207458496,0.246949419804612,1.4150326251983645,0.2370695208869592,1.389704942703247,0.1928028848381445,1.0729069709777832,0.2472091060452228,1.4314873218536377,0.2365020481860611,1.4021685123443604,0.1635664551872798,0.563119649887085,0.1523983712028093,1.3937280178070068,0.1160830381845777,1.921948194503784,0.1637615117475327,0.5642049312591553,0.1533042608810962,1.3682470321655271,0.9042553191489362,1.2844560146331787,94336,0.1839077472686767,0.0,1.0523035526275637,0.0304154819578039,0.1028707027435302,7.158406294203567,0.0102789402008056,-,15.0,0.1015473887814313,0.006833791732788,0,0,0,['cluster'],['touching']
figure_descending_markersize10_interleaved_100_200_6d_25_cramped_rotated_tsne.png,interleaved_100_200_6d_25_cramped_rotated_tsne,1034,6,10,0.9162383037314294,1.2404108047485352,0.9346945022116004,0.3327951431274414,1.0129147429127991,1.7194712162017822,0.9145774175993296,1.2067394256591797,0.932516259197946,0.3265500068664551,0.8538409088045888,1.1928057670593262,0.8679325151170338,1.2162597179412842,0.9241731389725252,0.8484683036804199,0.8530293435955179,1.198333740234375,0.8663097751544593,0.3146812915802002,0.7994003764753299,1.190669059753418,0.8100718891268385,1.187196969985962,0.8497283205813707,1.7084832191467283,0.799242905664456,0.3321568965911865,0.8088810996851,1.1941132545471191,1.0,1.1405270099639893,348,0.1283767223358154,0.0,1.0185799598693848,0.0304154819578039,0.1038146018981933,7.158406294203567,0.0100278854370117,-,15.0,0.1015473887814313,0.0064666271209716,0,0,71,['cluster'],['touching']
figure_descending_markersize60_interleaved_100_200_6d_25_cramped_rotated_tsne.png,interleaved_100_200_6d_25_cramped_rotated_tsne,1034,6,60,0.6186575890518424,1.3024873733520508,0.6857522109808776,1.2928826808929443,1.0410284552861988,1.8093147277832031,0.619993851337838,0.4048554897308349,0.6758898345481782,1.2782139778137207,0.4001021200732794,1.282306432723999,0.4222302524654685,0.3928055763244629,0.5013216791027595,1.7841465473175049,0.4004380924445161,1.3139970302581787,0.4192908022693333,0.4039556980133056,0.2956549836446532,1.293325901031494,0.3050176002627908,0.4083619117736816,0.330156577020569,1.7769443988800049,0.295717075121629,1.3114118576049805,0.3039118224946753,1.2871921062469482,0.9970986460348162,0.3903775215148926,18297,1.082308292388916,0.0,0.1249253749847412,0.0304154819578039,0.1018824577331543,7.158406294203567,0.0088593959808349,-,15.0,0.1015473887814313,0.0057826042175292,0,0,2571,['cluster'],['touching']
figure_descending_markersize110_interleaved_100_200_6d_25_cramped_rotated_tsne.png,interleaved_100_200_6d_25_cramped_rotated_tsne,1034,6,110,0.4446354374026298,1.3691041469573977,0.5197754338670137,1.3650712966918943,1.0793612120808964,0.997225284576416,0.4467059037659417,1.3828322887420654,0.5087956721786979,1.385481834411621,0.2454045993860466,0.4829843044281006,0.2631265677231504,1.379401445388794,0.3292594791467006,1.9111833572387693,0.245608725152375,0.470400333404541,0.260990727860668,1.3829352855682373,0.1694693223644904,0.4654164314270019,0.1761494660823029,1.4662606716156006,0.1942591466360507,1.9087324142456052,0.1693645345727391,0.4752697944641113,0.1755099717326741,1.387838363647461,0.9777562862669246,1.41253662109375,57541,0.1595826148986816,0.0,1.0834074020385742,0.0304154819578039,0.1013891696929931,7.158406294203567,0.008108377456665,-,15.0,0.1015473887814313,0.0063502788543701,0,0,8388,['cluster'],['touching']
figure_descending_markersize160_interleaved_100_200_6d_25_cramped_rotated_tsne.png,interleaved_100_200_6d_25_cramped_rotated_tsne,1034,6,160,0.3505421412118982,0.8813693523406982,0.4222558948145334,0.8038539886474609,1.119373398321815,1.418614387512207,0.3516295015335718,0.8506672382354736,0.4115584854425003,0.7673053741455078,0.1859731983982373,0.8300726413726807,0.2024661872996173,0.8760592937469482,0.2696245267741796,1.364609956741333,0.1861162808226527,0.830589771270752,0.2005966223135079,0.795356035232544,0.1265580283481049,0.8113429546356201,0.1331564935227475,0.860933780670166,0.1532716009687476,1.5456748008728027,0.1265491560413262,0.8590610027313232,0.1326177405343999,0.9651472568511964,0.9042553191489362,0.6675224304199219,94336,0.3079869747161865,0.0,0.3899822235107422,0.0304154819578039,0.0992681980133056,7.158406294203567,0.0102677345275878,-,15.0,0.1015473887814313,0.0068225860595703,0,0,16002,['cluster'],['touching']
figure_category_based_markersize10_interleaved_100_200_5d_25_cramped_rotated_umap.png,interleaved_100_200_5d_25_cramped_rotated_umap,696,5,10,0.8588687621575529,0.4445457458496094,0.8564002748595455,0.7314720153808594,0.9934819130584376,1.107400894165039,0.861663414159499,0.691460132598877,0.8903526719663815,0.6989796161651611,0.6404832017901845,0.6896934509277344,0.6382232746307789,0.6923871040344238,0.6674687922769895,1.0811140537261963,0.6373607013678357,0.6849591732025146,0.6470185762674023,0.6932685375213623,0.5106417335276148,0.6995327472686768,0.5086414913907787,0.7156844139099121,0.5025545043003274,1.121401309967041,0.5057159559235499,0.70408034324646,0.5081427556730648,0.6914432048797607,0.975574712643678,0.451340913772583,949,0.4315600395202636,0.0,0.2804882526397705,0.0299039189832135,0.0880615711212158,5.264008314127757,0.0074920654296875,-,15.0,0.0689655172413793,0.0043845176696777,0,0,44,['cluster'],['intersecting']
figure_category_based_markersize60_interleaved_100_200_5d_25_cramped_rotated_umap.png,interleaved_100_200_5d_25_cramped_rotated_umap,696,5,60,0.5764820973600424,0.9345788955688475,0.599727955690585,0.7041275501251221,0.8950920302217326,1.2496049404144287,0.5967188155874118,0.8372170925140381,0.6517950006659566,0.8130154609680176,0.3070681261818719,0.6793732643127441,0.3088347334649598,0.8266122341156006,0.3225524091506084,1.1068613529205322,0.3090954468643049,0.8592092990875244,0.3163148183935892,0.7753605842590332,0.209268353403803,0.8820657730102539,0.2079636414895697,0.8533952236175537,0.1967210849569773,1.3001656532287598,0.2085652728419041,0.8722550868988037,0.2088297374718686,0.8814907073974609,0.9353448275862069,0.5974977016448975,16922,0.3389039039611816,0.0,0.3041112422943115,0.0299039189832135,0.0761477947235107,5.264008314127757,0.0073356628417968,-,15.0,0.0689655172413793,0.0040225982666015,0,0,682,['cluster'],['intersecting']
figure_category_based_markersize110_interleaved_100_200_5d_25_cramped_rotated_umap.png,interleaved_100_200_5d_25_cramped_rotated_umap,696,5,110,0.4603139663887077,0.7942860126495361,0.4883182764768173,0.7993021011352539,0.8192743990081903,1.3724477291107178,0.4821390268516087,0.7963075637817383,0.5383734520516379,0.9719111919403076,0.229338316627633,0.9744954109191896,0.2313655934972376,0.825117826461792,0.2418884732934911,1.3962440490722656,0.2322063870371142,0.8101284503936768,0.2379766490724988,0.972193717956543,0.1527111469715802,1.0022809505462646,0.1515959348999915,0.8167061805725098,0.1418906444728095,1.2431819438934326,0.1529300566769081,1.0266952514648438,0.1527477986974419,0.9376487731933594,0.8275862068965517,0.4281079769134521,37125,0.5916001796722412,0.0,0.590980052947998,0.0299039189832135,0.0782675743103027,5.264008314127757,0.0066983699798583,-,15.0,0.0689655172413793,0.0037927627563476,0,0,1649,['cluster'],['intersecting']
figure_category_based_markersize160_interleaved_100_200_5d_25_cramped_rotated_umap.png,interleaved_100_200_5d_25_cramped_rotated_umap,696,5,160,0.3894479268551538,0.8562798500061035,0.4154818319417719,0.8789300918579102,0.7613811405459621,1.298661708831787,0.4102815703142006,1.1043133735656738,0.4643002736603624,0.8960635662078857,0.1936149289473242,0.7066054344177246,0.1956469532471942,1.1097383499145508,0.2084041132178776,1.337249517440796,0.1964735101251211,1.1161465644836426,0.2025445454133032,0.69093918800354,0.1288320351757201,1.1278526782989502,0.1279483967414467,0.9131391048431396,0.1207242936474077,1.3337481021881104,0.1291632745031757,0.9031667709350586,0.1295237386878627,0.9080533981323242,0.7183908045977011,0.7171876430511475,53555,0.420872688293457,0.0,0.6519949436187744,0.0299039189832135,0.0749619007110595,5.264008314127757,0.0058684349060058,-,15.0,0.0689655172413793,0.0043113231658935,1,0,2938,['cluster'],['intersecting']
figure_ascending_markersize10_interleaved_100_200_5d_25_cramped_rotated_umap.png,interleaved_100_200_5d_25_cramped_rotated_umap,696,5,10,0.9305099270626048,0.5535845756530762,0.9379302953265388,0.7758443355560303,0.935920455335031,1.4252004623413086,0.9293157132396016,0.8058464527130127,0.9341964970781732,0.5762450695037842,0.682862599883544,1.0479726791381836,0.6849413829910413,0.8276796340942383,0.6358432495143851,1.2720832824707031,0.6765802216155385,0.5888237953186035,0.6716579832856417,1.087968349456787,0.5393256509042219,0.5991475582122803,0.5394381663314864,0.8276329040527344,0.4814723541230508,1.2652437686920166,0.5319199613581642,1.0838236808776855,0.5243103356385614,0.8284807205200195,0.975574712643678,0.4175481796264648,949,0.4026520252227783,0.0,0.672062873840332,0.0299039189832135,0.0778648853302002,5.264008314127756,0.0063080787658691,-,15.0,0.0689655172413793,0.0037765502929687,0,0,0,['cluster'],['intersecting']
figure_ascending_markersize60_interleaved_100_200_5d_25_cramped_rotated_umap.png,interleaved_100_200_5d_25_cramped_rotated_umap,696,5,60,0.693443673429996,0.9380910396575928,0.7380668792714268,0.914585828781128,0.740900529470724,1.06182599067688,0.7003508612457588,0.9110102653503418,0.725890531671237,1.1976449489593506,0.3489491762607891,0.6750273704528809,0.3501840056548413,0.9441373348236084,0.2887674575071908,1.3621904850006104,0.3455027457786355,0.9410569667816162,0.3393094417642189,0.928354263305664,0.2331319971467648,0.95621919631958,0.229547735644061,0.663707971572876,0.1793310447449155,1.369612216949463,0.2293151821684148,0.9411580562591552,0.2214002643356196,0.9500691890716552,0.9353448275862069,0.5288951396942139,16922,0.4460916519165039,0.0,0.8038640022277832,0.0299039189832135,0.0717027187347412,5.264008314127756,0.006840705871582,-,15.0,0.0689655172413793,0.0038192272186279,0,0,0,['cluster'],['intersecting']
figure_ascending_markersize110_interleaved_100_200_5d_25_cramped_rotated_umap.png,interleaved_100_200_5d_25_cramped_rotated_umap,696,5,110,0.5825078466814089,1.0201256275177002,0.6342331531878534,1.0475940704345703,0.6211883598156842,1.1586604118347168,0.5888910641144635,1.0346145629882812,0.6168906111544386,1.0382614135742188,0.271493468526829,0.7831881046295166,0.2704315210671737,1.0529651641845703,0.2069680497540409,1.4649558067321775,0.2688216863861745,0.7537398338317871,0.260886022716839,1.061431646347046,0.1769928842773411,1.0675089359283447,0.1718543670547492,0.7486870288848877,0.1241694676713455,1.465850830078125,0.1741623525794635,1.050783634185791,0.1654218646190544,1.0680756568908691,0.8275862068965517,0.5671448707580566,37125,0.517859935760498,0.0,0.4825148582458496,0.0299039189832135,0.0791563987731933,5.264008314127756,0.0067291259765625,-,15.0,0.0689655172413793,0.0039496421813964,0,0,0,['cluster'],['intersecting']
figure_ascending_markersize160_interleaved_100_200_5d_25_cramped_rotated_umap.png,interleaved_100_200_5d_25_cramped_rotated_umap,696,5,160,0.5168942986218235,1.1166102886199951,0.5652077927963958,0.7979867458343506,0.5310484162834062,1.5619549751281738,0.5224792262474263,1.1251237392425537,0.5468454397731967,0.8138537406921387,0.2382840741767099,1.1483683586120603,0.2356838250029579,0.8122358322143555,0.1702333840143719,1.565284013748169,0.2356196091292384,1.1598036289215088,0.226882755057279,0.8161804676055908,0.1548296405901885,1.1756799221038818,0.1488829841470338,0.8197355270385742,0.1013632402203712,1.6024186611175537,0.1521073059519025,0.8191094398498535,0.1431340990710923,0.8368980884552002,0.7183908045977011,0.9768829345703124,53555,0.5739536285400391,0.0,0.5409867763519287,0.0299039189832135,0.0791854858398437,5.264008314127756,0.006664752960205,-,15.0,0.0689655172413793,0.0037510395050048,0,0,0,['cluster'],['intersecting']
figure_descending_markersize10_interleaved_100_200_5d_25_cramped_rotated_umap.png,interleaved_100_200_5d_25_cramped_rotated_umap,696,5,10,0.8297849505327428,1.070863962173462,0.8357297181877716,0.6874217987060547,1.0355622141750171,1.4926214218139648,0.8337822643389797,0.7407336235046387,0.869203582660346,0.6933653354644775,0.6209884514002665,1.053998947143555,0.6251178453239701,0.7061252593994141,0.6897057127699859,1.4578206539154053,0.6188993783308293,0.7015364170074463,0.6338342603919225,1.0917258262634275,0.4961448826114453,0.7595899105072021,0.499291593849105,1.077195167541504,0.5170287379126342,1.5107121467590332,0.4920801696250235,0.740828275680542,0.4987728808910603,0.7161507606506348,0.975574712643678,0.9678199291229248,949,0.5320727825164795,0.0,0.545137882232666,0.0299039189832135,0.074397325515747,5.264008314127756,0.0059757232666015,-,15.0,0.0689655172413793,0.0041007995605468,0,0,75,['cluster'],['intersecting']
figure_descending_markersize60_interleaved_100_200_5d_25_cramped_rotated_umap.png,interleaved_100_200_5d_25_cramped_rotated_umap,696,5,60,0.4856838608010307,0.7886052131652832,0.5245813423630986,0.7871475219726562,1.1715234243572363,1.2012274265289309,0.5070542631969616,1.1659727096557615,0.5748641030539685,0.7761328220367432,0.270596374498594,0.7861113548278809,0.2828745751847923,1.159386157989502,0.3661836729416275,1.2261042594909668,0.2749701211467811,1.1745805740356443,0.291485055983667,0.7884395122528076,0.1875423309307137,0.7723536491394043,0.1936487367129272,1.177366018295288,0.2170067993201261,1.1944901943206787,0.1886314811806295,1.1816356182098389,0.195241051719926,0.7984910011291504,0.9353448275862069,0.644115686416626,16922,0.5794508457183838,0.0,1.0765786170959473,0.0299039189832135,0.0937447547912597,5.264008314127756,0.0084052085876464,-,15.0,0.0689655172413793,0.0041475296020507,0,0,1904,['cluster'],['intersecting']
figure_descending_markersize110_interleaved_100_200_5d_25_cramped_rotated_umap.png,interleaved_100_200_5d_25_cramped_rotated_umap,696,5,110,0.361224724396175,0.8551416397094727,0.4027073780630377,1.2798142433166504,1.3088996856947877,1.2876434326171875,0.3820292065685974,0.8565599918365479,0.4497361265894121,0.8454961776733398,0.1907298526232288,1.298375368118286,0.2036766697649572,0.8636763095855713,0.289948268982078,1.288442850112915,0.1957260115514599,0.8838365077972412,0.2114859618331619,1.303030490875244,0.1295726900876485,0.8894612789154053,0.1363086357881505,0.8901786804199219,0.1630315606294117,1.7543699741363523,0.131565704663701,0.8965835571289062,0.1382482158428541,0.8599967956542969,0.8275862068965517,0.6588468551635742,37125,0.6295773983001709,0.0,0.5880084037780762,0.0299039189832135,0.0727488994598388,5.264008314127756,0.0067198276519775,-,15.0,0.0689655172413793,0.0036723613739013,0,0,5093,['cluster'],['intersecting']
figure_descending_markersize160_interleaved_100_200_5d_25_cramped_rotated_umap.png,interleaved_100_200_5d_25_cramped_rotated_umap,696,5,160,0.2920264732305024,0.9157075881958008,0.3313856857702524,0.9398922920227052,1.457105459493963,1.388686180114746,0.3106356686447507,0.9200294017791748,0.375229399291711,1.3731746673583984,0.154394939162668,0.9347589015960692,0.1675841029545707,0.9246540069580078,0.260627005547617,1.801713466644287,0.1591391703521594,0.9499547481536864,0.1753507338610256,0.9581961631774902,0.1049379013132369,0.905942440032959,0.1121494359909218,1.391387701034546,0.1431125018325318,1.3667566776275637,0.106970053431957,0.939157247543335,0.1144076297448395,0.9312589168548584,0.7183908045977011,1.218130111694336,53555,0.1654677391052246,0.0,0.6249771118164062,0.0299039189832135,0.0771718025207519,5.264008314127756,0.0070636272430419,-,15.0,0.0689655172413793,0.0041935443878173,2,0,8839,['cluster'],['intersecting']
figure_category_based_markersize10_tse300_pca.png,tse300_pca,244,8,10,0.8822383811172413,0.8345108032226562,0.895642085541613,1.3019001483917236,0.931739012007599,1.4329383373260498,0.91468580519879,0.82491135597229,0.9286631887737364,0.8098645210266113,0.725065580422039,1.3108208179473877,0.7247788006166048,0.8280348777770996,0.6966703660271565,1.4845764636993408,0.8098306679475535,0.8205099105834961,0.8061841221257897,0.8183403015136719,0.6154260172186599,0.8187940120697021,0.6086630358519336,1.3447635173797607,0.5563170194275222,1.4644484519958496,0.7265432762378641,0.8565950393676758,0.7122475704220912,0.8364379405975342,0.9631147540983608,0.6456003189086914,250,0.6534690856933594,0.0,0.6500294208526611,0.0306983449539795,0.0526375770568847,10.230075599987371,0.0029194355010986,0.024102469514703666,3.488670110702514,0.3155737704918033,0.0020201206207275,0,0,30,['cluster'],['intersecting']
figure_category_based_markersize60_tse300_pca.png,tse300_pca,244,8,60,0.538286101596618,1.364342451095581,0.5659309496204179,0.8935701847076416,0.601245325615656,1.5761690139770508,0.6145492093850227,0.8661198616027832,0.6330137105725866,0.8653640747070312,0.376721959461575,0.8693375587463379,0.3749620332823117,0.8797526359558105,0.3434472127648937,2.077503204345703,0.462161537189529,0.8947672843933105,0.452893451038633,0.8738903999328613,0.2897536962524301,0.8943231105804443,0.280357586400589,0.8624820709228516,0.2403790332643237,1.5357801914215088,0.370331658457574,0.8874380588531494,0.352571377504279,0.916616678237915,0.9262295081967212,0.713162899017334,4684,0.1195387840270996,0.0,0.6808559894561768,0.0306983449539795,0.0545654296875,10.230075599987371,0.0036964416503906,0.047553019882451024,4.690871715545654,0.3155737704918033,0.0020813941955566,0,0,1074,['cluster'],['intersecting']
figure_category_based_markersize110_tse300_pca.png,tse300_pca,244,8,110,0.4480287023508449,0.920299768447876,0.4680794667273161,0.909515380859375,0.4909231971640562,2.088953018188477,0.5308138989048972,0.9293110370635986,0.5455357625206244,0.9229304790496826,0.2987362818067308,0.899000883102417,0.2944513075889177,0.9292044639587402,0.2627883101586414,1.6106760501861572,0.371361388881013,0.9261491298675536,0.3622056950482941,0.9210810661315918,0.2240711462442642,0.9484410285949708,0.2147810084809895,0.9402024745941162,0.1794137083507376,1.0048372745513916,0.2855763864282196,1.495344161987305,0.2711008691948077,0.9334704875946044,0.7704918032786885,0.7449908256530762,10121,0.1262593269348144,0.0,0.720099687576294,0.0306983449539795,0.0408511161804199,10.230075599987371,0.0029647350311279,0.0640210126722752,4.982054948806763,0.3155737704918033,0.00211763381958,5,0,2930,['cluster'],['intersecting']
figure_category_based_markersize160_tse300_pca.png,tse300_pca,244,8,160,0.40642536403921,0.9473817348480223,0.4221267084507676,0.9690730571746826,0.4326811556980986,1.5981895923614502,0.4928814118264831,0.953202486038208,0.5024946238377237,1.5221076011657717,0.2651457928783631,0.3663678169250488,0.2606373210349858,1.5628364086151123,0.2279832558688378,1.8067035675048828,0.3312178209298395,0.389216661453247,0.3208323314030031,1.5825891494750977,0.1967518794671624,0.399883508682251,0.1885177177379965,1.5927026271820068,0.154765139791936,1.0688471794128418,0.2494115859456879,1.5648720264434814,0.2356426104141495,0.3657028675079345,0.6557377049180327,0.7800970077514648,14781,0.7699053287506104,0.0,0.7504749298095703,0.0306983449539795,0.0399320125579834,10.230075599987371,0.0028994083404541,0.07642546615302091,5.479865312576294,0.3155737704918033,0.0019571781158447,5,0,5145,['cluster'],['intersecting']
figure_ascending_markersize10_tse300_pca.png,tse300_pca,244,8,10,0.9278394732887296,0.9365534782409668,0.9170722933441168,0.9511594772338868,0.8726165559505874,1.581805944442749,0.9387185776030716,0.9696691036224364,0.9374439608855076,0.9572811126708984,0.761272077036985,0.941584587097168,0.7395035534045582,0.9457597732543944,0.6573546000650055,0.9666826725006104,0.8303640013207157,0.926032543182373,0.8134201309538251,0.9214859008789062,0.6454073915709195,1.5438511371612549,0.6195439409232271,0.323559045791626,0.5272817698906673,1.5869324207305908,0.7444352014184764,1.5945539474487305,0.7183786413700886,0.3173959255218506,0.9631147540983608,0.7704625129699707,250,0.7478277683258057,0.0,0.7826497554779053,0.0306983449539795,0.0397803783416748,10.230075599987371,0.0025568008422851,0.024102469514703663,3.583570003509521,0.3155737704918033,0.0019736289978027,0,0,0,['cluster'],['intersecting']
figure_ascending_markersize60_tse300_pca.png,tse300_pca,244,8,60,0.6260652791940394,0.3459320068359375,0.6029150043644531,1.0459721088409424,0.4808050573308792,1.6140365600585938,0.7504702344591019,0.9579014778137208,0.7215119057885151,1.0240800380706787,0.4287101157811002,0.982240915298462,0.3925497170796174,1.021226167678833,0.2889063624728956,1.6196107864379885,0.544568646398538,1.0640296936035156,0.5014496788536535,0.9674222469329834,0.3259580457828308,0.9961562156677246,0.2910117419744166,1.0345335006713867,0.2064915495417604,1.66208815574646,0.4273260149646247,0.987410306930542,0.3842521803357893,1.01564621925354,0.9262295081967212,0.8377242088317871,4684,0.1174564361572265,0.0,0.8553004264831543,0.0306983449539795,0.0408596992492675,10.230075599987371,0.0032975673675537,0.04755301988245101,3.987924098968506,0.3155737704918033,0.0021436214447021,0,0,0,['cluster'],['intersecting']
figure_ascending_markersize110_tse300_pca.png,tse300_pca,244,8,110,0.5251371014126109,1.0208258628845217,0.5060704564443738,1.024675369262695,0.3779593760925734,1.6798582077026367,0.6753471525996135,1.0430119037628174,0.6423207068225374,1.0146610736846924,0.3439563715528481,1.0588891506195068,0.3136967067274201,0.3535768985748291,0.2148954422794434,1.6816902160644531,0.4502081213645863,1.0228416919708252,0.4115904919317888,1.0395307540893557,0.2557265921550932,1.0200858116149902,0.2272946559771171,1.044529676437378,0.1501261513172762,1.6900877952575684,0.3376473490642975,1.069894790649414,0.302815207136205,1.065598964691162,0.7704918032786885,0.1234118938446044,10121,0.8323302268981934,0.0,0.8535711765289307,0.0306983449539795,0.0412328243255615,10.230075599987371,0.0030200481414794,0.0640210126722752,4.319031715393066,0.3155737704918033,0.0021796226501464,0,0,0,['cluster'],['intersecting']
figure_ascending_markersize160_tse300_pca.png,tse300_pca,244,8,160,0.4784921944366344,1.0904357433319092,0.4597712153967901,0.3875324726104736,0.3261511313944372,1.7293472290039062,0.6351939377364951,1.086655855178833,0.6006115588914567,1.0805160999298096,0.3098539561220407,1.1177561283111572,0.2808958722700156,1.0893058776855469,0.1820520789446682,1.7366163730621338,0.4064576146726548,0.3662760257720947,0.3685469097695772,1.0720679759979248,0.2291079076429437,1.113049030303955,0.2022211423045785,1.098562717437744,0.126265748659836,1.730415105819702,0.2988428864012002,1.1276462078094482,0.265833864197294,1.0958459377288818,0.6557377049180327,0.8867173194885254,14781,0.1267971992492675,0.0,0.8602333068847656,0.0306983449539795,0.0414807796478271,10.230075599987371,0.0028750896453857,0.0764254661530209,4.974712610244751,0.3155737704918033,0.0019428730010986,1,0,0,['cluster'],['intersecting']
figure_descending_markersize10_tse300_pca.png,tse300_pca,244,8,10,0.86752144105803,1.0745174884796145,0.8954001801070003,0.3213348388671875,0.9562827218941714,1.694363355636597,0.9096240661464574,1.0607614517211914,0.9184282612793736,1.094841718673706,0.7078405974444093,1.0847315788269043,0.7240600621166497,0.3260931968688965,0.7181165047984572,1.7162978649139404,0.8029147860274852,1.0613000392913818,0.7973192951685556,1.1147575378417969,0.5978052271667607,1.082334280014038,0.6077613372100876,0.3179080486297607,0.5749282229063228,1.6969804763793943,0.7186132533377425,1.085491418838501,0.7044293890124338,1.047607183456421,0.9631147540983608,0.946763038635254,250,0.1139755249023437,0.0,0.8921215534210205,0.0306983449539795,0.0414583683013916,10.230075599987371,0.0028319358825683,0.024102469514703656,3.621828556060791,0.3155737704918033,0.002058982849121,0,0,38,['cluster'],['intersecting']
figure_descending_markersize60_tse300_pca.png,tse300_pca,244,8,60,0.4940182550718596,1.1121110916137695,0.5563032375329995,0.336881160736084,0.7104420209599314,1.740060567855835,0.5797353678564661,1.1083362102508545,0.6016461756558767,1.1093766689300537,0.3441182182055602,1.1233253479003906,0.3693052808556688,0.3315796852111816,0.3896198419272499,1.7376503944396973,0.4347886919209742,1.1083321571350098,0.4316560412319916,1.1067206859588623,0.2640097102765253,0.3369584083557129,0.2763963316328379,1.118920087814331,0.2684106632489196,1.7477190494537354,0.3478247935214468,1.106163740158081,0.3365629675710034,1.1780672073364258,0.9262295081967212,0.1310987472534179,4684,0.9443066120147704,0.0,0.913243532180786,0.0306983449539795,0.0401880741119384,10.230075599987371,0.0025439262390136,0.04755301988245102,3.230494737625122,0.3155737704918033,0.0020725727081298,0,0,1656,['cluster'],['intersecting']
figure_descending_markersize110_tse300_pca.png,tse300_pca,244,8,110,0.3944538984564584,1.1297647953033447,0.4552345531609143,1.1626839637756348,0.6298530185641036,1.7646663188934326,0.4889403445531538,1.1783220767974854,0.5076415698682093,0.3552289009094238,0.2605164903774279,1.1659877300262451,0.285402321707331,1.151298761367798,0.3097469652931187,1.813153982162476,0.3403638322816068,0.3511157035827636,0.3386483291844975,1.1360418796539309,0.1944803859763465,1.1853513717651367,0.2078577867061845,1.1807284355163574,0.2053720700872575,0.9931087493896484,0.2610403280284751,1.1293978691101074,0.2540690587885019,1.1701276302337646,0.7704918032786885,0.9708461761474608,10121,0.1239669322967529,0.0,0.9434728622436525,0.0306983449539795,0.0411736965179443,10.230075599987371,0.0030474662780761,0.0640210126722752,4.448718070983887,0.3155737704918033,0.0021920204162597,2,0,4935,['cluster'],['intersecting']
figure_descending_markersize160_tse300_pca.png,tse300_pca,244,8,160,0.3440313872908948,0.3528628349304199,0.4051538060564228,1.1666655540466309,0.6033362760672063,1.810833215713501,0.4441466811771895,0.370753526687622,0.461607852774594,1.1817669868469238,0.2223500939980102,1.2035832405090332,0.2495459435271185,1.1816375255584717,0.2796938773938443,1.0173118114471436,0.2971784679051287,1.1782166957855225,0.2972511589306286,1.1841793060302734,0.1642545167688135,1.1814560890197754,0.1802985019659849,1.2103736400604248,0.1820424428564429,1.0000863075256348,0.2232913287701374,1.272411584854126,0.2192032599129693,1.245781660079956,0.6557377049180327,0.128326416015625,14781,0.9779694080352784,0.0,1.0070316791534424,0.0306983449539795,0.0402977466583251,10.230075599987371,0.0030257701873779,0.07642546615302095,4.16090726852417,0.3155737704918033,0.0019984245300292,3,0,9193,['cluster'],['intersecting']
figure_category_based_markersize10_UnEvenDensity_pca.png,UnEvenDensity_pca,905,2,10,1.0,1.18102765083313,1.0,1.157538652420044,1.0,1.3666090965270996,1.0,0.3264498710632324,1.0,1.1971895694732666,0.4958559224879734,1.1917879581451416,0.4545827816100206,1.198401689529419,0.3699592864668978,0.4996232986450195,0.536360453319183,1.3000330924987793,0.5657690757011556,1.2595269680023191,0.3296598576568266,0.3435811996459961,0.2941489043868726,1.1749773025512695,0.2269632184002408,1.3806555271148682,0.3664566556263936,0.3252158164978027,0.3944755799891459,1.2199921607971191,0.5193370165745856,1.0325915813446045,1750,0.1184360980987548,0.3370165745856354,0.9893529415130616,0.0284857667884175,0.1285159587860107,3.100372502500746,0.0081391334533691,-,15.0,0.0,0.0023763179779052,0,0,0,"['cluster',linear']",['separated']
figure_category_based_markersize60_UnEvenDensity_pca.png,UnEvenDensity_pca,905,2,60,1.0,0.347919225692749,1.0,1.222449541091919,1.0,1.4202897548675537,1.0,1.2980365753173828,1.0,0.3649847507476806,0.4209787225303963,1.2482924461364746,0.3277699426672081,1.2349472045898438,0.2176929589868318,0.5436151027679443,0.5264794041208333,1.2374892234802246,0.4574579163413611,1.291719675064087,0.2666073779607446,0.3666164875030517,0.1960076852045116,1.251995325088501,0.1221411092350746,1.495309591293335,0.3572935496070978,0.376533031463623,0.2965610605944385,1.2458014488220217,0.3425414364640884,1.1515955924987793,11006,0.1418540477752685,0.3370165745856354,1.0714609622955322,0.0284857667884175,0.1284685134887695,3.100372502500746,0.008918285369873,-,15.0,0.0,0.0025827884674072,0,0,0,"['cluster',linear']",['separated']
figure_category_based_markersize110_UnEvenDensity_pca.png,UnEvenDensity_pca,905,2,110,1.0,0.4102942943572998,1.0,1.3273265361785889,1.0,1.5673775672912598,1.0,0.4195599555969238,1.0,1.2921323776245115,0.3442200868833174,1.3333606719970703,0.2707145180405408,0.4107773303985595,0.1752992583845922,1.4651217460632324,0.4131649308589732,1.3240289688110352,0.356199890413882,1.3262882232666016,0.2078900004502351,0.4114139080047607,0.1565470368338449,1.3029766082763672,0.0960701414684579,0.5816903114318848,0.2603704309879063,1.3287787437438965,0.2166929472364905,1.318432331085205,0.2784530386740331,1.1279351711273191,21229,0.1484754085540771,0.3370165745856354,1.095003366470337,0.0284857667884175,0.1308596134185791,3.100372502500746,0.0086500644683837,-,15.0,0.0,0.0021865367889404,0,0,0,"['cluster',linear']",['separated']
figure_category_based_markersize160_UnEvenDensity_pca.png,UnEvenDensity_pca,905,2,160,1.0,0.4547851085662842,1.0,1.4829931259155271,1.0,1.5751519203186035,1.0,0.4614801406860351,1.0,1.3929777145385742,0.2867844760885477,1.385690450668335,0.2393885426560544,0.4488899707794189,0.162837115120256,1.5657546520233154,0.3216097655291255,1.4246385097503662,0.2905502508759282,0.4941167831420898,0.1673954456318424,1.3795509338378906,0.1359689792188423,1.4439427852630615,0.0886350995115574,0.6417710781097412,0.1916179914086043,1.4079852104187012,0.1699671201360597,1.4253644943237305,0.2386740331491712,0.1725451946258545,30230,1.1525492668151855,0.3370165745856354,0.121222972869873,0.0284857667884175,0.1217482089996337,3.100372502500746,0.0091333389282226,-,15.0,0.0,0.0024681091308593,0,0,0,"['cluster',linear']",['separated']
figure_ascending_markersize10_UnEvenDensity_pca.png,UnEvenDensity_pca,905,2,10,1.0,0.6886849403381348,1.0,0.5523333549499512,1.0,0.8266341686248779,1.0,0.6725502014160156,1.0,0.5685606002807617,0.5012250108052303,0.5887830257415771,0.4558732270294667,0.6350655555725098,0.3663978322328363,0.8482420444488525,0.5376137860392507,0.6024219989776611,0.566682550930131,0.6077306270599365,0.3344231218286596,0.6624114513397217,0.2952627513573557,0.6894195079803467,0.2202940674508524,0.8008089065551758,0.36762777227171,0.6482179164886475,0.3953643006982658,0.7482798099517822,0.5193370165745856,0.3838338851928711,1750,0.2682604789733886,0.3370165745856354,0.3659150600433349,0.0284857667884175,0.1326496601104736,3.1003725025007465,0.0087532997131347,-,15.0,0.0,0.0027105808258056,0,0,0,"['cluster',linear']",['separated']
figure_ascending_markersize60_UnEvenDensity_pca.png,UnEvenDensity_pca,905,2,60,1.0,0.704068660736084,1.0,0.7895479202270508,1.0,0.8737027645111084,1.0,0.7068572044372559,1.0,0.8030455112457275,0.4376449370463994,0.7518978118896484,0.3308734215095256,0.6280343532562256,0.1990696149529851,1.054816722869873,0.5315851692615595,0.7944562435150146,0.4591000542811014,0.7550485134124756,0.2801187434430178,0.6144635677337646,0.1982401419567191,0.8732447624206543,0.1065128165978775,0.796912431716919,0.3620129394867488,0.8809740543365479,0.2979428064467292,0.6385753154754639,0.3425414364640884,0.4583687782287597,11006,0.4622900485992431,0.3370165745856354,0.4369761943817138,0.0284857667884175,0.1304802894592285,3.1003725025007465,0.0092086791992187,-,15.0,0.0,0.0023236274719238,0,0,0,"['cluster',linear']",['separated']
figure_ascending_markersize110_UnEvenDensity_pca.png,UnEvenDensity_pca,905,2,110,1.0,0.9756927490234376,1.0,0.7281014919281006,1.0,1.0587103366851809,1.0,0.8601722717285156,1.0,0.8636152744293213,0.3650661563099294,0.8570542335510254,0.2744931289522541,0.8939356803894043,0.1475394810096183,1.0229065418243408,0.4179796446513055,0.8906693458557129,0.3577854991321846,0.8796143531799316,0.2232910877213046,0.8428664207458496,0.1590796802948798,0.9050908088684082,0.0751786845084255,1.0557093620300293,0.2642062368149355,0.9062180519104004,0.2178677017789794,0.9449517726898192,0.2784530386740331,0.5321493148803711,21229,0.5317168235778809,0.3370165745856354,0.321815013885498,0.0284857667884175,0.1382768154144287,3.1003725025007465,0.0087969303131103,-,15.0,0.0,0.0023319721221923,0,0,0,"['cluster',linear']",['separated']
figure_ascending_markersize160_UnEvenDensity_pca.png,UnEvenDensity_pca,905,2,160,1.0,0.4549567699432373,1.0,1.0035204887390137,1.0,1.1625316143035889,1.0,0.9957566261291504,1.0,0.8578095436096191,0.3077101461835675,0.8542196750640869,0.2435535204760526,0.8527803421020508,0.1254212939108153,1.2329015731811523,0.3256864636008177,1.063145875930786,0.2920828717176148,0.8569192886352539,0.1818306394082687,0.8594415187835693,0.1386583377549323,1.0976455211639404,0.0619434928567509,1.0771763324737549,0.1945193994556401,0.8855252265930176,0.1710170047954001,0.8776185512542725,0.2386740331491712,0.6273825168609619,30230,0.3998923301696777,0.3370165745856354,0.3553822040557861,0.0284857667884175,0.1361219882965088,3.1003725025007465,0.0087852478027343,-,15.0,0.0,0.0024363994598388,0,0,0,"['cluster',linear']",['separated']
figure_descending_markersize10_UnEvenDensity_pca.png,UnEvenDensity_pca,905,2,10,1.0,1.0165667533874512,1.0,0.7107381820678711,1.0,0.8934416770935059,1.0,0.7466273307800293,1.0,1.0027787685394287,0.4907415258839591,0.7858185768127441,0.4532033008237007,0.7800693511962891,0.3748934790571729,0.9583780765533448,0.5356074736886973,0.7965207099914551,0.5649866641729564,0.7886989116668701,0.3251540636015856,0.7875475883483887,0.2929947426607781,0.7873914241790771,0.2337346781107886,0.9487264156341552,0.3657540338845167,0.7953195571899414,0.3937152708391638,1.0129661560058594,0.5193370165745856,0.3947086334228515,1750,0.6438498497009277,0.3370165745856354,0.3850541114807129,0.0284857667884175,0.136911392211914,3.100372502500746,0.0088119506835937,-,15.0,0.0,0.0023996829986572,0,0,0,"['cluster',linear']",['separated']
figure_descending_markersize60_UnEvenDensity_pca.png,UnEvenDensity_pca,905,2,60,1.0,0.8897535800933838,1.0,0.8874595165252686,1.0,1.0852744579315186,1.0,0.6430501937866211,1.0,1.13342547416687,0.4013017744834406,0.9044902324676514,0.3243961687087782,0.6273863315582275,0.2319889903366411,1.2822957038879397,0.5203797221552744,0.9120123386383056,0.455415991273718,0.6438891887664795,0.2510178394385689,1.1542785167694092,0.1935995625283323,0.6458714008331299,0.1346848042969086,1.3720767498016355,0.3516981552275563,0.6635603904724121,0.2948470194568892,1.186288833618164,0.3425414364640884,0.4788877964019775,11006,0.4527480602264404,0.3370165745856354,0.721928596496582,0.0284857667884175,0.13798189163208,3.100372502500746,0.0089783668518066,-,15.0,0.0,0.0022377967834472,0,0,0,"['cluster',linear']",['separated']
figure_descending_markersize110_UnEvenDensity_pca.png,UnEvenDensity_pca,905,2,110,1.0,0.9985215663909912,1.0,0.7111492156982422,1.0,1.4406836032867432,1.0,0.738128662109375,1.0,0.9948394298553468,0.3222425952225832,1.0090560913085938,0.2666310669956747,1.0072693824768066,0.2011078641489673,1.1885662078857422,0.4059295914545464,1.0400002002716064,0.3539276970944399,0.7228357791900635,0.1920674552262425,1.016240119934082,0.153822456327022,1.012345314025879,0.1145377750606414,1.231107234954834,0.2546497251805497,0.7591197490692139,0.2150134574706744,1.0272173881530762,0.2784530386740331,0.5046498775482178,21229,0.8154008388519287,0.3370165745856354,0.4419107437133789,0.0284857667884175,0.1309680938720703,3.100372502500746,0.0089659690856933,-,15.0,0.0,0.0026137828826904,0,0,0,"['cluster',linear']",['separated']
figure_descending_markersize160_UnEvenDensity_pca.png,UnEvenDensity_pca,905,2,160,1.0,1.0832905769348145,1.0,1.102968454360962,1.0,1.2854416370391846,1.0,0.7930402755737305,1.0,1.0858373641967771,0.2660507594255589,1.1148827075958252,0.235088293285953,1.110642910003662,0.1970530802141044,0.9764072895050048,0.3150580426128685,1.1039376258850098,0.2882207505899062,1.1697633266448977,0.1534363020554274,1.1232349872589111,0.1332011637701955,0.7935550212860107,0.1111840169727302,1.2765741348266602,0.1869845078233049,1.1235885620117188,0.1683749529556639,0.7980759143829346,0.2386740331491712,0.8997280597686768,30230,0.531764030456543,0.3370165745856354,0.4779109954833984,0.0284857667884175,0.1323797702789306,3.100372502500746,0.0091719627380371,-,15.0,0.0,0.002138614654541,0,0,0,"['cluster',linear']",['separated']
figure_category_based_markersize10_breast-cancer-wisconsin_pca.png,breast-cancer-wisconsin_pca,454,2,10,1.0,0.9935271739959716,1.0,0.6672675609588623,1.0,1.155087947845459,1.0,1.0149128437042236,1.0,0.6716313362121582,0.8502282939556145,1.0307154655456543,0.7959236817596951,0.6764330863952637,0.7059328580202762,1.214181661605835,0.8883771020005392,0.6705095767974854,0.8729927369605845,1.025287389755249,0.7394757493908904,0.7002801895141602,0.661024280356993,0.6770403385162354,0.5455148617252636,1.250749111175537,0.799171286952898,1.0492243766784668,0.7746114560133522,0.7001888751983643,0.9933920704845814,0.9147861003875732,384,0.5254878997802734,0.0,0.1156086921691894,0.0305060122843618,0.0587737560272216,10.31729114196365,0.0049812793731689,0.017276981134479046,12.647920846939089,0.0770925110132158,0.0013020038604736,0,0,0,['cluster'],['touching']
figure_category_based_markersize60_breast-cancer-wisconsin_pca.png,breast-cancer-wisconsin_pca,454,2,60,0.9461883155813696,0.7411661148071289,0.9544621642887148,0.7319662570953369,0.987451542272193,1.2603559494018557,0.9680488494410886,1.1061818599700928,0.974066578670856,0.7309670448303223,0.6034666418517374,1.125837326049805,0.5417274729006367,0.7379648685455322,0.4349114545050472,0.9561033248901368,0.6686225440174902,1.1166095733642578,0.6502041141093144,1.1164097785949707,0.4430046241386257,0.7518439292907715,0.3781886815292895,1.1222577095031738,0.2788677406590061,0.9207687377929688,0.5106682225385348,0.7644200325012207,0.4879635756442305,1.1422662734985352,0.8766519823788547,0.5801131725311279,6127,0.5308213233947754,0.0,0.5342717170715332,0.0305060122843618,0.0601143836975097,10.31729114196365,0.0049660205841064,0.03562167492482234,13.942158222198486,0.0770925110132158,0.0012781620025634,0,0,24,['cluster'],['touching']
figure_category_based_markersize110_breast-cancer-wisconsin_pca.png,breast-cancer-wisconsin_pca,454,2,110,0.8370439651433466,0.808800220489502,0.8606003289350487,1.1585628986358645,0.9705538591015824,0.9638330936431884,0.9036945756405866,0.7801997661590576,0.920716939826436,1.21470046043396,0.485738936948362,0.8433365821838379,0.4482648616595046,1.1904511451721191,0.3759163090738623,0.9636061191558838,0.543558796692091,1.219189167022705,0.5319864165172712,0.8089470863342285,0.3421426265238728,0.8009400367736816,0.3030607580858475,1.2362897396087646,0.2331005794836441,0.97812819480896,0.3886685695819387,0.8127918243408203,0.3740576993231348,0.7908101081848145,0.7973568281938326,1.0624048709869385,14167,0.606870174407959,0.0,0.1170275211334228,0.0305060122843618,0.0528168678283691,10.31729114196365,0.0039730072021484,-,15.0,0.0770925110132158,0.0015876293182373,0,0,175,['cluster'],['touching']
figure_category_based_markersize160_breast-cancer-wisconsin_pca.png,breast-cancer-wisconsin_pca,454,2,160,0.743080693455334,0.8395366668701172,0.7732155679338395,0.8252766132354736,0.9610797862125114,1.4421720504760742,0.8416960516211325,0.8501989841461182,0.8680335550878844,1.293652057647705,0.4118340784758629,0.8920211791992188,0.3870484890883255,0.8562290668487549,0.3397413230712793,1.0400214195251465,0.4626336917820962,1.285609006881714,0.4534776814406797,0.8498482704162598,0.2848535546101249,1.3131463527679443,0.2581304094379094,0.8875281810760498,0.2063414765838688,1.0548367500305176,0.3189795360526104,1.328059196472168,0.3069055733307935,0.8629896640777588,0.7400881057268722,0.6825571060180664,23022,0.6363792419433594,0.0,0.611884355545044,0.0305060122843618,0.0555026531219482,10.31729114196365,0.0048358440399169,-,15.0,0.0770925110132158,0.0013573169708251,0,0,442,['cluster'],['touching']
figure_ascending_markersize10_breast-cancer-wisconsin_pca.png,breast-cancer-wisconsin_pca,454,2,10,1.0,0.7781839370727539,1.0,1.2348964214324951,1.0,0.9564540386199952,1.0,0.7821180820465088,1.0,0.7836766242980957,0.8527984285027912,1.2447986602783203,0.7968407916267968,0.7809135913848877,0.704038077389588,0.9587841033935548,0.8899728511984941,0.7841925621032715,0.8735067487995676,1.2561194896697998,0.743372786170269,0.8228042125701904,0.6622903985451839,0.8225908279418945,0.5432552184646507,0.9941248893737792,0.8017577337269597,1.251509428024292,0.7754212001436555,0.7896428108215332,0.9933920704845814,0.6449377536773682,384,0.6262831687927246,0.0,0.6354949474334717,0.0305060122843618,0.055992841720581,10.31729114196365,0.0047810077667236,0.017276981134479046,9.981993913650513,0.0770925110132158,0.0011482238769531,0,0,0,['cluster'],['touching']
figure_ascending_markersize60_breast-cancer-wisconsin_pca.png,breast-cancer-wisconsin_pca,454,2,60,0.974346961845862,0.8481581211090088,0.9746557798717164,0.8446862697601318,0.9696044402350223,1.006381273269653,0.9769330907872944,0.8616337776184082,0.9771535838767982,1.3483774662017822,0.6234905491806569,0.8846185207366943,0.551792126330152,0.8833115100860596,0.4247464720215302,1.0533127784729004,0.6786792835693674,0.8598818778991699,0.6538656770806064,0.8447332382202148,0.4584172769390326,0.8612411022186279,0.3848299868731359,1.3493478298187256,0.27193548215445,1.0482912063598633,0.5199428030415769,0.8937010765075684,0.491315598829975,0.8716225624084473,0.8766519823788547,0.6994524002075195,6127,0.6791646480560303,0.0,0.1213827133178711,0.0305060122843618,0.0582249164581298,10.31729114196365,0.0048739910125732,0.03562167492482235,12.191221475601196,0.0770925110132158,0.0013210773468017,0,0,0,['cluster'],['touching']
figure_ascending_markersize110_breast-cancer-wisconsin_pca.png,breast-cancer-wisconsin_pca,454,2,110,0.9223339068059324,0.9503955841064452,0.9231155155755209,0.9076492786407472,0.9050381181633228,1.0878238677978516,0.9298466358220284,0.9099187850952148,0.930785394999023,0.8984565734863281,0.5247779966052059,0.9216489791870116,0.4703473634367225,0.9037573337554932,0.3557299677830343,1.6094467639923096,0.5605021876145686,0.9321677684783936,0.5385785858673998,0.9226362705230712,0.3667128373733224,0.9272475242614746,0.3155680666082521,0.9244115352630616,0.2213703762165673,1.1126608848571775,0.4011581359593642,0.9384093284606934,0.3789146150819612,0.9010202884674072,0.7973568281938326,0.7227160930633545,14167,0.6862738132476807,0.0,0.6799218654632568,0.0305060122843618,0.0562496185302734,10.31729114196365,0.005155324935913,0.0475722462376088,13.577162027359009,0.0770925110132158,0.0012328624725341,0,0,0,['cluster'],['touching']
figure_ascending_markersize160_breast-cancer-wisconsin_pca.png,breast-cancer-wisconsin_pca,454,2,160,0.8732997583235795,0.9678568840026855,0.8742309988677547,0.9793426990509032,0.8411141407831976,1.1541907787322998,0.8820949945215552,0.9814391136169434,0.8836569326576936,0.9730546474456788,0.4630845738787111,1.0152828693389893,0.4186499692017874,0.9980709552764891,0.3116447441193782,1.1555204391479492,0.4839306040447493,0.9734196662902832,0.4617178572092718,0.9794108867645264,0.3150813698977037,1.004314422607422,0.2752244474392321,0.9945733547210692,0.1912534289357058,0.6211802959442139,0.3334267793898742,1.5059731006622314,0.3125010975230153,0.9878208637237548,0.7400881057268722,0.8172900676727295,23022,0.1467711925506591,0.0,0.7164554595947266,0.0305060122843618,0.0588645935058593,10.31729114196365,0.0048882961273193,-,15.0,0.0770925110132158,0.0013349056243896,0,0,0,['cluster'],['touching']
figure_descending_markersize10_breast-cancer-wisconsin_pca.png,breast-cancer-wisconsin_pca,454,2,10,1.0,0.8800897598266602,1.0,0.8882758617401123,1.0,1.072706937789917,1.0,0.8821394443511963,1.0,1.4506044387817385,0.8477446739388741,0.9262099266052246,0.7948290274620444,0.3523368835449219,0.7077376480905022,1.7123401165008545,0.8870055043089113,0.9413363933563232,0.8725273662499399,0.94724702835083,0.7357264095595963,0.9448041915893556,0.6595155754442238,0.3473691940307617,0.547673347478336,1.699878454208374,0.7969540799553958,0.3164916038513183,0.7738789750912598,0.9202206134796144,0.9933920704845814,0.7667200565338135,384,0.1146631240844726,0.0,0.7457833290100098,0.0305060122843618,0.0583291053771972,10.31729114196365,0.0049843788146972,0.017276981134479046,10.23326063156128,0.0770925110132158,0.0011858940124511,0,0,0,['cluster'],['touching']
figure_descending_markersize60_breast-cancer-wisconsin_pca.png,breast-cancer-wisconsin_pca,454,2,60,0.9371265002911008,0.9548592567443848,0.951358692877466,0.9631783962249756,1.008170158804519,1.119058609008789,0.9517363195546876,0.9319772720336914,0.9600903043414756,0.9403457641601562,0.5923429129707065,0.987008571624756,0.5377709164204934,0.932112455368042,0.4448448654057325,1.1247408390045166,0.655673193245955,0.9486973285675048,0.6417757541819757,0.9203619956970216,0.4330258778435539,1.5725138187408447,0.3748227843417072,0.3624129295349121,0.2853837839433042,1.77128005027771,0.5001027960376875,0.3653378486633301,0.4819777373202117,1.598442792892456,0.8766519823788547,0.1594111919403076,6127,0.7583761215209961,0.0,0.7588720321655273,0.0305060122843618,0.0583500862121582,10.31729114196365,0.0049495697021484,0.03562167492482235,12.119673490524292,0.0770925110132158,0.0012109279632568,0,0,98,['cluster'],['touching']
figure_descending_markersize110_breast-cancer-wisconsin_pca.png,breast-cancer-wisconsin_pca,454,2,110,0.8168041200448455,1.6998624801635742,0.8534893578093737,0.3785576820373535,1.031288644293769,1.2349398136138916,0.8633076797613098,1.6710784435272217,0.8846277753823851,0.3893382549285888,0.4700880794804251,1.6584525108337402,0.4426488627041117,0.3790211677551269,0.3932698046897478,1.1823492050170898,0.52145229828039,1.7481012344360352,0.5160624901782389,0.3761289119720459,0.3300070708723431,1.0025832653045654,0.2988113368465152,1.6597347259521484,0.2429598427086418,0.5592184066772461,0.3735376466572304,1.0347890853881836,0.3642880151530687,1.0096876621246338,0.7973568281938326,0.849433422088623,14167,0.8080649375915527,0.0,0.7993695735931396,0.0305060122843618,0.0552945137023925,10.31729114196365,0.0048608779907226,0.0475722462376088,12.896250009536743,0.0770925110132158,0.0012283325195312,0,0,544,['cluster'],['touching']
figure_descending_markersize160_breast-cancer-wisconsin_pca.png,breast-cancer-wisconsin_pca,454,2,160,0.7191099711657598,1.085526943206787,0.7647968756966067,1.0640437602996826,1.0499837369978775,1.2476108074188232,0.7894221424442966,0.4105522632598877,0.8190363376215225,1.0540227890014648,0.3944532785907854,1.070159673690796,0.3801117797768567,1.0922696590423584,0.3596492060785489,1.2555687427520752,0.4376456301675828,1.074310541152954,0.4352177897759285,1.07706880569458,0.2717612045369112,1.0951356887817385,0.2529037503563689,1.759594440460205,0.2169866422528682,0.589454174041748,0.3027405873368661,1.0886893272399902,0.2963442963174849,1.0746259689331057,0.7400881057268722,0.9402577877044678,23022,0.8691344261169434,0.0,0.8210833072662354,0.0305060122843618,0.0586864948272705,10.31729114196365,0.0050406455993652,0.056419801722618144,14.9627103805542,0.0770925110132158,0.0013246536254882,0,0,1317,['cluster'],['touching']
figure_category_based_markersize10_grid6_4d_umap.png,grid6_4d_umap,1296,16,10,1.0,1.051694393157959,1.0,1.0747861862182615,1.0,2.4241013526916504,1.0,1.1502797603607178,1.0,1.0903360843658447,0.7184959650465284,0.3855214118957519,0.7171449045632696,1.0641067028045654,0.6766767753154886,2.4465925693511963,0.7221979934364902,1.0969209671020508,0.7196497793361394,1.0665240287780762,0.5606661746270782,1.0901384353637695,0.5590225327195878,1.1131742000579834,0.5113465574344565,2.5087571144104004,0.5651877127496083,0.3844344615936279,0.5620726014816488,1.078709602355957,0.9891975308641976,0.949249029159546,1518,0.9117960929870604,0.0,0.885504961013794,0.0300122139992227,0.1329061985015869,5.1137160638716255,0.0122954845428466,-,15.0,0.0887345679012345,0.0215108394622802,0,0,0,['cluster'],['separated']
figure_category_based_markersize60_grid6_4d_umap.png,grid6_4d_umap,1296,16,60,1.0,1.2001140117645264,1.0,1.1891593933105469,1.0,2.530723571777344,1.0,1.1987340450286863,1.0,1.161320686340332,0.3465245274875798,1.192251443862915,0.3441327922103596,1.2186102867126465,0.3139504993517041,2.5528602600097656,0.3496230225236266,0.466641902923584,0.3482222102974232,1.20837140083313,0.2095734307815545,1.226787805557251,0.2078263224197369,1.1958649158477783,0.186204793649883,2.565959215164185,0.2118443405931672,1.2671780586242676,0.2108166198070291,1.2618324756622314,0.9544753086419752,0.4240798950195312,32559,0.9639010429382324,0.0,0.9307949542999268,0.0300122139992227,0.1309931278228759,5.1137160638716255,0.0121481418609619,-,15.0,0.0887345679012345,0.0212514400482177,0,0,0,['cluster'],['separated']
figure_category_based_markersize110_grid6_4d_umap.png,grid6_4d_umap,1296,16,110,1.0,1.3727214336395264,1.0,0.5534336566925049,1.0,2.607269525527954,1.0,1.2850661277770996,1.0,1.2773666381835938,0.2640708553331435,1.303546667098999,0.2601683980936049,1.3251380920410156,0.233489685783314,1.8956091403961184,0.2652547519462461,1.3765735626220703,0.2633187941023603,1.3133249282836914,0.1521207568548667,1.3425590991973877,0.1495365400930349,1.344618320465088,0.1321756708150605,2.673837661743164,0.1529070347613524,0.5469362735748291,0.1516218366434493,1.3342702388763428,0.8680555555555556,1.2064061164855957,72718,1.0358593463897705,0.0,0.1383066177368164,0.0300122139992227,0.1329317092895507,5.1137160638716255,0.0117640495300292,-,15.0,0.0887345679012345,0.0210781097412109,0,0,0,['cluster'],['separated']
figure_category_based_markersize160_grid6_4d_umap.png,grid6_4d_umap,1296,16,160,0.9992644323804756,1.421107053756714,0.9994562890707998,1.409649133682251,1.000422778963682,2.762878894805908,0.9993919061719728,1.4152212142944336,0.9994516402933652,0.6010499000549316,0.2345287733382769,1.4487581253051758,0.2305420210035765,1.3950819969177246,0.2066433610761718,2.7517905235290527,0.2350829765160648,0.6208176612854004,0.2330792996351685,1.3926689624786377,0.1328550166784591,1.42695951461792,0.1302988629035022,1.4619605541229248,0.1152215318346113,1.9602289199829104,0.1332085460506629,1.4187908172607422,0.1319222588727477,1.4267544746398926,0.7669753086419753,1.2245700359344482,103569,0.204003095626831,0.0,0.9693963527679444,0.0300122139992227,0.1302762031555175,5.1137160638716255,0.0106594562530517,-,15.0,0.0887345679012345,0.0209543704986572,0,0,8,['cluster'],['separated']
figure_ascending_markersize10_grid6_4d_umap.png,grid6_4d_umap,1296,16,10,1.0,1.15559983253479,1.0,1.180447340011597,1.0,1.6965610980987549,1.0,1.189252853393555,1.0,1.1924870014190674,0.7219376700504981,1.2412691116333008,0.717981051956647,0.3884201049804687,0.6602480899624266,2.60439682006836,0.7249186935029587,1.2111151218414309,0.7208853262884494,1.2181828022003174,0.5648689059468821,1.2302014827728271,0.56003934501315,0.3696479797363281,0.4928136955922756,2.5366384983062744,0.5685274262976114,1.206902027130127,0.5635814685767682,0.3628175258636474,0.9891975308641976,1.092294692993164,1518,1.0449140071868896,0.0,0.1388890743255615,0.0300122139992227,0.1290276050567627,5.1137160638716255,0.0120112895965576,-,15.0,0.0887345679012345,0.0200810432434082,0,0,0,['cluster'],['separated']
figure_ascending_markersize60_grid6_4d_umap.png,grid6_4d_umap,1296,16,60,1.0,1.33082914352417,1.0,0.4604766368865967,1.0,2.6509881019592285,1.0,1.3330318927764893,1.0,1.344998121261597,0.3577685487967013,0.4601638317108154,0.3464127669917523,1.3456428050994873,0.2763872146820731,2.7010433673858643,0.3588096376827986,0.4690160751342773,0.3523122999908045,1.3271303176879885,0.2178551315251919,1.3982551097869873,0.2094916797111147,0.4658186435699463,0.1603534256860903,2.7359988689422607,0.2186276777644455,1.342241287231445,0.2138222552664793,0.4498889446258545,0.9544753086419752,1.3642561435699463,32559,1.099923849105835,0.0,0.1413657665252685,0.0300122139992227,0.1218197345733642,5.1137160638716255,0.0116949081420898,-,15.0,0.0887345679012345,0.0205485820770263,0,0,0,['cluster'],['separated']
figure_ascending_markersize110_grid6_4d_umap.png,grid6_4d_umap,1296,16,110,1.0,0.532109260559082,1.0,1.4820141792297363,1.0,1.8524179458618164,1.0,1.4454288482666016,1.0,0.5409407615661621,0.2785319410085748,1.4347522258758545,0.2629662381905546,1.4333906173706057,0.1872631681731642,2.760308265686035,0.277097056248895,0.548753023147583,0.2685440006212747,1.418466567993164,0.1617990758258746,1.4559698104858398,0.1513880984769267,0.55397629737854,0.1033041117085069,2.7608511447906494,0.1608314950380195,1.4703850746154783,0.1550972133959123,0.5448136329650879,0.8680555555555556,1.375690460205078,72718,0.1929225921630859,0.0,1.0966510772705078,0.0300122139992227,0.129751443862915,5.1137160638716255,0.0120148658752441,-,15.0,0.0887345679012345,0.0209779739379882,0,0,0,['cluster'],['separated']
figure_ascending_markersize160_grid6_4d_umap.png,grid6_4d_umap,1296,16,160,0.9994649356016004,0.609389066696167,0.9994890598722402,1.555173397064209,0.999703409325404,2.855994939804077,0.9995446292358612,1.5546936988830566,0.9995356420621716,0.6061258316040039,0.2515165769753411,1.5369524955749512,0.2337783557760442,0.647773265838623,0.1520842018018903,2.85135817527771,0.2490884391702776,1.5561940670013428,0.2392656536176208,0.6240711212158203,0.1438594980590862,1.587399959564209,0.1323696693159396,1.5784738063812256,0.0823024054700439,1.9418504238128664,0.1422713685795753,1.559131145477295,0.135898274540269,1.544921875,0.7669753086419753,0.3692970275878906,103569,1.1735036373138428,0.0,1.1344218254089355,0.0300122139992227,0.1304609775543213,5.1137160638716255,0.0113613605499267,-,15.0,0.0887345679012345,0.0219440460205078,0,0,0,['cluster'],['separated']
figure_descending_markersize10_grid6_4d_umap.png,grid6_4d_umap,1296,16,10,1.0,0.3600361347198486,1.0,0.3747880458831787,1.0,2.6425747871398926,1.0,1.3525059223175049,1.0,0.3699774742126465,0.7148199539939193,1.3413794040679932,0.7163679037596216,1.329028606414795,0.6911782175397493,1.673520565032959,0.7193663550129339,1.3603107929229736,0.7183900898555398,1.3221235275268557,0.5562021883356703,0.3672523498535156,0.5580788341595593,1.4095263481140137,0.5280919272603416,2.6782405376434326,0.561726890300621,0.3637514114379883,0.5605372462940494,1.3293492794036863,0.9891975308641976,1.2415807247161863,1518,0.1471562385559082,0.0,1.1615731716156006,0.0300122139992227,0.1304335594177246,5.1137160638716255,0.0112686157226562,-,15.0,0.0887345679012345,0.0209124088287353,0,0,0,['cluster'],['separated']
figure_descending_markersize60_grid6_4d_umap.png,grid6_4d_umap,1296,16,60,1.0,0.8236129283905029,1.0,0.7430224418640137,1.0,2.259037733078003,1.0,0.7994728088378906,1.0,0.6776819229125977,0.3345830836508811,0.7707879543304443,0.341773993747857,0.8454194068908691,0.35151503677291,2.0907745361328125,0.3396442276037881,0.7127840518951416,0.3436991557348778,0.7660727500915527,0.2009004954653305,0.7565076351165771,0.2061082098937292,0.8271510601043701,0.2132352096708124,2.181302547454834,0.2045611147023125,0.8190038204193115,0.2075101011539799,0.8452427387237549,0.9544753086419752,0.6535117626190186,32559,0.4389019012451172,0.0,0.2809906005859375,0.0300122139992227,0.1336889266967773,5.1137160638716255,0.0124158859252929,-,15.0,0.0887345679012345,0.0210654735565185,0,0,0,['cluster'],['separated']
figure_descending_markersize110_grid6_4d_umap.png,grid6_4d_umap,1296,16,110,1.0,0.7792372703552246,1.0,0.937232255935669,1.0,2.395244598388672,1.0,0.8836596012115479,1.0,0.9114418029785156,0.2486071008723822,0.9566967487335204,0.2572472255376352,0.9708552360534668,0.2787178449420144,2.302269220352173,0.2521029488065929,0.9159669876098632,0.2574068584750504,0.9446845054626464,0.1419482178991449,0.988149881362915,0.1476097064983846,1.0321886539459229,0.1619245538118212,2.3498353958129883,0.1442321495047234,0.9855353832244872,0.1477148350588553,0.9363176822662354,0.8680555555555556,0.7391636371612549,72718,0.5503618717193604,0.0,0.3244447708129883,0.0300122139992227,0.1301329135894775,5.1137160638716255,0.0123305320739746,-,15.0,0.0887345679012345,0.0215578079223632,0,0,0,['cluster'],['separated']
figure_descending_markersize160_grid6_4d_umap.png,grid6_4d_umap,1296,16,160,0.9992210927988822,0.7990567684173584,0.99945072139331,1.1009278297424316,1.0003625086988397,2.5181632041931152,0.9993617481209606,1.160318374633789,0.9994398751083828,0.9852557182312012,0.216843364908178,1.002690076828003,0.2272242892709813,1.169288158416748,0.257590843951528,2.35829496383667,0.2199288303440192,1.1574273109436035,0.2262934213982176,1.2012677192687988,0.121617988030476,1.0430054664611816,0.1281833314717178,1.002230167388916,0.1478281057181982,2.409909963607788,0.1235603324928187,1.208505392074585,0.1275913421778596,1.0120000839233398,0.7669753086419753,0.8271989822387695,103569,0.6711764335632324,0.0,0.3660249710083008,0.0300122139992227,0.1329932212829589,5.1137160638716255,0.011810302734375,-,15.0,0.0887345679012345,0.0213549137115478,0,0,8,['cluster'],['separated']
figure_category_based_markersize10_interleaved_100_200_15d_0_notcramped_notrotated_tsne.png,interleaved_100_200_15d_0_notcramped_notrotated_tsne,2049,15,10,1.0,0.6021523475646973,1.0,0.9354445934295654,1.0,2.1300532817840576,1.0,0.8201580047607422,1.0,0.8060922622680664,0.3185271642779624,0.8045492172241211,0.3163697726026696,1.022993087768555,0.295156016539952,2.170778274536133,0.3145134707208471,0.8615803718566895,0.3159274125566347,0.8480901718139648,0.1894334285461022,0.8423762321472168,0.1879092970976978,0.8481664657592773,0.1731278752797785,2.1509108543396,0.1866009993300615,1.0820627212524414,0.1875972656477071,0.8620080947875977,0.8448023426061494,0.4924349784851074,9050,0.6788642406463623,0.0014641288433382,0.411884069442749,0.0303516196328788,0.2144002914428711,1.8628287659030027,0.0176863670349121,-,15.0,0.0,0.0319833755493164,0,0,0,['cluster'],['separated']
figure_category_based_markersize60_interleaved_100_200_15d_0_notcramped_notrotated_tsne.png,interleaved_100_200_15d_0_notcramped_notrotated_tsne,2049,15,60,1.0,0.7448403835296631,1.0,1.008544683456421,1.0,2.499798536300659,1.0,1.023400068283081,1.0,0.992232084274292,0.1871965385804705,0.7968413829803467,0.1833557200424111,0.9977476596832277,0.1682493471805392,2.573819875717163,0.1857877371064148,0.7781047821044922,0.1840591392502302,1.2936971187591553,0.1032635597649868,0.7830009460449219,0.1009309979203478,1.0189642906188965,0.0918516649204229,2.317530632019043,0.1024068356864107,1.033646583557129,0.1013574523424928,1.299790859222412,0.2069302098584675,0.5078370571136475,36138,0.5181107521057129,0.0014641288433382,0.7708098888397217,0.0303516196328788,0.2173669338226318,1.8628287659030027,0.0183711051940917,-,15.0,0.0,0.0318884849548339,0,0,0,['cluster'],['separated']
figure_category_based_markersize110_interleaved_100_200_15d_0_notcramped_notrotated_tsne.png,interleaved_100_200_15d_0_notcramped_notrotated_tsne,2049,15,110,1.0,0.8952226638793945,1.0,1.2045166492462158,1.0,2.20837140083313,1.0,1.2061436176300049,1.0,1.1864683628082275,0.1819661808259701,0.9128320217132568,0.1798806011526016,1.5095508098602295,0.1672485766133638,2.216073751449585,0.1811841203930685,1.2428429126739502,0.1802733757981406,1.2042922973632812,0.1000895466887635,0.9362566471099854,0.098829011583807,1.2200965881347656,0.0912554613130868,2.5641930103302,0.0996165265679472,0.9243512153625488,0.0990661857668918,1.190882682800293,0.1805758906783797,0.5543553829193115,44063,0.8889427185058594,0.0014641288433382,0.4953634738922119,0.0303516196328788,0.2096524238586425,1.8628287659030027,0.0185122489929199,-,15.0,0.0,0.0307180881500244,0,0,0,['cluster'],['separated']
figure_category_based_markersize160_interleaved_100_200_15d_0_notcramped_notrotated_tsne.png,interleaved_100_200_15d_0_notcramped_notrotated_tsne,2049,15,160,1.0,0.6985726356506348,1.0,1.3449256420135498,1.0,2.660193681716919,1.0,1.396045446395874,1.0,1.0427813529968262,0.1798347225270971,1.376103401184082,0.178592822706484,1.0747435092926023,0.1671290377672446,2.6921818256378174,0.1791607315688976,1.4088134765625,0.1787745317025362,1.050018310546875,0.0988013147777313,1.0764009952545166,0.0980521131863884,1.3808879852294922,0.0911842902261119,2.687805652618408,0.0983945890640135,1.082240343093872,0.0981616690599324,1.3611338138580322,0.1776476329917032,0.6185104846954346,50030,1.0012547969818115,0.0014641288433382,0.5421826839447021,0.0303516196328788,0.2054569721221923,1.8628287659030027,0.0180206298828125,-,15.0,0.0,0.0307948589324951,0,0,0,['cluster'],['separated']
figure_ascending_markersize10_interleaved_100_200_15d_0_notcramped_notrotated_tsne.png,interleaved_100_200_15d_0_notcramped_notrotated_tsne,2049,15,10,1.0,1.1266767978668213,1.0,0.7590456008911133,1.0,2.4376609325408936,1.0,0.7786543369293213,1.0,0.7366187572479248,0.3300254584111975,1.1131930351257324,0.318815478399753,1.1430442333221436,0.2713209731991285,2.118902921676636,0.3242761881235725,0.7946295738220215,0.3201443097095465,1.1205499172210691,0.1976230476526985,0.7660493850708008,0.1896374099948804,1.154468059539795,0.1569527766535355,2.106721878051758,0.1935141016826974,1.168773174285889,0.1905784595426719,0.7787609100341797,0.8448023426061494,0.6485579013824463,9050,0.5743300914764404,0.0014641288433382,0.5584816932678223,0.0303516196328788,0.2140083312988281,1.8628287659030027,0.0187342166900634,-,15.0,0.0,0.031078815460205,0,0,0,['cluster'],['separated']
figure_ascending_markersize60_interleaved_100_200_15d_0_notcramped_notrotated_tsne.png,interleaved_100_200_15d_0_notcramped_notrotated_tsne,2049,15,60,1.0,0.9371678829193116,1.0,1.3166213035583496,1.0,2.2041139602661133,1.0,0.9110317230224608,1.0,1.3291795253753662,0.214872758204788,0.9214920997619628,0.1893579467135984,1.3564114570617676,0.0978595386751804,2.355167865753174,0.2097761324393667,0.9206326007843018,0.1950080361780216,0.9078943729400636,0.1203683150276173,1.4366400241851809,0.1045805527215634,0.9727885723114014,0.0514470622253745,2.2196004390716557,0.1171787150426101,1.3608860969543457,0.1080381741784057,0.929318904876709,0.2069302098584675,0.6490674018859863,36138,0.6493709087371826,0.0014641288433382,1.093423843383789,0.0303516196328788,0.2108852863311767,1.8628287659030027,0.019968032836914,-,15.0,0.0,0.0254690647125244,0,0,0,['cluster'],['separated']
figure_ascending_markersize110_interleaved_100_200_15d_0_notcramped_notrotated_tsne.png,interleaved_100_200_15d_0_notcramped_notrotated_tsne,2049,15,110,1.0,1.0882103443145752,1.0,1.6686115264892578,1.0,2.3463635444641118,1.0,1.5340182781219482,1.0,1.0673258304595947,0.2169522953755186,1.1187639236450195,0.1881662927778281,1.1250121593475342,0.0576407764602951,2.8377106189727783,0.212388549026853,1.151315450668335,0.1953570426558706,1.0640885829925537,0.1216749808840419,1.084465503692627,0.1038540634428956,1.5905299186706543,0.0296756520430099,2.433847427368164,0.1188113607748664,1.1164870262145996,0.1082524617187297,1.1013712882995603,0.1805758906783797,0.7425041198730469,44063,0.7583422660827637,0.0014641288433382,0.6573464870452881,0.0303516196328788,0.2130346298217773,1.8628287659030027,0.0184423923492431,-,15.0,0.0,0.0329008102416992,0,0,0,['cluster'],['separated']
figure_ascending_markersize160_interleaved_100_200_15d_0_notcramped_notrotated_tsne.png,interleaved_100_200_15d_0_notcramped_notrotated_tsne,2049,15,160,1.0,0.7670254707336426,1.0,1.261772632598877,1.0,3.0015203952789307,1.0,1.2700135707855225,1.0,1.202033519744873,0.2188211858333633,1.3260812759399414,0.1882843180592955,1.761298418045044,0.0314385566306409,2.5680415630340576,0.2148444064376392,1.265446662902832,0.1965114170259297,1.2645490169525146,0.1228518911705917,1.3056273460388184,0.103925974663754,1.3503832817077637,0.0159703202237017,2.57231879234314,0.1203505213844734,1.283569097518921,0.1089618303554046,1.7445814609527588,0.1776476329917032,0.806072473526001,50030,0.2802178859710693,0.0014641288433382,0.7037687301635742,0.0303516196328788,0.2095313072204589,1.8628287659030027,0.0191965103149414,-,15.0,0.0,0.0322718620300293,0,0,0,['cluster'],['separated']
figure_descending_markersize10_interleaved_100_200_15d_0_notcramped_notrotated_tsne.png,interleaved_100_200_15d_0_notcramped_notrotated_tsne,2049,15,10,1.0,0.4061548709869385,1.0,0.9063215255737304,1.0,2.1941583156585693,1.0,0.948124885559082,1.0,0.8995354175567627,0.3075789971949472,0.9288544654846193,0.3141990122341457,1.4652581214904783,0.32083059178704,2.196232318878174,0.3050870391329816,0.9493703842163086,0.3118001573575084,0.9413461685180664,0.1817390570580013,0.9632108211517334,0.1863796584023509,0.9748263359069824,0.1910650528873563,2.268134117126465,0.1800015966465421,0.9547414779663086,0.1846938670894888,0.9304449558258056,0.8448023426061494,0.7971951961517334,9050,0.1612334251403808,0.0014641288433382,0.7172403335571289,0.0303516196328788,0.2166681289672851,1.8628287659030027,0.0178775787353515,-,15.0,0.0,0.03346848487854,0,0,0,['cluster'],['separated']
figure_descending_markersize60_interleaved_100_200_15d_0_notcramped_notrotated_tsne.png,interleaved_100_200_15d_0_notcramped_notrotated_tsne,2049,15,60,1.0,1.0572874546051023,1.0,1.074326753616333,1.0,1.820039987564087,1.0,1.6250574588775637,1.0,1.0937745571136477,0.1605064450834951,1.097116470336914,0.178525064748705,1.0988335609436035,0.2256175022170634,1.8379406929016116,0.1618990359555632,1.6430182456970217,0.1739267247682755,1.0899803638458252,0.0872557800784359,1.1036326885223389,0.0980112661962462,0.5400352478027344,0.12715268692008,2.968955039978028,0.0880795120194763,1.1094446182250977,0.095246300971249,0.5065958499908447,0.2069302098584675,0.8018958568572998,36138,0.8079328536987305,0.0014641288433382,0.7881031036376953,0.0303516196328788,0.2198870182037353,1.8628287659030027,0.0189080238342285,-,15.0,0.0,0.0314850807189941,0,0,0,['cluster'],['separated']
figure_descending_markersize110_interleaved_100_200_15d_0_notcramped_notrotated_tsne.png,interleaved_100_200_15d_0_notcramped_notrotated_tsne,2049,15,110,1.0,0.6375153064727783,1.0,1.2702641487121582,1.0,2.507120370864868,1.0,1.3442010879516602,1.0,1.281707763671875,0.1474581129474778,1.3257575035095217,0.1736190759723496,1.3144590854644775,0.2425659629611051,2.6757287979125977,0.1493455223488611,0.6291067600250244,0.1668694881748075,1.2313971519470217,0.0795977213676341,1.915881633758545,0.0950618097726699,0.6634242534637451,0.1380227979252097,3.1304657459259038,0.0806987604398261,0.6395630836486816,0.0910297914405781,1.8500621318817136,0.1805758906783797,0.2351546287536621,44063,0.8825321197509766,0.0014641288433382,0.8300938606262207,0.0303516196328788,0.2108519077301025,1.8628287659030027,0.0179364681243896,-,15.0,0.0,0.0331110954284668,0,0,0,['cluster'],['separated']
figure_descending_markersize160_interleaved_100_200_15d_0_notcramped_notrotated_tsne.png,interleaved_100_200_15d_0_notcramped_notrotated_tsne,2049,15,160,1.0,0.808894157409668,1.0,1.4629998207092283,1.0,2.781813621520996,1.0,1.4803831577301023,1.0,1.3510172367095947,0.1409054114486706,1.4426507949829102,0.1716273556479878,1.472853422164917,0.2510863689613763,2.079005479812622,0.1427537162108715,1.433967351913452,0.1636281345744524,1.393047571182251,0.0757924918486632,1.4038550853729248,0.0938689146209654,1.4576826095581057,0.1435670489984484,2.688017606735229,0.0768631050479893,2.0819270610809326,0.0891040304282457,0.7628388404846191,0.1776476329917032,0.9294431209564208,50030,0.9399082660675048,0.0014641288433382,0.8559913635253906,0.0303516196328788,0.2101781368255615,1.8628287659030027,0.0179691314697265,-,15.0,0.0,0.0311951637268066,0,0,0,['cluster'],['separated']
figure_category_based_markersize10_spambase_umap.png,spambase_umap,4601,2,10,0.183429915005757,1.1304852962493896,0.2005115353440548,1.085247278213501,0.3905589528257154,1.3296709060668943,0.1969111972668114,1.1937034130096436,0.1994001479710511,1.2280900478363037,0.1162943257084409,1.125105619430542,0.1226880749322547,1.1011641025543213,0.1667587556457379,1.3401861190795898,0.12107988344464,1.1610209941864014,0.1218866896748798,1.234781265258789,0.0851348566103858,1.1136093139648438,0.0883840503285163,1.1150362491607666,0.1060114836393583,1.3525822162628174,0.0874157267190055,1.163684368133545,0.0877682548159758,1.269604206085205,0.2175613996957183,0.9414498805999756,12163,0.1895689964294433,0.3405781351880026,0.8858616352081299,0.0300408831046593,0.6182384490966797,0.6287953943978836,0.0407705307006835,-,15.0,0.3475331449684851,0.0108206272125244,102,0,5914,['three_order'],['intersecting']
figure_category_based_markersize60_spambase_umap.png,spambase_umap,4601,2,60,0.1220017605086259,0.7402982711791992,0.1273911475202871,1.421397686004639,0.2450929418898978,1.6829063892364502,0.1305273114861589,1.430655002593994,0.1292325572464653,1.5626652240753174,0.0803754861821036,1.391080379486084,0.0828716000408933,1.4145228862762451,0.1171629053393753,1.6234145164489746,0.0837909047190894,1.483360767364502,0.083197701171561,0.820521354675293,0.0599283052310236,1.443913221359253,0.0614104214171877,1.4348950386047363,0.076981319676479,1.6288597583770752,0.0616990415621983,1.5012011528015137,0.061345411994606,1.5897843837738037,0.1034557704846772,1.025590181350708,30804,0.2558262348175049,0.3405781351880026,0.941204071044922,0.0300408831046593,0.6285619735717773,0.6287953943978836,0.0411627292633056,-,15.0,0.3475331449684851,0.0109302997589111,371,0,42733,['three_order'],['intersecting']
figure_category_based_markersize110_spambase_umap.png,spambase_umap,4601,2,110,0.1162777719645383,1.6849744319915771,0.1201372023084947,1.777367353439331,0.2288897583411433,1.9115996360778809,0.1237280729568418,1.7673563957214355,0.1218390900242976,1.876018047332764,0.0764305456171042,1.690807580947876,0.078465323736485,0.9581515789031982,0.1109943279494136,1.9425525665283203,0.0794171567837372,1.7959012985229492,0.0786193602696088,1.9167804718017576,0.0569234501231687,1.7742631435394287,0.0582575738063383,1.0119974613189695,0.0732599480226021,1.891720533370972,0.0584753087330508,1.79640793800354,0.058033320039289,1.8895504474639893,0.0795479243642686,1.1340558528900146,40286,0.342109203338623,0.3405781351880026,0.9792284965515136,0.0300408831046593,0.6214349269866943,0.6287953943978836,0.0432875156402587,-,15.0,0.3475331449684851,0.0115275382995605,559,0,85038,['three_order'],['intersecting']
figure_category_based_markersize160_spambase_umap.png,spambase_umap,4601,2,160,0.1147488491066571,1.9993975162506104,0.1186102592142817,2.0806002616882324,0.2254186954066814,2.267673969268799,0.1216934428325221,2.1425271034240723,0.1196715280534463,2.2092459201812744,0.0751620881318873,1.3122973442077637,0.0773566825379814,2.2368412017822266,0.1090574989685232,2.268584728240967,0.0779581310595397,2.0545549392700195,0.0771017663008766,1.429661512374878,0.0558831698338261,2.05107855796814,0.0573944451956403,1.9992573261260984,0.0719281611598113,2.300678968429565,0.0573479102109433,2.0350770950317383,0.0568713808912484,2.179079294204712,0.0686807215822647,0.3792364597320556,46853,1.2842435836791992,0.3405781351880026,1.0297880172729492,0.0300408831046593,0.6060791015625,0.6287953943978836,0.0397162437438964,-,15.0,0.3475331449684851,0.0114784240722656,608,0,126264,['three_order'],['intersecting']
figure_ascending_markersize10_spambase_umap.png,spambase_umap,4601,2,10,0.2378486202474315,1.2948274612426758,0.2135228189085153,0.4469642639160156,0.1482226542761157,1.3949306011199951,0.2401115811908432,1.2227189540863037,0.2211450722126118,1.3458263874053955,0.1402080646762021,1.2312443256378174,0.1308601229500305,0.4480061531066894,0.1000886830525192,1.397899866104126,0.1398948951310481,1.241446018218994,0.1333226499871737,1.359107255935669,0.099401999034457,0.4586708545684814,0.0943382472554492,1.2180092334747314,0.0755533979425961,1.4462895393371582,0.0986999544345963,1.285512924194336,0.0954263719962346,1.39844012260437,0.2175613996957183,0.2002625465393066,12163,1.0758161544799805,0.3405781351880026,1.0265159606933594,0.0300408831046593,0.6144306659698486,0.6287953943978836,0.0408082008361816,-,15.0,0.3475331449684851,0.0105252265930175,11,0,0,['three_order'],['intersecting']
figure_ascending_markersize60_spambase_umap.png,spambase_umap,4601,2,60,0.1647409964290459,1.5374937057495115,0.1430994567400698,0.6763932704925537,0.0615845920450867,1.638589859008789,0.1645959533747478,1.48749041557312,0.1461994395106322,1.5955662727355957,0.0983094891981378,1.5183954238891602,0.0921544539040151,0.6788771152496338,0.0477352062329825,1.6881484985351562,0.0978012401589166,1.5378758907318115,0.0909459814517422,1.6812033653259275,0.0700585188658705,0.692011833190918,0.0679599526760489,1.51466965675354,0.0389712074790979,1.7430005073547363,0.069569307191084,0.718409538269043,0.0660017883803353,1.6819303035736084,0.1034557704846772,1.150686264038086,30804,0.2480432987213134,0.3405781351880026,1.1106703281402588,0.0300408831046593,0.6135916709899902,0.6287953943978836,0.0406801700592041,-,15.0,0.3475331449684851,0.0112972259521484,366,0,0,['three_order'],['intersecting']
figure_ascending_markersize110_spambase_umap.png,spambase_umap,4601,2,110,0.1573261221988429,0.9113328456878662,0.1387697535909421,1.8395583629608157,0.0488707065490523,1.97047758102417,0.1564932644052618,1.8191049098968504,0.138281992271382,1.0809307098388672,0.0931855638824767,1.7695345878601074,0.0899333127502316,1.8353111743927,0.0386325419540034,1.978287935256958,0.0924555488237603,0.949631690979004,0.085649345684999,1.905045747756958,0.0661974224584805,1.796894073486328,0.0665224497931696,1.8286075592041016,0.031941053593721,1.155266523361206,0.0656083360654333,1.8537232875823972,0.0620369513250678,1.9483044147491453,0.0795479243642686,0.3125729560852051,40286,1.2246603965759275,0.3405781351880026,1.0994832515716553,0.0300408831046593,0.6114029884338379,0.6287953943978836,0.0387754440307617,-,15.0,0.3475331449684851,0.0110015869140625,859,0,0,['three_order'],['intersecting']
figure_ascending_markersize160_spambase_umap.png,spambase_umap,4601,2,160,0.155461523905662,1.141958713531494,0.1391858852693673,2.0547080039978027,0.0429582192316693,1.3715181350708008,0.1541946153848941,2.0578930377960205,0.1361234351854701,2.2140512466430664,0.0916868104890019,2.074584722518921,0.0903147384950132,1.174330711364746,0.0342471663145728,2.236351490020752,0.0908097869029211,2.063798427581787,0.0840270140509783,1.293055534362793,0.0650155807030813,2.020096063613892,0.0668442795979997,2.097596406936645,0.0284733501638856,1.39382004737854,0.0643552530323048,2.107401132583618,0.0607696022334293,2.1649296283721924,0.0686807215822647,1.3057613372802734,46853,0.3850669860839844,0.3405781351880026,1.13376784324646,0.0300408831046593,0.6141550540924072,0.6287953943978836,0.0402748584747314,-,15.0,0.3475331449684851,0.0106148719787597,949,0,0,['three_order'],['intersecting']
figure_descending_markersize10_spambase_umap.png,spambase_umap,4601,2,10,0.147167782510094,0.4489624500274658,0.1833598993655286,1.3124759197235107,0.3900064520068073,1.555217981338501,0.1519876517390255,0.4647736549377441,0.1674660948847917,1.4502718448638916,0.0996320285161621,1.3584387302398682,0.1137778068567065,1.350472927093506,0.1680101828866176,0.6367495059967041,0.1018164024305176,1.357475757598877,0.1084288784591488,0.5696864128112793,0.0753074390274509,1.3164916038513184,0.0824785440356603,1.3219966888427734,0.1070666078215493,1.5576286315917969,0.0765478830451862,0.4658849239349365,0.0801673085626754,1.4899671077728271,0.2175613996957183,0.1914763450622558,12163,1.1285622119903564,0.3405781351880026,1.1235809326171875,0.0300408831046593,0.6080160140991211,0.6287953943978836,0.0386435985565185,-,15.0,0.3475331449684851,0.0104646682739257,108,0,17999,['three_order'],['intersecting']
figure_descending_markersize60_spambase_umap.png,spambase_umap,4601,2,60,0.0879148420714863,0.6712563037872314,0.1100720056156797,1.6315762996673584,0.2540420034858514,1.7893621921539309,0.0902265294750648,0.6735529899597168,0.1008848450191757,1.7020201683044434,0.0631378027444967,1.6236047744750977,0.0725929221887322,0.6613917350769043,0.1218103258274957,1.7765052318572998,0.0644499521117061,0.688711404800415,0.0698115308386347,1.697702407836914,0.0492559879925682,1.601454496383667,0.0541537754188179,0.6710567474365234,0.0801114358265829,1.7643985748291016,0.0501287910501658,1.616865873336792,0.0533724137402367,0.7907001972198486,0.1034557704846772,1.235896110534668,30804,0.2350404262542724,0.3405781351880026,1.1488220691680908,0.0300408831046593,0.6078503131866455,0.6287953943978836,0.0402190685272216,-,15.0,0.3475331449684851,0.0112309455871582,361,0,141929,['three_order'],['intersecting']
figure_descending_markersize110_spambase_umap.png,spambase_umap,4601,2,110,0.0815308566808024,0.8901727199554443,0.101761313826152,0.9065420627593994,0.2420829826173464,2.0198798179626465,0.083725363296592,1.956597089767456,0.0937891857517165,1.0251104831695557,0.05881600535315,1.84529972076416,0.0676310588481797,1.9266607761383057,0.1178629008836898,1.093071222305298,0.0601114615562017,1.894601821899414,0.0653410737492224,1.0276107788085938,0.0460001605303137,1.869494199752808,0.0506449772006448,2.033642292022705,0.0778934313214354,1.090395212173462,0.0468873525018829,1.842601299285889,0.0501343388284393,1.018937349319458,0.0795479243642686,1.3270423412322998,40286,1.3446714878082275,0.3405781351880026,0.1636683940887451,0.0300408831046593,0.6092813014984131,0.6287953943978836,0.0399596691131591,-,15.0,0.3475331449684851,0.0107069015502929,464,0,286342,['three_order'],['intersecting']
figure_descending_markersize160_spambase_umap.png,spambase_umap,4601,2,160,0.0797239601143712,2.1179463863372803,0.099470639078209,1.1529655456542969,0.2409048850572482,2.2442100048065186,0.0818718965954494,2.132896661758423,0.091772878144528,1.251109600067139,0.05748958583882,2.089590549468994,0.0661471128094447,2.136518955230713,0.1174175728761799,1.3194050788879397,0.0587897913476814,2.184854507446289,0.063984742928519,1.2927069664001465,0.0449526512553453,2.095946788787842,0.0495480774109456,2.195444345474243,0.0776264341328212,1.316040277481079,0.045860392491518,2.180473804473877,0.0491135350131247,1.241964340209961,0.0686807215822647,1.4561667442321775,46853,0.3826019763946533,0.3405781351880026,1.2378263473510742,0.0300408831046593,0.6028063297271729,0.6287953943978836,0.0399532318115234,-,15.0,0.3475331449684851,0.0113513469696044,528,0,426038,['three_order'],['intersecting']
figure_category_based_markersize10_shuttle_small_tsne.png,shuttle_small_tsne,14500,7,10,0.9288112321461596,1.9792330265045168,0.8732464719322606,1.8683691024780276,1.002236895244491,1.507103443145752,0.9475817063359152,1.949571132659912,0.9521894974991352,3.3323116302490234,0.2037185393474387,0.9021422863006592,0.2045710816374467,1.9141786098480225,0.2062258002555899,1.4738588333129885,0.2046802621657943,2.007197141647339,0.20489034452839,2.205021619796753,0.1144057189105566,1.8851356506347656,0.115856049308002,1.8782474994659424,0.1149380435234891,1.4724369049072266,0.1147312660397043,1.934942960739136,0.1147959618000227,2.207075357437134,0.3146896551724138,1.6884396076202393,51564,1.458548069000244,0.1381379310344827,0.2617330551147461,0.0306754941335097,1.525947332382202,0.7469200838709381,0.1278274059295654,-,15.0,0.5699310344827586,0.080075979232788,0,0,289,['cluster'],"['touching','separated']"
figure_category_based_markersize60_shuttle_small_tsne.png,shuttle_small_tsne,14500,7,60,0.7988913637181081,1.90738582611084,0.698451694582656,2.685354471206665,0.9502222387021207,3.3033275604248047,0.8481537664469789,1.7644288539886477,0.858280550161826,3.97518801689148,0.1695093597530499,1.7077560424804688,0.1703010234514248,2.7719805240631104,0.1719650878419257,3.336799383163452,0.170610843957645,1.6870934963226318,0.1708402992928611,3.993730545043945,0.0948134766356143,1.7094213962554932,0.0969727776039141,2.6652112007141118,0.0945368812231765,3.4398255348205566,0.0948446902642606,1.7106585502624512,0.0948611844837084,4.016340255737305,0.1048965517241379,0.590294599533081,123704,1.760650396347046,0.1381379310344827,0.2825310230255127,0.0306754941335097,1.5409224033355713,0.7469200838709381,0.1201062202453613,-,15.0,0.5699310344827586,0.0792658329010009,0,0,2564,['cluster'],"['touching','separated']"
figure_category_based_markersize110_shuttle_small_tsne.png,shuttle_small_tsne,14500,7,110,0.7190166334383916,3.119081258773804,0.6072171147753693,3.1080586910247803,0.8889290339075852,3.698481798171997,0.7813223941440686,3.0239241123199463,0.7911403503622045,4.579223871231079,0.1635649358468532,3.1783666610717773,0.1633193021550683,3.0399374961853027,0.1663575413631182,3.556000232696533,0.1653592214442059,3.2688751220703125,0.1655239410331024,4.463374614715576,0.0922784086962219,3.283476591110229,0.0943476996254235,3.125614643096924,0.0917654360639499,3.738345623016357,0.0924641790184733,3.1754679679870605,0.0924312997319256,4.417907953262329,0.0693103448275862,1.3969213962554932,152135,1.4193694591522217,0.1381379310344827,0.7497532367706299,0.0306754941335097,1.5904953479766846,0.7469200838709381,0.1258158683776855,-,15.0,0.5699310344827586,0.0805540084838867,0,0,5868,['cluster'],"['touching','separated']"
figure_category_based_markersize160_shuttle_small_tsne.png,shuttle_small_tsne,14500,7,160,0.6659757264932797,3.8022847175598153,0.5525811744534719,3.7772774696350098,0.8427289997132632,4.380223751068115,0.7344796649576644,3.77157473564148,0.7435756471164279,5.796403169631958,0.1601005540032838,4.031261682510376,0.159081831427489,4.2654547691345215,0.1631502605961342,4.742943048477173,0.1624616803598616,4.426136016845703,0.1625749984156733,5.460965633392334,0.0909869018804556,3.964241743087769,0.092915585534523,4.248747825622559,0.0903177803068732,4.992869853973389,0.091331814182573,4.305104970932007,0.09126451230754,5.559658527374268,0.0541379310344827,1.905996799468994,169473,1.9664945602416992,0.1381379310344827,0.5957396030426025,0.0306754941335097,1.5692381858825684,0.7469200838709381,0.1231553554534912,-,15.0,0.5699310344827586,0.076385498046875,0,0,10120,['cluster'],"['touching','separated']"
figure_ascending_markersize10_shuttle_small_tsne.png,shuttle_small_tsne,14500,7,10,0.9541667043040364,1.0756189823150637,0.9474805083886084,1.363636493682861,0.980125293317706,1.8251557350158687,0.9623974067634328,1.42753005027771,0.9636830283532164,2.7056820392608643,0.2063500346875406,1.3639640808105469,0.2125042392560061,1.2080025672912598,0.1995946491824666,1.996203184127808,0.2065722442147897,1.2853755950927734,0.2060191685988898,2.734804630279541,0.1156840516469268,1.421797275543213,0.11967239059874,1.2357971668243408,0.1111107286285674,2.0630273818969727,0.1157036321675204,1.4664239883422852,0.1153382724108927,2.580082654953003,0.3146896551724138,1.0397610664367676,51564,0.7934114933013916,0.1381379310344827,0.4941866397857666,0.0306754941335097,1.5801405906677246,0.7469200838709381,0.1284208297729492,-,15.0,0.5699310344827586,0.0800447463989257,0,0,0,['cluster'],"['touching','separated']"
figure_ascending_markersize60_shuttle_small_tsne.png,shuttle_small_tsne,14500,7,60,0.8376066979698692,2.1026835441589355,0.8402877600655428,2.1959540843963623,0.8978149002418031,2.703594446182251,0.8769759699739479,2.079256057739258,0.8809935867305664,3.538099765777588,0.1746683076803951,2.0517492294311523,0.1874585731280792,2.1528995037078857,0.1582398212958067,2.854741096496582,0.1746239713664151,2.112535238265991,0.1730430237757576,3.543421030044556,0.0975001321725527,2.046161651611328,0.1054968566494749,2.163057804107666,0.0867661773778819,2.9197680950164795,0.0969659435635221,2.1384599208831787,0.0959440860178082,3.359475612640381,0.1048965517241379,0.8721177577972412,123704,1.1335105895996094,0.1381379310344827,0.5873680114746094,0.0306754941335097,1.445289134979248,0.7469200838709381,0.1280431747436523,-,15.0,0.5699310344827586,0.0798234939575195,0,0,0,['cluster'],"['touching','separated']"
figure_ascending_markersize110_shuttle_small_tsne.png,shuttle_small_tsne,14500,7,110,0.763964804100347,2.867459774017334,0.7755576292308533,3.3718504905700684,0.8136917783218143,3.664904117584229,0.8162564300652747,2.947072505950928,0.8184165951610509,4.210610628128052,0.1705501209699855,3.049890518188477,0.1867002054092829,3.2391960620880127,0.1471584973485428,3.715662240982056,0.1709154982051666,3.1207597255706787,0.1685594634371263,4.197201728820801,0.0959895821189591,3.2097625732421875,0.1061236962757057,3.234855890274048,0.0808942252739077,3.4595372676849365,0.0954509621062789,3.2179853916168213,0.0939551390332765,4.393961429595947,0.0693103448275862,1.1337707042694092,152135,1.1663458347320557,0.1381379310344827,1.0033175945281982,0.0306754941335097,1.4356601238250732,0.7469200838709381,0.1263861656188964,-,15.0,0.5699310344827586,0.0803790092468261,0,0,0,['cluster'],"['touching','separated']"
figure_ascending_markersize160_shuttle_small_tsne.png,shuttle_small_tsne,14500,7,160,0.7153195907254686,3.299842119216919,0.7343726939416919,3.800372838973999,0.7464181374672152,4.039821863174439,0.7731618701570402,3.936258554458618,0.7735300566321303,4.780702114105225,0.1683862090743394,4.239994764328003,0.1865460887625926,3.92111611366272,0.139609457793326,4.614198923110962,0.1691054353832703,3.894351959228516,0.1661978017661887,5.050253629684448,0.0954245755762313,4.13982367515564,0.1068432605155907,4.086635112762451,0.0770063304531994,4.727141857147217,0.094934749419568,3.8429555892944336,0.0931005169319635,5.441457986831665,0.0541379310344827,1.405447006225586,169473,1.4243314266204834,0.1381379310344827,1.1519496440887451,0.0306754941335097,1.4307479858398438,0.7469200838709381,0.1248340606689453,-,15.0,0.5699310344827586,0.0786812305450439,0,0,0,['cluster'],"['touching','separated']"
figure_descending_markersize10_shuttle_small_tsne.png,shuttle_small_tsne,14500,7,10,0.9004327436699876,1.1974356174468994,0.7561001607634632,1.484595775604248,1.0371734996376285,2.472682237625122,0.9318229392077187,1.2495219707489014,0.94011868485914,2.809187889099121,0.2003152916471056,1.4824552536010742,0.1915289402647312,1.2579357624053955,0.212664338707899,2.1745834350585938,0.2024886384114528,1.5390448570251465,0.2035223099691162,2.819546937942505,0.1126927778599133,1.2112197875976562,0.1096526089530446,1.5270836353302002,0.1184787402803516,2.160667896270752,0.1135856098729563,1.5653555393218994,0.1141130839585135,2.847849130630493,0.3146896551724138,0.9685554504394532,51564,0.6991195678710938,0.1381379310344827,0.967705011367798,0.0306754941335097,1.4080195426940918,0.7469200838709381,0.1259858608245849,-,15.0,0.5699310344827586,0.0807576179504394,0,0,545,['cluster'],"['touching','separated']"
figure_descending_markersize60_shuttle_small_tsne.png,shuttle_small_tsne,14500,7,60,0.7259626195090323,2.0099358558654785,0.5072168205325166,2.1090009212493896,1.1145161939913286,2.9075703620910645,0.7782091316358641,2.2834560871124268,0.8007669434126291,3.603443145751953,0.161115182399768,1.990919589996338,0.1449927456255051,2.4255788326263428,0.1884946099500777,2.6088709831237797,0.1639006439050676,2.3743391036987305,0.1664496285798857,3.2766823768615723,0.0906125570202279,2.319586992263794,0.0845862666711491,2.4968504905700684,0.1029533966638897,2.6312198638916016,0.0915959525351867,2.3237321376800537,0.0928777244571326,3.635045528411865,0.1048965517241379,1.0051510334014893,123704,0.9464850425720216,0.1381379310344827,0.7019414901733398,0.0306754941335097,1.4263522624969482,0.7469200838709381,0.1290590763092041,-,15.0,0.5699310344827586,0.0826210975646972,0,0,9971,['cluster'],"['touching','separated']"
figure_descending_markersize110_shuttle_small_tsne.png,shuttle_small_tsne,14500,7,110,0.6221017628117458,2.4546284675598145,0.4017271138415639,3.4876837730407715,1.1837820595788855,3.4302797317504883,0.6774878698599962,3.121772050857544,0.7065854105138785,4.4296863079071045,0.1514843742042334,2.779346466064453,0.1317703232943788,3.4321444034576416,0.1911357054530517,3.4915335178375244,0.1550517881735574,3.14298939704895,0.1587463730279447,4.049420833587647,0.0862423762853282,2.8283534049987797,0.078810451346445,3.495598793029785,0.1039606989301927,3.951954126358032,0.0875436360381891,2.832236289978028,0.0894177974069255,4.62725567817688,0.0693103448275862,1.2596659660339355,152135,1.257378101348877,0.1381379310344827,0.7698211669921875,0.0306754941335097,1.447617769241333,0.7469200838709381,0.1261281967163086,-,15.0,0.5699310344827586,0.0783295631408691,1,0,27418,['cluster'],"['touching','separated']"
figure_descending_markersize160_shuttle_small_tsne.png,shuttle_small_tsne,14500,7,160,0.556776971240956,3.274012327194214,0.3436321669374625,3.539989233016968,1.2453577757917904,3.861876010894776,0.6125676174386003,3.5932905673980717,0.6445070749549822,4.814573049545288,0.1453337211992817,3.5451221466064453,0.1235937587841968,4.343635320663452,0.1944172255454919,4.329899311065674,0.1494703831512636,3.6664299964904794,0.1539690675638836,5.172777414321899,0.0835744465255197,3.6367363929748535,0.0753468302724967,4.067699193954468,0.105438827714811,4.73559832572937,0.0851201155617287,3.575364828109741,0.0874274994998778,5.244243860244751,0.0541379310344827,1.5351638793945312,169473,1.5322577953338623,0.1381379310344827,0.8410356044769287,0.0306754941335097,1.3969182968139648,0.7469200838709381,0.1244392395019531,-,15.0,0.5699310344827586,0.0796945095062255,5,0,49277,['cluster'],"['touching','separated']"
figure_category_based_markersize10_JavierGeneratedData_3dinterleaved_5classes_tsne.png,JavierGeneratedData_3dinterleaved_5classes_tsne,500,5,10,1.0,0.7252743244171143,1.0,0.7334396839141846,1.0,1.5410988330841064,1.0,0.7313451766967773,1.0,0.7070837020874023,0.7416966020558748,1.1294395923614502,0.7537598037395246,0.710176944732666,0.7704439540482831,1.5326693058013916,0.7297931184440831,0.7182660102844238,0.7430997826283064,1.1265723705291748,0.5894417858742917,0.7472929954528809,0.6048270678487906,0.752589225769043,0.6266033635351158,1.1296029090881348,0.5745466577461273,1.1243407726287842,0.5912162098135394,0.7200138568878174,0.998,0.5678772926330566,483,1.0192368030548096,0.0,0.1160221099853515,0.0298952623325096,0.0462403297424316,4.785835472312256,0.0047056674957275,0.01799948043486767,14.65711498260498,0.0,0.0028855800628662,0,0,0,"['lip_cluster','linear','cluster']",['separated']
figure_category_based_markersize60_JavierGeneratedData_3dinterleaved_5classes_tsne.png,JavierGeneratedData_3dinterleaved_5classes_tsne,500,5,60,1.0,0.794379472732544,1.0,0.7859807014465332,1.0,1.2136318683624268,1.0,0.7789678573608398,1.0,1.1973350048065186,0.2870757507528622,0.7816708087921143,0.2898507511537254,1.2115180492401123,0.2814530997145831,1.2071988582611084,0.2783195292707994,0.7952854633331299,0.2832687497834826,0.7875492572784424,0.1675939557041342,1.2561495304107666,0.1694885702807919,0.7976958751678467,0.1637738834289824,1.2036638259887695,0.1616557392632327,0.7937209606170654,0.1650047144815218,0.7889187335968018,0.94,0.6168868541717529,14644,0.6029777526855469,0.0,0.590986967086792,0.0298952623325096,0.0459592342376709,4.785835472312256,0.0051815509796142,-,15.0,0.0,0.0028209686279296,0,0,0,"['lip_cluster','linear','cluster']",['separated']
figure_category_based_markersize110_JavierGeneratedData_3dinterleaved_5classes_tsne.png,JavierGeneratedData_3dinterleaved_5classes_tsne,500,5,110,1.0,0.8689172267913818,1.0,0.8386034965515137,1.0,1.2881801128387451,1.0,0.8543236255645752,1.0,0.8299698829650879,0.2186645513425184,0.837038516998291,0.2163297950043501,1.3067448139190674,0.2076172276491464,1.250908136367798,0.2148026013064872,0.885817289352417,0.2153293828426392,0.8698000907897949,0.1227531577543783,0.840275764465332,0.1212835166492439,1.3371901512145996,0.1158330859076712,1.291034460067749,0.1203242854060224,0.8729004859924316,0.1206549717200016,0.8485493659973145,0.724,0.6531581878662109,28840,0.6486742496490479,0.0,0.1155869960784912,0.0298952623325096,0.047776460647583,4.785835472312256,0.0051546096801757,-,15.0,0.0,0.0031750202178955,0,0,0,"['lip_cluster','linear','cluster']",['separated']
figure_category_based_markersize160_JavierGeneratedData_3dinterleaved_5classes_tsne.png,JavierGeneratedData_3dinterleaved_5classes_tsne,500,5,160,1.0,0.914053440093994,1.0,0.8754146099090576,1.0,1.3249945640563965,1.0,0.8780102729797363,1.0,1.3648738861083984,0.2030203455562882,0.8872010707855225,0.1993405113175391,0.9227700233459472,0.1916347104814969,1.2963309288024902,0.200227682995211,0.8888518810272217,0.1996086832494583,0.886115550994873,0.1129786556315447,0.885615348815918,0.1107041684285329,0.8836202621459961,0.1059712391032022,1.7760307788848877,0.1112516739497545,0.9041519165039062,0.1108696100632858,0.9036507606506348,0.564,0.6815288066864014,36661,0.1402981281280517,0.0,0.6388983726501465,0.0298952623325096,0.0467944145202636,4.785835472312256,0.0049710273742675,-,15.0,0.0,0.002873420715332,0,0,0,"['lip_cluster','linear','cluster']",['separated']
figure_ascending_markersize10_JavierGeneratedData_3dinterleaved_5classes_tsne.png,JavierGeneratedData_3dinterleaved_5classes_tsne,500,5,10,1.0,0.3106706142425537,1.0,0.8447811603546143,1.0,1.221851825714111,1.0,0.8013753890991211,1.0,1.3138995170593262,0.745854611434362,0.8537006378173828,0.7547521320327335,0.8515481948852539,0.754259218295734,1.231823205947876,0.7324619280752045,0.8229143619537354,0.7444678111754808,0.8266980648040771,0.5947114411411212,0.8480923175811768,0.606105941995938,0.8728008270263672,0.6054704392545063,1.2428374290466309,0.5778618759458156,0.8416759967803955,0.5929499998502483,0.8409738540649414,0.998,0.6771402359008789,483,0.6721971035003662,0.0,0.6705231666564941,0.0298952623325096,0.0465552806854248,4.785835472312256,0.0051591396331787,0.017999480434867664,11.361214876174929,0.0,0.0028374195098876,0,0,0,"['lip_cluster','linear','cluster']",['separated']
figure_ascending_markersize60_JavierGeneratedData_3dinterleaved_5classes_tsne.png,JavierGeneratedData_3dinterleaved_5classes_tsne,500,5,60,1.0,0.8931670188903809,1.0,0.9005274772644043,1.0,1.3041114807128906,1.0,0.9020254611968994,1.0,0.3367033004760742,0.3063373056612837,1.4660723209381104,0.2919924550734994,0.9187347888946532,0.2436446135402619,1.305145502090454,0.2886563968254014,0.920478105545044,0.287799328482755,0.3352336883544922,0.1808726771188,1.459873914718628,0.1709550147719427,0.913177251815796,0.1387217048546041,0.7492976188659668,0.1686723789950389,1.4541943073272705,0.1680873820868936,0.3396251201629638,0.94,0.7215723991394043,14644,0.7133700847625732,0.0,0.7105247974395752,0.0298952623325096,0.0451951026916503,4.785835472312256,0.0041658878326416,0.039632370392131896,13.707302570343018,0.0,0.0030488967895507,0,0,0,"['lip_cluster','linear','cluster']",['separated']
figure_ascending_markersize110_JavierGeneratedData_3dinterleaved_5classes_tsne.png,JavierGeneratedData_3dinterleaved_5classes_tsne,500,5,110,1.0,0.9576570987701416,1.0,0.9449362754821776,1.0,1.3333182334899902,1.0,1.532982587814331,1.0,0.3777198791503906,0.2436533774017409,0.9250190258026124,0.2190320066530243,0.9565584659576416,0.160091281531295,1.3700695037841797,0.2289950338583238,0.3649270534515381,0.2213884544088401,0.9273943901062012,0.1387273868761118,1.5654520988464355,0.1229848079646829,0.3748555183410644,0.0870104478142446,1.9314064979553225,0.1293023104035749,0.3748173713684082,0.1244726286398061,0.9503276348114014,0.724,0.7536172866821289,28840,0.7557930946350098,0.0,0.7284111976623535,0.0298952623325096,0.0428194999694824,4.785835472312256,0.0051321983337402,-,15.0,0.0,0.0031156539916992,0,0,0,"['lip_cluster','linear','cluster']",['separated']
figure_ascending_markersize160_JavierGeneratedData_3dinterleaved_5classes_tsne.png,JavierGeneratedData_3dinterleaved_5classes_tsne,500,5,160,1.0,0.3901338577270508,1.0,0.993332862854004,1.0,1.3973150253295898,1.0,1.0203795433044434,1.0,0.9849259853363036,0.2315808684163633,1.0054631233215332,0.2025304166703969,1.0004398822784424,0.1344383097919695,0.795630931854248,0.2169972308239841,0.9973196983337402,0.2068079303598496,1.592672348022461,0.130953609515059,0.3955297470092773,0.1126752956204315,1.006256103515625,0.0720631810235009,1.4306962490081787,0.1217032494707036,0.9981570243835448,0.1153294919497112,1.630951166152954,0.564,0.1638910770416259,36661,0.8318462371826172,0.0,0.8093221187591553,0.0298952623325096,0.0561885833740234,4.785835472312256,0.0057520866394042,-,15.0,0.0,0.0029449462890625,0,0,0,"['lip_cluster','linear','cluster']",['separated']
figure_descending_markersize10_JavierGeneratedData_3dinterleaved_5classes_tsne.png,JavierGeneratedData_3dinterleaved_5classes_tsne,500,5,10,1.0,0.31819748878479,1.0,0.9555811882019044,1.0,1.352642297744751,1.0,0.9965870380401612,1.0,0.3098340034484863,0.7354459624645353,0.9370760917663574,0.7531178984334619,0.9294934272766112,0.7885122565610205,1.3425815105438232,0.7270651987886667,0.985501766204834,0.741764738457219,0.9481289386749268,0.5815852392499357,0.9366812705993652,0.6040008894884861,0.920053005218506,0.6508627601321966,1.3720722198486328,0.5711723790541249,0.9295611381530762,0.5895278578886007,0.9112884998321532,0.998,0.7971146106719971,483,0.7894062995910645,0.0,0.8267419338226318,0.0298952623325096,0.0483489036560058,4.785835472312256,0.0052621364593505,0.01799948043486767,11.638360738754272,0.0,0.0028045177459716,0,0,0,"['lip_cluster','linear','cluster']",['separated']
figure_descending_markersize60_JavierGeneratedData_3dinterleaved_5classes_tsne.png,JavierGeneratedData_3dinterleaved_5classes_tsne,500,5,60,1.0,0.3445541858673095,1.0,1.0301625728607178,1.0,1.4019742012023926,1.0,1.0418174266815186,1.0,1.0073840618133545,0.268570349114907,1.024975299835205,0.2881551727683801,0.3373970985412597,0.3198832539831469,1.3880035877227783,0.268102852108775,1.0010857582092283,0.2790112315103036,0.9949147701263428,0.1551147913965872,1.0103192329406738,0.1683301945272587,1.0098135471343994,0.1903934680381658,1.4298360347747805,0.1548029872531516,1.0221168994903564,0.16212263358067,0.3376450538635254,0.94,0.8706488609313965,14644,0.8504984378814697,0.0,0.8339567184448242,0.0298952623325096,0.0475811958312988,4.785835472312256,0.0050606727600097,0.03963237039213188,12.72643518447876,0.0,0.0028378963470458,0,0,0,"['lip_cluster','linear','cluster']",['separated']
figure_descending_markersize110_JavierGeneratedData_3dinterleaved_5classes_tsne.png,JavierGeneratedData_3dinterleaved_5classes_tsne,500,5,110,1.0,1.0591225624084473,1.0,1.0334396362304688,1.0,1.4638803005218506,1.0,1.0476469993591309,1.0,1.0851316452026367,0.1949990625994281,1.0760784149169922,0.2142429381497087,1.090353012084961,0.2496131327065791,1.4872643947601318,0.2004352134177314,0.3647851943969726,0.2098319584554786,1.04628324508667,0.108032665556535,1.0621025562286377,0.1199731714501655,1.0656981468200684,0.1426045506685899,1.5038557052612305,0.111379826340344,1.0928211212158203,0.1172135540272742,1.0701229572296145,0.724,0.1423139572143554,28840,0.8647866249084473,0.0,0.8535239696502686,0.0298952623325096,0.0484838485717773,4.785835472312256,0.0050845146179199,-,15.0,0.0,0.0029032230377197,0,0,0,"['lip_cluster','linear','cluster']",['separated']
figure_descending_markersize160_JavierGeneratedData_3dinterleaved_5classes_tsne.png,JavierGeneratedData_3dinterleaved_5classes_tsne,500,5,160,1.0,1.1492578983306885,1.0,0.3856759071350097,1.0,1.5152385234832764,1.0,1.1263480186462402,1.0,1.1269428730010986,0.1756016577785588,1.1274054050445557,0.1969548989940198,0.4019474983215332,0.2375900035090875,1.5263333320617676,0.1827576813473904,1.162170171737671,0.1931374721428952,1.1304283142089844,0.0962518183198638,1.1419742107391355,0.1092345936793993,0.3958728313446045,0.1348097230395576,1.5283010005950928,0.1005686910719182,1.1342477798461914,0.1068910717695561,1.132200002670288,0.564,0.9268476963043212,36661,0.1422185897827148,0.0,0.8859438896179199,0.0298952623325096,0.0469071865081787,4.785835472312256,0.0048315525054931,-,15.0,0.0,0.0029463768005371,0,0,0,"['lip_cluster','linear','cluster']",['separated']
figure_category_based_markersize10_italianwines_umap.png,italianwines_umap,102,13,10,0.7837684149840024,1.0725791454315186,0.8014658482074006,1.0964584350585938,0.8034810530871689,2.057703733444214,0.7985511495170823,1.082667589187622,0.7973802809955863,0.3044395446777344,0.7810820831992352,1.1088721752166748,0.7974008199180694,1.180849552154541,0.7968411822893327,2.110538959503174,0.794632914512543,1.0801031589508057,0.7935521667288977,0.3095400333404541,0.7784141030831115,1.0788428783416748,0.7933768191187456,1.1142048835754397,0.7903101542158655,2.08099102973938,0.7907529428133634,0.3101992607116699,0.7897606333540859,1.1028940677642822,1.0,0.9049015045166016,41,0.1098914146423339,0.0,0.8962419033050537,0.0274306226774853,0.0113294124603271,8.272605916364242,0.0016260147094726,0.02490301297476288,1.4815711975097656,0.8725490196078431,0.0008838176727294,0,0,27,"['lip_cluster','linear','cluster']",['intersecting']
figure_category_based_markersize60_italianwines_umap.png,italianwines_umap,102,13,60,0.3886668851949559,0.3128743171691894,0.3837585663779611,1.0995032787322998,0.4213852553850703,2.0946450233459477,0.3728639447848423,1.142664909362793,0.368175253517886,0.3137791156768799,0.3795421820244261,1.0959537029266355,0.3724816295493314,1.1146013736724854,0.4014722208754879,2.121628999710083,0.3625679743582337,0.3243792057037353,0.358821149287742,1.077930212020874,0.3708360910638345,1.1076552867889404,0.3618485300629405,1.1346020698547363,0.3833562880200926,1.3286597728729248,0.3528253342922258,0.3232667446136474,0.3499305812788353,1.1136136054992676,1.0,0.937387228012085,1479,0.1158788204193115,0.0,0.9568650722503662,0.0274306226774853,0.0135865211486816,8.272605916364242,0.0018854141235351,0.05158774603836495,1.8096582889556885,0.8725490196078431,0.0010464191436767,0,0,1125,"['lip_cluster','linear','cluster']",['intersecting']
figure_category_based_markersize110_italianwines_umap.png,italianwines_umap,102,13,110,0.2498664647005979,0.3323061466217041,0.2510589335817972,1.1838579177856443,0.286996166395371,2.2631313800811768,0.2405054026110779,1.1921470165252686,0.2372208233098628,0.3357143402099609,0.2419461061731057,1.154909372329712,0.2413420931572512,1.1590025424957275,0.2681044684433307,1.325209617614746,0.2316815030409994,1.1437301635742188,0.229127242647136,1.1472790241241455,0.23451244497497,1.1784453392028809,0.2323493766525415,0.3412380218505859,0.2515462808596896,2.1878914833068848,0.2234821686779921,1.223412275314331,0.2215677198862969,1.1657590866088867,0.9803921568627452,0.1234254837036132,4518,0.968397617340088,0.0,0.9835503101348876,0.0274306226774853,0.011523962020874,8.272605916364242,0.0017516613006591,0.066807608308176,0.8627188205718994,0.8725490196078431,0.0009920597076416,0,0,3677,"['lip_cluster','linear','cluster']",['intersecting']
figure_category_based_markersize160_italianwines_umap.png,italianwines_umap,102,13,160,0.1994130109955713,1.186413288116455,0.2020593822899702,0.3391375541687011,0.2366552031173893,2.1643526554107666,0.1927032433353882,1.178621768951416,0.1902821884208636,1.1853015422821045,0.192281395019964,0.3206551074981689,0.1932898705426634,1.18206787109375,0.2187638724161201,2.195510149002075,0.1850519936717423,0.3289244174957275,0.183089783190535,1.169020175933838,0.1856422628931932,1.1859614849090576,0.1852499014573075,1.1980807781219482,0.2033876002344882,1.3305861949920654,0.1779851244284082,1.1844301223754885,0.1764213004764228,1.198854923248291,0.9509803921568628,0.1179568767547607,7695,1.0052683353424072,0.0,1.0254418849945068,0.0274306226774853,0.0119373798370361,8.272605916364242,0.0016365051269531,0.07784898382992494,0.9554674625396729,0.8725490196078431,0.0009331703186035,0,0,6849,"['lip_cluster','linear','cluster']",['intersecting']
figure_ascending_markersize10_italianwines_umap.png,italianwines_umap,102,13,10,0.8084682615636264,1.213003158569336,0.8045585512917239,1.196965217590332,0.7202869382566334,1.31170654296875,0.8329771540290953,1.1930272579193115,0.830548796422899,1.1927542686462402,0.805621058556379,0.310596227645874,0.8004651329639383,1.307239294052124,0.7148719485141957,2.2501354217529297,0.8287361116173433,0.3058745861053467,0.8264165929086678,1.2253193855285645,0.8027938393046952,0.3205246925354004,0.7964131566266153,1.2012629508972168,0.7095377691231692,2.226990938186645,0.824538036357559,0.3019959926605224,0.8223253034822959,0.3288013935089111,1.0,1.0509583950042725,41,0.1126620769500732,0.0,1.0397436618804932,0.0274306226774853,0.0095398426055908,8.272605916364244,0.0015318393707275,0.02490301297476288,1.5508275032043457,0.8725490196078431,0.0008032321929931,0,0,0,"['lip_cluster','linear','cluster']",['intersecting']
figure_ascending_markersize60_italianwines_umap.png,italianwines_umap,102,13,60,0.433702397471001,0.3157963752746582,0.3874442616658134,1.239457368850708,0.2773458203842731,1.3036158084869385,0.4426837221817076,1.2418575286865234,0.4254645412248297,1.2315797805786133,0.4231796205148561,0.3156826496124267,0.3763080195918655,1.2360422611236572,0.2677641981689298,2.2482352256774902,0.4292559477407682,0.3123300075531006,0.4147509173631664,1.2237451076507568,0.4131553692670375,1.2579660415649414,0.3657940652934899,0.328289270401001,0.258822511147277,2.2195444107055664,0.4166187919436119,0.3057551383972168,0.4045636001598222,1.2346487045288086,1.0,1.0777747631072998,1479,0.1177566051483154,0.0,1.066652774810791,0.0274306226774853,0.0114190578460693,8.272605916364244,0.0015645027160644,0.05158774603836495,0.6718027591705322,0.8725490196078431,0.0008184909820556,0,0,0,"['lip_cluster','linear','cluster']",['intersecting']
figure_ascending_markersize110_italianwines_umap.png,italianwines_umap,102,13,110,0.2969161613271608,1.2852048873901367,0.2539934151035582,1.3373150825500488,0.161070999996984,1.3183557987213137,0.2989962618222088,1.2860488891601562,0.2847711038228071,1.336552381515503,0.288691324981517,0.3555879592895508,0.2449668683877259,1.313647985458374,0.1545819923763999,2.272468090057373,0.2883346183713861,0.3251121044158935,0.277150718116717,1.299602746963501,0.2809098766658567,0.3175849914550781,0.2365598833587682,1.2835581302642822,0.1485955774746686,2.305990934371948,0.2784071440739238,0.3313813209533691,0.2699275414976846,1.2736577987670898,0.9803921568627452,1.137773036956787,4518,0.1168718338012695,0.0,1.104485034942627,0.0274306226774853,0.0124793052673339,8.272605916364244,0.0017955303192138,0.066807608308176,0.8439972400665283,0.8725490196078431,0.0009803771972656,0,0,0,"['lip_cluster','linear','cluster']",['intersecting']
figure_ascending_markersize160_italianwines_umap.png,italianwines_umap,102,13,160,0.2470836277513961,0.7294726371765137,0.204652733419916,0.6645622253417969,0.1175691032646394,1.8623998165130613,0.2469009586833058,0.6635241508483887,0.2336640804948648,0.6183526515960693,0.2399577475952773,0.6716318130493164,0.1972147231936797,0.6171529293060303,0.1131112760539452,1.7714784145355225,0.2369408203932387,0.6728770732879639,0.2267071804865795,0.6291656494140625,0.2332313660135204,0.7225501537322998,0.1902984141522699,0.7748451232910156,0.1089791511019723,1.8094215393066408,0.2277531179132317,0.6702730655670166,0.2201525600935143,0.6866233348846436,0.9509803921568628,0.353689432144165,7695,0.3921844959259033,0.0,0.2535097599029541,0.0274306226774853,0.0122818946838378,8.272605916364244,0.0018792152404785,0.07784898382992496,1.1195738315582275,0.8725490196078431,0.0010333061218261,0,0,0,"['lip_cluster','linear','cluster']",['intersecting']
figure_descending_markersize10_italianwines_umap.png,italianwines_umap,102,13,10,0.7797975468554618,0.7921772003173828,0.8012535103421117,0.710294246673584,0.8673124522007551,1.6164255142211914,0.7721439616898139,0.7573816776275635,0.7778884596735975,0.6272473335266113,0.7771093320761049,0.6707587242126465,0.7971904998315387,0.5596325397491455,0.8598169231983964,1.7358057498931885,0.768435681352776,0.7014861106872559,0.7742235590640866,0.6666464805603027,0.7744395879170564,0.7050752639770508,0.7931684870007142,0.7733047008514404,0.8524498405665153,1.7163071632385254,0.7647628493712704,0.7423214912414551,0.7705930297391484,0.7814927101135254,1.0,0.4472570419311523,41,0.4695582389831543,0.0,0.2898287773132324,0.0274306226774853,0.0123670101165771,8.272605916364242,0.0018122196197509,0.02490301297476288,0.962322235107422,0.8725490196078431,0.0008573532104492,0,0,39,"['lip_cluster','linear','cluster']",['intersecting']
figure_descending_markersize60_italianwines_umap.png,italianwines_umap,102,13,60,0.3491473879925433,0.6459507942199707,0.3826307994060798,0.8067235946655273,0.5715357473927346,1.8723301887512207,0.3366180139338048,0.6408126354217529,0.3484333816864624,0.813870906829834,0.341924601247267,0.6868729591369629,0.3718071490198268,0.853579044342041,0.5382260575167517,1.7277963161468506,0.3280490102284088,0.8061540126800537,0.3393458170036344,0.8284077644348145,0.3349945923608922,0.9075791835784912,0.3615790003885849,0.712681770324707,0.5085851906863537,1.9567716121673584,0.3199054444494187,0.718144416809082,0.3307202327037927,0.7009918689727783,1.0,0.5271763801574707,1479,0.3328719139099121,0.0,0.5208063125610352,0.0274306226774853,0.0123505592346191,8.272605916364242,0.0018050670623779,0.05158774603836494,0.8986015319824219,0.8725490196078431,0.0008492469787597,0,0,1550,"['lip_cluster','linear','cluster']",['intersecting']
figure_descending_markersize110_italianwines_umap.png,italianwines_umap,102,13,110,0.2115370895372573,0.922541618347168,0.2499245601524019,0.7557260990142822,0.4431172770008253,2.032577991485596,0.209917011081699,0.7351126670837402,0.2201979111219323,0.7453923225402832,0.2053701691586624,0.9684624671936036,0.2409933992429287,0.7767336368560791,0.3977237752113275,1.8290987014770508,0.2027412345962316,0.9364113807678224,0.2118216995752753,0.7798471450805664,0.1995526305573779,1.0193517208099363,0.2326785324981256,0.5724635124206543,0.3607664025480532,2.0848851203918457,0.1960398337797718,0.7717952728271484,0.2040593888416694,1.017744779586792,0.9803921568627452,0.3663818836212158,4518,0.5942120552062988,0.0,0.3625812530517578,0.0274306226774853,0.0124154090881347,8.272605916364242,0.0018210411071777,0.066807608308176,1.0315759181976318,0.8725490196078431,0.0006678104400634,0,0,5219,"['lip_cluster','linear','cluster']",['intersecting']
figure_descending_markersize160_italianwines_umap.png,italianwines_umap,102,13,160,0.1626096255554279,0.8355293273925781,0.2008215198846601,0.8238027095794678,0.3945011174277195,1.8821101188659668,0.1633381779768987,0.8307898044586182,0.17317378423352,0.8456449508666992,0.1569013708897304,1.0856897830963137,0.1923362748323251,0.6246328353881836,0.3430361556468669,2.156278133392334,0.1573285122548857,0.6138174533843994,0.1658949423331731,1.1037578582763672,0.1515802904361348,0.8925526142120361,0.1845390092977078,0.6244003772735596,0.3034494169622835,1.9261212348937988,0.1517453778816259,1.1522748470306396,0.159203307618947,0.8999674320220947,0.9509803921568628,0.4077239036560058,7695,0.4065086841583252,0.0,0.6805415153503418,0.0274306226774853,0.0122380256652832,8.272605916364242,0.0017952919006347,0.07784898382992492,1.1602356433868408,0.8725490196078431,0.0008323192596435,0,0,9958,"['lip_cluster','linear','cluster']",['intersecting']
figure_category_based_markersize10_worldmap_pca.png,worldmap_pca,192,13,10,0.996134108840476,0.8682999610900879,0.9937537498548956,0.8879871368408203,0.9888133127762724,1.6809961795806885,0.9977434378268228,0.8968305587768555,0.996433744423142,0.8804638385772705,0.8724204827624865,1.210322618484497,0.8631577449729144,0.6404786109924316,0.8056225059329387,2.175948143005371,0.8325688805709925,0.926034927368164,0.8551549592919574,0.9282245635986328,0.7760410393597497,0.629462718963623,0.7628998380347101,0.9271976947784424,0.6796991969594995,1.9855656623840328,0.7143153177103353,0.922990083694458,0.7489635879136338,0.922705888748169,0.9947916666666666,0.4320971965789795,94,0.7792677879333496,0.0,0.4683780670166015,0.0288275295127732,0.0206644535064697,10.7181820604282,0.0024654865264892,0.02289467584152907,2.565393209457397,0.2708333333333333,0.0025696754455566,0,0,0,"['three_order','cluster']",['intersecting']
figure_category_based_markersize60_worldmap_pca.png,worldmap_pca,192,13,60,0.7628351482797706,1.0134477615356443,0.7616669209650694,0.67812180519104,0.7504306095301139,2.037656545639038,0.7147503448447835,0.6711885929107666,0.7376904070317474,0.9953513145446776,0.5062699600919409,0.999060869216919,0.4811968047171105,0.6627688407897949,0.4060670700914597,2.1298439502716064,0.4661963552764239,1.029409408569336,0.4843067801199173,0.6809380054473877,0.3788506892341954,0.9948234558105468,0.3516924123599588,0.6987624168395996,0.2783401420311522,2.106196880340576,0.3459073044680136,0.7008521556854248,0.3604861529196679,1.0352275371551514,0.984375,0.4868547916412353,2861,0.4896667003631592,0.0,0.4843001365661621,0.0288275295127732,0.019960880279541,10.7181820604282,0.0026512145996093,0.044224157759449476,3.345283508300781,0.2708333333333333,0.002960205078125,0,0,257,"['three_order','cluster']",['intersecting']
figure_category_based_markersize110_worldmap_pca.png,worldmap_pca,192,13,110,0.5969518707237592,0.4261715412139892,0.5967376704374312,1.121110916137695,0.5779690160763726,2.1514148712158203,0.5538816673023778,0.7623639106750488,0.5832024984160455,1.0746643543243408,0.3729103907946869,1.0975735187530518,0.3521486289534167,0.7487521171569824,0.2842012437517552,1.826969861984253,0.347617812243215,1.1179521083831787,0.3627163604828102,0.7391622066497803,0.2711465996895118,1.1188147068023682,0.2497725907328791,0.7549581527709961,0.1884278780068288,2.162357807159424,0.2532924654099318,1.1679072380065918,0.2632077624126264,0.7636656761169434,0.9479166666666666,0.5453107357025146,7717,0.5462284088134766,0.0,0.5313699245452881,0.0288275295127732,0.0190517902374267,10.7181820604282,0.0024504661560058,0.05590112779579338,3.610297679901123,0.2708333333333333,0.0026803016662597,0,0,956,"['three_order','cluster']",['intersecting']
figure_category_based_markersize160_worldmap_pca.png,worldmap_pca,192,13,160,0.5124072303922793,0.787987232208252,0.5118167761903172,0.7784435749053955,0.4877984404793145,2.259460687637329,0.4866696078761602,0.7801475524902344,0.5162753063848649,0.7676637172698975,0.3141473658555159,1.1727306842803955,0.2969538768053185,0.7828817367553711,0.2381488374673688,2.2773854732513428,0.3013795898037984,0.7883267402648926,0.3137075821116681,1.1925063133239746,0.2265074362126368,0.8053526878356934,0.209151268450402,1.241424798965454,0.1575278862610777,1.9100093841552732,0.2182754456187067,0.7936966419219971,0.2253057637933708,1.2303051948547363,0.9166666666666666,0.59842848777771,12527,0.5978286266326904,0.0,0.5901916027069092,0.0288275295127732,0.0203278064727783,10.7181820604282,0.0024702548980712,0.06433827020604395,3.581653118133545,0.2708333333333333,0.0025739669799804,0,0,1712,"['three_order','cluster']",['intersecting']
figure_ascending_markersize10_worldmap_pca.png,worldmap_pca,192,13,10,0.9992884256861896,0.7694194316864014,0.9937539011301106,1.2056310176849363,0.988791526330934,1.8543782234191892,0.9985089620931802,1.2411601543426514,0.9964345960523938,0.7948479652404785,0.8787518772959234,0.7959778308868408,0.8632297517396176,0.7859504222869873,0.799429383085563,2.29716420173645,0.8348396840691529,0.8437392711639404,0.855965621084905,0.8018710613250732,0.7841641331102098,0.7850384712219238,0.7630122574798955,0.8070659637451172,0.6709387920331683,2.3346869945526123,0.7172694150339789,0.7966084480285645,0.7502076513976906,0.8088650703430176,0.9947916666666666,0.5935516357421875,94,0.6152637004852295,0.0,0.6196637153625488,0.0288275295127732,0.0205626487731933,10.7181820604282,0.0026845932006835,0.022894675841529072,2.338871717453003,0.2708333333333333,0.0025780200958251,0,0,0,"['three_order','cluster']",['intersecting']
figure_ascending_markersize60_worldmap_pca.png,worldmap_pca,192,13,60,0.8148735842996191,1.3053648471832275,0.7751293510695112,0.8383266925811768,0.7084849561979296,1.9299046993255613,0.8691426160010438,0.8423142433166504,0.8687938867808997,0.8233346939086914,0.5406001286260174,0.8657145500183105,0.488817487154388,1.3556413650512695,0.3809040526994297,1.876781702041626,0.5379354979706752,0.8315393924713135,0.544092193809747,0.8402414321899414,0.4044639964289394,1.3627605438232422,0.3569644519738123,0.8848488330841064,0.2604706916715109,1.9168784618377688,0.3895053688859488,0.8661458492279053,0.3960667972690109,0.8612556457519531,0.984375,0.6689028739929199,2861,0.6784446239471436,0.0,0.6501829624176025,0.0288275295127732,0.0204336643218994,10.7181820604282,0.0025141239166259,0.044224157759449476,2.115322589874268,0.2708333333333333,0.0024800300598144,0,0,0,"['three_order','cluster']",['intersecting']
figure_ascending_markersize110_worldmap_pca.png,worldmap_pca,192,13,110,0.661444192380761,1.369152545928955,0.6171978692634704,0.8674201965332031,0.5127984578492026,1.973701000213623,0.7549016679493643,0.8808178901672363,0.7542679089189881,0.8965635299682617,0.4109034524542521,0.9030306339263916,0.3604890832833007,0.8748767375946045,0.2537767535955684,1.950711727142334,0.4276396572988128,1.4491839408874512,0.4266568227080443,0.8979475498199463,0.2980199481667521,0.9079899787902832,0.2545959488466905,0.9214706420898438,0.1686096506305646,1.9646847248077397,0.2983152151196168,0.9019172191619872,0.2974579883135403,0.910264492034912,0.9479166666666666,0.6941614151000977,7717,0.7051458358764648,0.0,0.7089231014251709,0.0288275295127732,0.0199930667877197,10.7181820604282,0.0025243759155273,0.05590112779579338,2.9235680103302,0.2708333333333333,0.0024363994598388,0,0,0,"['three_order','cluster']",['intersecting']
figure_ascending_markersize160_worldmap_pca.png,worldmap_pca,192,13,160,0.5803445225773042,0.9317119121551514,0.5346757063909022,1.4942545890808103,0.411172571184443,2.030336380004883,0.6874947801773945,0.3867206573486328,0.6850286726547619,1.523817777633667,0.3543931731332208,0.9700438976287842,0.3036289969440396,0.9371042251586914,0.2021368222749932,1.996405839920044,0.3775168663672885,0.9625327587127686,0.3719027976645245,0.3707261085510254,0.2550802304755,1.5221703052520752,0.2120129240884208,0.973634958267212,0.1340083875902916,2.073645830154419,0.2601984762298496,0.3747410774230957,0.2552351040645976,1.5338902473449707,0.9166666666666666,0.745617151260376,12527,0.1539592742919922,0.0,0.7281382083892822,0.0288275295127732,0.019193410873413,10.7181820604282,0.002577781677246,0.06433827020604398,3.303570032119751,0.2708333333333333,0.0026116371154785,0,0,0,"['three_order','cluster']",['intersecting']
figure_descending_markersize10_worldmap_pca.png,worldmap_pca,192,13,10,0.9961311832506072,0.9207808971405028,0.993696989321333,0.9216506481170654,0.9924564552577184,1.9759910106658936,0.9977424572464332,0.9482877254486084,0.992163340293094,1.5989646911621094,0.869556564846738,0.966773509979248,0.8629140071478871,0.3404238224029541,0.8148746106015892,2.026130199432373,0.8311252223403967,0.9719998836517334,0.8514167627465852,0.9520010948181152,0.7715221641926577,0.3369145393371582,0.7625525333334442,0.9595911502838136,0.6911975168477094,2.728026866912842,0.7121930853552835,0.349489688873291,0.7456413665431283,1.6211769580841064,0.9947916666666666,0.1480600833892822,94,0.8057870864868164,0.0,0.7901763916015625,0.0288275295127732,0.0212721824645996,10.718182060428198,0.0026860237121582,0.02289467584152907,2.465707778930664,0.2708333333333333,0.0027172565460205,0,0,2,"['three_order','cluster']",['intersecting']
figure_descending_markersize60_worldmap_pca.png,worldmap_pca,192,13,60,0.7368185266693157,1.004202127456665,0.7581094371621928,0.9937140941619872,0.8823402276105645,2.0759222507476807,0.6914192583832646,1.006786584854126,0.685296925569715,0.3627409934997558,0.4757088400604672,0.9809629917144777,0.4750416300953153,1.650676965713501,0.4643583775318159,1.4178988933563232,0.4478988948923196,1.00888991355896,0.4545457278760828,0.9809739589691162,0.3512387784944019,1.6413166522979736,0.3458907163177831,0.3540852069854736,0.3150927632116921,2.074500799179077,0.3312362793185787,0.9896228313446044,0.3400463162728159,1.7058823108673096,0.984375,0.1507513523101806,2861,0.8734378814697266,0.0,0.8310918807983398,0.0288275295127732,0.016618013381958,10.718182060428198,0.002007246017456,0.044224157759449476,2.724360942840576,0.2708333333333333,0.0024974346160888,0,0,486,"['three_order','cluster']",['intersecting']
figure_descending_markersize110_worldmap_pca.png,worldmap_pca,192,13,110,0.5535342691581498,0.3585684299468994,0.5896222283590005,1.0393619537353516,0.7878510983789756,2.798704147338867,0.506569131989508,0.377119779586792,0.5042512941447379,1.0160953998565674,0.3357526065102835,1.0580568313598633,0.3450466229533692,1.0556707382202148,0.3539062377594241,2.111959218978882,0.3176931941781764,1.0451970100402832,0.32204318262429,1.0624399185180664,0.240952592833715,1.0556952953338623,0.2438835854983931,1.0754799842834473,0.2282094780952481,2.130929708480835,0.2314108944073855,0.3791711330413818,0.2365627016960046,1.0833802223205566,0.9479166666666666,0.8496594429016113,7717,0.8732945919036865,0.0,0.8503155708312988,0.0288275295127732,0.0210239887237548,10.718182060428198,0.0024957656860351,0.05590112779579338,2.458293914794922,0.2708333333333333,0.002777099609375,0,0,1911,"['three_order','cluster']",['intersecting']
figure_descending_markersize160_worldmap_pca.png,worldmap_pca,192,13,160,0.4620427076035323,0.3799779415130615,0.5025696946856126,1.1380743980407717,0.7184790392368459,2.174834012985229,0.4213125834766503,1.090355396270752,0.4197847673434707,0.3760631084442138,0.273765235845915,1.0668928623199463,0.2886104359806037,1.0770127773284912,0.3094685008310607,2.137260913848877,0.2628726644287312,1.0907340049743652,0.2655330248410796,1.107963800430298,0.1945060830531642,1.129636287689209,0.2024298641492207,0.3851523399353027,0.1972050434524261,2.1881375312805176,0.1910324852304759,1.0942301750183103,0.1941805392915534,1.1340489387512207,0.9166666666666666,0.9249374866485596,12527,0.9013605117797852,0.0,0.1284081935882568,0.0288275295127732,0.0195498466491699,10.718182060428198,0.0026242733001708,0.06433827020604395,3.455408811569214,0.2708333333333333,0.002725601196289,0,0,3728,"['three_order','cluster']",['intersecting']
figure_category_based_markersize10_fisheries_clusteredByEscapementTarget_tsne.png,fisheries_clusteredByEscapementTarget_tsne,121,11,10,0.7716072036704624,1.0571513175964355,0.8268961486505727,1.0838277339935305,0.8467410121301275,1.9964945316314695,0.795022062750313,0.3380715847015381,0.8204924011059859,1.075126886367798,0.7647697342889002,1.074568510055542,0.8163167974918183,1.0684285163879397,0.8227332849863164,1.998558521270752,0.782587344771706,1.102262258529663,0.8100526112683227,1.1124083995819092,0.7580523787424303,0.3448328971862793,0.8060047321723887,1.1138355731964111,0.8000494092283649,2.016385316848755,0.7705356125203795,1.1251614093780518,0.7998751514090681,0.3474595546722412,1.0,0.914659023284912,46,0.9078981876373292,0.0,0.932549238204956,0.02958543903778,0.0174133777618408,13.520196794686797,0.0018870830535888,0.018086873312595942,0.980088472366333,0.8512396694214877,0.0010802745819091,0,0,19,['three_order'],['intersecting']
figure_category_based_markersize60_fisheries_clusteredByEscapementTarget_tsne.png,fisheries_clusteredByEscapementTarget_tsne,121,11,60,0.4928562023417552,1.1209073066711426,0.639342861776071,1.169095754623413,0.8326720358194617,1.296100378036499,0.5157578027952014,1.156944751739502,0.5625393664119988,1.1417267322540283,0.482118078625703,1.126620531082153,0.6166792646799775,1.1438794136047363,0.7593523046708385,2.068436861038208,0.4966078835291904,0.3288228511810303,0.5446876627931589,1.1171002388000488,0.4718378921618191,1.1464083194732666,0.5955674307923859,1.1561763286590576,0.6978997519485604,1.217576503753662,0.4788291144364526,1.1655540466308594,0.5279341267325415,1.139496088027954,1.0,0.9688844680786132,773,0.1210522651672363,0.0,0.9187233448028564,0.02958543903778,0.0174715518951416,13.520196794686797,0.0019488334655761,0.029865848920492096,1.9351656436920168,0.8512396694214877,0.0010957717895507,0,0,491,['three_order'],['intersecting']
figure_category_based_markersize110_fisheries_clusteredByEscapementTarget_tsne.png,fisheries_clusteredByEscapementTarget_tsne,121,11,110,0.3905994515254114,0.3484549522399902,0.5112148171990913,1.17787504196167,0.6750080932636524,2.0765180587768555,0.4071905041918856,0.3421380519866943,0.4423585377534329,1.1300079822540283,0.3801435889070839,1.1782598495483398,0.4896273194695787,1.1633579730987549,0.6078236830864623,1.246840000152588,0.3890490099910964,1.1758835315704346,0.425589493022718,1.1933140754699707,0.3702329132454577,1.19016432762146,0.4697891386824454,1.2178771495819092,0.5528025457796677,1.2359120845794678,0.3724550777563975,1.1790146827697754,0.4100453838955645,1.1885802745819092,1.0,0.1153037548065185,2378,0.9853353500366212,0.0,0.9878802299499512,0.02958543903778,0.0169281959533691,13.520196794686797,0.002040147781372,0.039330605411543915,2.066089153289795,0.8512396694214877,0.0010914802551269,0,0,1726,['three_order'],['intersecting']
figure_category_based_markersize160_fisheries_clusteredByEscapementTarget_tsne.png,fisheries_clusteredByEscapementTarget_tsne,121,11,160,0.3329017492327302,0.3483839035034179,0.4109979587245109,1.2394585609436035,0.4989759776478291,1.334822416305542,0.3450020721853525,1.214829444885254,0.3674477526883578,1.2514870166778564,0.3229693078727096,1.2155463695526123,0.3932316505713942,0.3714959621429443,0.4536916255259623,2.144890785217285,0.3282496634738909,1.2356534004211426,0.3525659019755731,1.210885763168335,0.3136123831564624,0.374751329421997,0.3769376745586872,1.2426478862762451,0.41594290455312,2.11528754234314,0.3130488219852609,1.266021728515625,0.3388425777209424,0.3485705852508545,1.0,1.031763792037964,4816,0.1281485557556152,0.0,1.018442153930664,0.02958543903778,0.013507604598999,13.520196794686797,0.001880407333374,0.04772912141215421,2.263777732849121,0.8512396694214877,0.0012011528015136,0,0,3657,['three_order'],['intersecting']
figure_ascending_markersize10_fisheries_clusteredByEscapementTarget_tsne.png,fisheries_clusteredByEscapementTarget_tsne,121,11,10,0.7738085269619186,0.3317563533782959,0.8272408401594373,1.2279503345489502,0.8463355863374826,2.1269009113311768,0.801108983212104,1.2766168117523191,0.8258084252478417,0.3222341537475586,0.7669346028918435,1.2715840339660645,0.8166595548697047,1.2259740829467771,0.8223492231894983,1.2345585823059082,0.7884962172375609,1.2386159896850586,0.8152418038105682,1.2131013870239258,0.7601817288903555,0.3302421569824219,0.8063455425368009,1.2726545333862305,0.7996850043753598,2.352426528930664,0.7762744494529705,0.3378286361694336,0.8049421762034936,1.254164218902588,1.0,1.0472829341888428,46,0.1234018802642822,0.0,1.058974027633667,0.02958543903778,0.0167210102081298,13.520196794686791,0.0019783973693847,0.018086873312595942,1.8398010730743408,0.8512396694214877,0.0010359287261962,0,0,0,['three_order'],['intersecting']
figure_ascending_markersize60_fisheries_clusteredByEscapementTarget_tsne.png,fisheries_clusteredByEscapementTarget_tsne,121,11,60,0.4959566188376293,0.3376789093017578,0.640107723683984,1.276600360870361,0.8234444261293671,1.2243120670318604,0.5350646015443115,1.267935037612915,0.5798292538158959,1.2520203590393066,0.4851739543519701,1.2655930519104004,0.6174058893113408,0.3381838798522949,0.7497761614778844,2.168498516082764,0.5148068939439981,1.3347609043121338,0.5610934840932733,0.3343102931976318,0.474850168256981,1.283846378326416,0.5962591721744652,0.3720738887786865,0.6882067407565586,2.147357940673828,0.4960271558416218,1.2983543872833252,0.5435306164056675,1.3117966651916504,1.0,0.1204338073730468,773,1.0765292644500732,0.0,0.116553783416748,0.02958543903778,0.0168690681457519,13.520196794686791,0.0018932819366455,0.0298658489204921,1.8740596771240237,0.8512396694214877,0.0010428428649902,0,0,0,['three_order'],['intersecting']
figure_ascending_markersize110_fisheries_clusteredByEscapementTarget_tsne.png,fisheries_clusteredByEscapementTarget_tsne,121,11,110,0.3970983472719243,1.296639919281006,0.5122724161863059,0.3478860855102539,0.6531951715679188,2.2162282466888428,0.43061349376833,0.3488469123840332,0.4628841559920412,1.3303775787353516,0.3864255418101482,1.3446877002716064,0.4906229877560172,1.33085036277771,0.5875257867297266,1.2333035469055176,0.4108493435627309,1.3658552169799805,0.4448644124633837,0.3448736667633056,0.3763114260725541,1.2930564880371094,0.4707292385738602,1.4038119316101074,0.5338544008653254,1.2794761657714844,0.3928198337797877,1.314350128173828,0.4281950890796329,1.3218426704406738,1.0,0.1243894100189209,2378,1.1849188804626465,0.0,1.1152644157409668,0.02958543903778,0.016411542892456,13.520196794686791,0.0018775463104248,0.039330605411543915,1.0069117546081543,0.8512396694214877,0.0010833740234375,0,0,0,['three_order'],['intersecting']
figure_ascending_markersize160_fisheries_clusteredByEscapementTarget_tsne.png,fisheries_clusteredByEscapementTarget_tsne,121,11,160,0.3441577902492218,1.3384857177734375,0.4121871277424418,0.3726189136505127,0.4705098740378645,2.295238733291626,0.3714190752874483,1.3622183799743652,0.3893207202684877,0.3497087955474853,0.3337779740281291,1.4202489852905271,0.394293023823502,0.3599841594696045,0.4278831019935674,2.2484660148620605,0.3527362966693097,1.3161931037902832,0.373063658813172,0.3558638095855713,0.324005938661971,1.3886752128601074,0.3778879360786683,1.3790130615234375,0.3923384267310544,1.2584147453308103,0.3358430312944445,1.3586347103118896,0.3581098839730067,0.3555936813354492,1.0,1.2069389820098877,4816,1.1709139347076416,0.0,0.1188859939575195,0.02958543903778,0.0162572860717773,13.520196794686791,0.0019590854644775,0.047729121412154206,2.2164363861083984,0.8512396694214877,0.001042366027832,0,0,0,['three_order'],['intersecting']
figure_descending_markersize10_fisheries_clusteredByEscapementTarget_tsne.png,fisheries_clusteredByEscapementTarget_tsne,121,11,10,0.752870987097233,0.3339383602142334,0.8268199896454324,1.3785860538482666,0.909228486366477,2.265420198440552,0.7815717148175507,0.3370580673217773,0.8131495553144988,1.4014852046966553,0.7462498228537489,0.3287696838378906,0.8162424607643014,1.3815937042236328,0.8863336300198696,2.2653732299804688,0.7693358115923754,0.3255949020385742,0.8027540138151423,1.3767805099487305,0.7397441036898795,0.3521227836608886,0.8059321505332281,1.389374017715454,0.864563462699086,1.2451248168945312,0.7574771214962578,1.3752050399780271,0.7926209164332555,1.3871991634368896,1.0,0.1055872440338134,46,1.185232162475586,0.0,0.1076252460479736,0.02958543903778,0.0162792205810546,13.520196794686797,0.0019831657409667,0.018086873312595942,1.911166429519653,0.8512396694214877,0.0010237693786621,0,0,40,['three_order'],['intersecting']
figure_descending_markersize60_fisheries_clusteredByEscapementTarget_tsne.png,fisheries_clusteredByEscapementTarget_tsne,121,11,60,0.4771464519397906,1.41691255569458,0.639125530441917,0.3583474159240722,0.9552435246854372,2.3002209663391118,0.5021153267392033,0.3387770652770996,0.5560461107150766,1.414416790008545,0.4669011096513082,0.3432216644287109,0.6164675749268252,1.3897008895874023,0.8694914616863142,2.2671332359313965,0.4836221220501461,0.332014799118042,0.538399634127684,1.396228313446045,0.4570864969723562,0.3479728698730469,0.59536113273601,1.4136900901794434,0.7978670595449299,2.3108034133911133,0.4664427591405661,0.3313019275665283,0.5218387498691502,1.4192848205566406,1.0,1.3385882377624512,773,0.1216945648193359,0.0,0.1128795146942138,0.02958543903778,0.0164301395416259,13.520196794686797,0.0019292831420898,0.029865848920492096,2.0380055904388428,0.8512396694214877,0.0009617805480957,0,0,710,['three_order'],['intersecting']
figure_descending_markersize110_fisheries_clusteredByEscapementTarget_tsne.png,fisheries_clusteredByEscapementTarget_tsne,121,11,110,0.3725309824876468,1.4553890228271484,0.5109557801967342,0.3538627624511719,0.7878003358052401,2.388869524002075,0.3897943423833049,0.3654158115386963,0.436096198983295,1.4119396209716797,0.3627250270966279,0.3479771614074707,0.4893786433090369,1.4468765258789062,0.707157335552596,2.404884099960327,0.3726270370586501,0.3388121128082275,0.4195226197026401,1.4789855480194092,0.3534220665858022,0.3567144870758056,0.4695500287054459,1.4789717197418213,0.6414912329735984,2.342251300811768,0.35690810591751,0.3417901992797851,0.4041626559243322,1.4483797550201416,1.0,0.118584394454956,2378,1.2410967350006104,0.0,0.1124343872070312,0.02958543903778,0.015977144241333,13.520196794686797,0.0019176006317138,0.039330605411543915,2.147949695587158,0.8512396694214877,0.0010440349578857,0,0,2416,['three_order'],['intersecting']
figure_descending_markersize160_fisheries_clusteredByEscapementTarget_tsne.png,fisheries_clusteredByEscapementTarget_tsne,121,11,160,0.3111652949174172,0.3470602035522461,0.4107582170798278,1.4403927326202393,0.58003099124557,1.2562601566314695,0.3237718598857897,1.440690994262695,0.3609000589439923,1.4664316177368164,0.302131853847677,0.3526308536529541,0.3929200674811084,1.4879393577575684,0.5263642767714644,1.2370562553405762,0.3083864225457203,1.4919447898864746,0.3462460265986136,0.3511393070220947,0.2936081153369368,1.4816749095916748,0.3765667628593655,0.3639566898345947,0.4817874365905771,2.381930351257324,0.2943968666098316,1.4959290027618408,0.3327355880468337,0.3556816577911377,1.0,1.2785613536834717,4816,0.132544994354248,0.0,1.3242671489715576,0.02958543903778,0.0168747901916503,13.520196794686797,0.0024852752685546,0.04772912141215422,1.2154104709625244,0.8512396694214877,0.000809907913208,0,0,5217,['three_order'],['intersecting']
figure_category_based_markersize10_n100-d10-c3-spr0.2-out0_umap.png,n100-d10-c3-spr0.2-out0_umap,100,3,10,1.0,0.6756131649017334,1.0,0.649730920791626,1.0,0.9197368621826172,1.0,0.5492124557495117,1.0,0.6577486991882324,0.996287543133614,0.6417722702026367,0.994190837675696,0.5624434947967529,0.9882500514146232,0.8203582763671875,0.9964137203588403,0.6931729316711426,0.9949831877841636,0.6885621547698975,0.9926025489850424,0.5965278148651123,0.9884487782734456,0.6800007820129395,0.9767730186657178,0.8872110843658447,0.9928530716014932,0.7090733051300049,0.990016461108197,0.6028904914855957,1.0,0.4293277263641357,2,0.2248585224151611,0.0,0.3372037410736084,0.0295376023011207,0.0112805366516113,30.569422653365663,0.001990795135498,0.005802588531856594,1.0132606029510498,0.28,0.001650333404541,0,0,0,['cluster'],['intersecting']
figure_category_based_markersize60_n100-d10-c3-spr0.2-out0_umap.png,n100-d10-c3-spr0.2-out0_umap,100,3,60,1.0,0.6619410514831543,1.0,0.755448579788208,1.0,0.9534432888031006,1.0,0.7383725643157959,1.0,0.6624963283538818,0.972496025208624,0.6505687236785889,0.9641576402524932,0.6951808929443359,0.9338046340613584,1.0184547901153564,0.9752710725480191,0.5509903430938721,0.9686528945554828,0.7964730262756348,0.946464489741832,0.672745943069458,0.930795725024716,0.6989138126373291,0.8758288245224823,0.973853349685669,0.951735670206032,0.7338745594024658,0.9392113377173704,0.6006734371185303,1.0,0.4006450176239013,79,0.4486501216888428,0.0,0.2663915157318115,0.0295376023011207,0.0111198425292968,30.569422653365663,0.0019783973693847,0.01015452993074904,1.1848978996276855,0.28,0.0006220340728759,0,0,0,['cluster'],['intersecting']
figure_category_based_markersize110_n100-d10-c3-spr0.2-out0_umap.png,n100-d10-c3-spr0.2-out0_umap,100,3,110,0.9899367710058776,0.7563917636871338,0.991046357135197,0.7602689266204834,0.9913491443063844,1.0285437107086182,0.9893198645832154,0.7837862968444824,0.9902074696697596,0.7797658443450928,0.941031225953596,0.7986922264099121,0.9316552821273424,0.7964529991149902,0.8885823368876746,1.044973611831665,0.9446233901181182,0.8103013038635254,0.9375481684837744,0.7948241233825684,0.8967303303267169,0.800368070602417,0.8789800755427836,0.8043479919433594,0.8051206436853926,1.0773847103118896,0.9037910225421786,0.9989981651306152,0.8902069042300058,0.6777660846710205,1.0,0.5228703022003174,282,0.3094584941864013,0.0,0.4896016120910644,0.0295376023011207,0.0115659236907958,30.569422653365663,0.0018122196197509,0.014031777607569285,1.1096210479736328,0.28,0.0006234645843505,0,0,8,['cluster'],['intersecting']
figure_category_based_markersize160_n100-d10-c3-spr0.2-out0_umap.png,n100-d10-c3-spr0.2-out0_umap,100,3,160,0.9680551838261836,0.8770432472229004,0.9719276468496376,0.7019140720367432,0.9729130944496716,1.1377825736999512,0.965981842979797,0.6980612277984619,0.9690628349711832,0.6854443550109863,0.9006520900003818,0.8665192127227783,0.8918623336722482,0.8825240135192871,0.842229328004122,1.0107369422912598,0.9025023622177236,0.9045965671539308,0.897052549456865,0.7221317291259766,0.842024196789311,0.9097931385040284,0.8239842776681933,0.9339909553527832,0.7424957163071852,1.020857810974121,0.8468515281175274,0.7478258609771729,0.8350040641616042,0.769568681716919,1.0,0.5714409351348877,635,0.3526103496551513,0.0,0.3433349132537842,0.0295376023011207,0.0113158226013183,30.569422653365663,0.0017895698547363,0.017221926617790224,1.5573008060455322,0.28,0.0005929470062255,0,0,44,['cluster'],['intersecting']
figure_ascending_markersize10_n100-d10-c3-spr0.2-out0_umap.png,n100-d10-c3-spr0.2-out0_umap,100,3,10,1.0,0.9268486499786376,1.0,0.732698917388916,1.0,1.2307417392730713,1.0,0.7654614448547363,1.0,0.7316875457763672,0.996287543133614,0.7684242725372314,0.994190837675696,0.7526552677154541,0.9879831753295836,1.0556416511535645,0.9964137203588403,0.757211446762085,0.9949831877841636,0.7661540508270264,0.9926025489850424,0.7695376873016357,0.9884487782734456,1.0087573528289795,0.9762517294624428,0.8033952713012695,0.9928530716014932,1.0207734107971191,0.990016461108197,0.7746999263763428,1.0,0.6145572662353516,2,0.3794064521789551,0.0,0.3848943710327148,0.0295376023011207,0.0111570358276367,30.569422653365663,0.0019547939300537,0.005802588531856594,1.1461007595062256,0.28,0.0005495548248291,0,0,0,['cluster'],['intersecting']
figure_ascending_markersize60_n100-d10-c3-spr0.2-out0_umap.png,n100-d10-c3-spr0.2-out0_umap,100,3,60,1.0,0.5787665843963623,1.0,0.7909548282623291,1.0,1.3504517078399658,1.0,0.5620486736297607,1.0,1.0800321102142334,0.972496025208624,0.5799200534820557,0.9641576402524932,1.1020166873931885,0.9327126310259064,0.842294454574585,0.9752710725480191,1.096848964691162,0.9686528945554828,0.5674054622650146,0.946464489741832,1.095561981201172,0.930795725024716,0.5833146572113037,0.8739095562636107,1.3754220008850098,0.951735670206032,0.594395637512207,0.9392113377173704,1.1062633991241455,1.0,0.3995997905731201,79,0.7054684162139893,0.0,0.4186732769012451,0.0295376023011207,0.0115759372711181,30.569422653365663,0.0018792152404785,0.01015452993074904,1.0214745998382568,0.28,0.0005531311035156,0,0,0,['cluster'],['intersecting']
figure_ascending_markersize110_n100-d10-c3-spr0.2-out0_umap.png,n100-d10-c3-spr0.2-out0_umap,100,3,110,0.9899367710058776,0.907700538635254,0.9912985655878676,0.597646951675415,0.9913465688968902,1.1257140636444092,0.9903724818780374,0.8857839107513428,0.9905528956818664,0.8724336624145508,0.941031225953596,0.897789716720581,0.9318921699458454,0.9125521183013916,0.8873686958464668,1.16430401802063,0.9456178932803068,0.6584033966064453,0.9378683487066594,1.0301086902618408,0.8967303303267169,0.9111108779907228,0.8792033971825531,0.9479925632476808,0.8031318194725514,0.9111225605010986,0.904733309163536,0.9204549789428712,0.8905050476463101,0.9222743511199952,1.0,0.4394924640655517,282,0.7527265548706055,0.0,0.4392251968383789,0.0295376023011207,0.0110378265380859,30.569422653365663,0.001904010772705,0.014031777607569285,1.1300249099731443,0.28,0.0005960464477539,0,0,0,['cluster'],['intersecting']
figure_ascending_markersize160_n100-d10-c3-spr0.2-out0_umap.png,n100-d10-c3-spr0.2-out0_umap,100,3,160,0.9680551838261836,0.9403071403503418,0.9728418176568988,0.640146017074585,0.9729044681172924,1.196122407913208,0.9697722922519484,0.9413125514984132,0.970309911115659,0.9206421375274658,0.9006520900003818,0.6506280899047852,0.8926847568213105,0.952876091003418,0.8410265647944206,1.2217750549316406,0.9059678699317594,0.9602782726287842,0.8981685494092958,0.960141658782959,0.842024196789311,0.6471619606018066,0.8247312311138865,0.9811875820159912,0.7406331996655562,1.2311556339263916,0.850040955396365,0.986619472503662,0.8360120689238257,1.0184500217437744,1.0,0.4612228870391845,635,0.5024502277374268,0.0,0.4916632175445556,0.0295376023011207,0.0112121105194091,30.569422653365663,0.0018618106842041,0.017221926617790224,1.6387510299682615,0.28,0.0005455017089843,0,0,0,['cluster'],['intersecting']
figure_descending_markersize10_n100-d10-c3-spr0.2-out0_umap.png,n100-d10-c3-spr0.2-out0_umap,100,3,10,1.0,0.6727168560028076,1.0,0.6574411392211914,1.0,1.252392292022705,1.0,1.0102207660675049,1.0,1.0187511444091797,0.9962655582364018,0.6761603355407715,0.9941885702715572,0.6414525508880615,0.9882500514146232,1.266413688659668,0.996406233897946,1.0016496181488037,0.994980151533755,0.6750481128692627,0.99255890480945,0.9964091777801514,0.9884442957065784,1.0142078399658203,0.9767730186657178,0.934744119644165,0.9928382056098016,1.0276319980621338,0.9900104490992776,1.0403788089752195,1.0,0.5017697811126709,2,0.5010311603546143,0.0,0.4989995956420898,0.0295376023011207,0.0112571716308593,30.56942265336566,0.001880407333374,0.005802588531856594,1.0413691997528076,0.28,0.0005333423614501,0,0,0,['cluster'],['intersecting']
figure_descending_markersize60_n100-d10-c3-spr0.2-out0_umap.png,n100-d10-c3-spr0.2-out0_umap,100,3,60,1.0,0.6698386669158936,1.0,1.0447015762329102,1.0,1.3218421936035156,1.0,0.6873569488525391,1.0,1.0751471519470217,0.9721647260030156,0.7012920379638672,0.9640515664787844,0.7075378894805908,0.9356915099033454,1.3575987815856934,0.975149650566203,0.7166283130645752,0.9685713820969942,1.0919499397277832,0.9458370914071856,0.7340042591094971,0.9305980252336962,1.108163356781006,0.8791544167973057,0.9771175384521484,0.951504432920326,1.0947649478912354,0.9390580843744608,0.7016863822937012,1.0,0.9286549091339112,79,0.5255496501922607,0.0,0.1119270324707031,0.0295376023011207,0.0113017559051513,30.56942265336566,0.0019648075103759,0.01015452993074904,1.6031503677368164,0.28,0.0005416870117187,0,0,0,['cluster'],['intersecting']
figure_descending_markersize110_n100-d10-c3-spr0.2-out0_umap.png,n100-d10-c3-spr0.2-out0_umap,100,3,110,0.986888961266028,0.7351255416870117,0.9909423791744733,0.7233090400695801,1.000139569807579,0.9774792194366456,0.9877602171352036,1.128814458847046,0.9892111654301554,1.1493000984191897,0.9369335108992094,0.7596275806427002,0.931277892500166,0.7339370250701904,0.9000990757340988,0.9854655265808104,0.9423652842833145,1.124786376953125,0.9362309625608144,0.7345669269561768,0.8917917953480544,1.1542918682098389,0.8783901575982407,0.7671775817871094,0.8182521497555735,1.424861192703247,0.9009594907754108,0.7526984214782715,0.8886372980594822,0.754218339920044,1.0,1.0043301582336426,282,0.1170225143432617,0.0,1.0210533142089844,0.0295376023011207,0.0111098289489746,30.56942265336566,0.0017988681793212,0.014031777607569285,1.265495777130127,0.28,0.0005316734313964,0,0,18,['cluster'],['intersecting']
figure_descending_markersize160_n100-d10-c3-spr0.2-out0_umap.png,n100-d10-c3-spr0.2-out0_umap,100,3,160,0.959619409067232,0.3357894420623779,0.9716524374964453,1.208688259124756,0.9999014521190752,1.0396053791046145,0.9619091959447406,1.2017161846160889,0.9664498821456624,0.8075153827667236,0.89089727312966,0.8360884189605713,0.8911998065470588,1.3007171154022217,0.8693815539502014,1.0519797801971436,0.8972777854000703,0.7903361320495605,0.8940130958246375,0.7899322509765625,0.8313602799897559,1.2341675758361816,0.8230513190160467,0.7983002662658691,0.7690016452882027,1.5448315143585205,0.8407848141973739,0.8028964996337891,0.8316776769997657,0.8027751445770264,1.0,0.6026604175567627,635,0.6012217998504639,0.0,0.5981318950653076,0.0295376023011207,0.0113699436187744,30.56942265336566,0.0018627643585205,0.017221926617790224,1.4261271953582764,0.28,0.000575304031372,0,0,84,['cluster'],['intersecting']
figure_category_based_markersize10_cereal_pca.png,cereal_pca,77,7,10,0.9550056012647302,0.7925941944122314,0.951794868512656,0.7891578674316406,0.9475469274240612,1.8970699310302732,0.9456578206556848,0.8189139366149902,0.938224142804056,0.7890303134918213,0.8438728634648704,0.8166162967681885,0.8259050523855294,1.310614824295044,0.7412708132175877,1.419426441192627,0.8311460032860081,0.8323314189910889,0.8266454707781706,0.8397655487060547,0.7559087614008355,0.8185875415802002,0.7294268926183871,0.8305957317352295,0.6087492241972162,1.9162113666534424,0.7413716540478089,0.8290355205535889,0.7387851578101754,0.8161423206329346,0.948051948051948,0.6337811946868896,44,0.6459064483642578,0.0,0.6406369209289551,0.0293779503744261,0.0112993717193603,28.01105114763209,0.001641035079956,0.024064481363823106,1.0321836471557615,0.6753246753246753,0.0006868839263916,0,0,6,['cluster'],['intersecting']
figure_category_based_markersize60_cereal_pca.png,cereal_pca,77,7,60,0.8082614890872041,0.849118709564209,0.8023030514422539,0.8402581214904785,0.7834186369234755,1.4509589672088623,0.7991158275853434,0.8818831443786621,0.7812356288116543,0.8594741821289062,0.7076627709429726,0.8466293811798096,0.6938833619681697,0.8385884761810303,0.6175374080365684,1.4520270824432373,0.6938224653723911,1.3590130805969238,0.6833388571389707,0.8756928443908691,0.6293339288737212,0.878732442855835,0.6112779594061022,0.8641371726989746,0.5096285503424896,1.4559974670410156,0.6130460856296875,0.8594245910644531,0.6072448944599109,1.4109327793121338,0.948051948051948,0.6793508529663086,496,0.1199724674224853,0.0,0.6607484817504883,0.0293779503744261,0.0115196704864501,28.01105114763209,0.0018210411071777,0.03271672804649793,1.1236286163330078,0.6753246753246753,0.000690221786499,0,0,126,['cluster'],['intersecting']
figure_category_based_markersize110_cereal_pca.png,cereal_pca,77,7,110,0.7063519357336454,1.4297339916229248,0.7022468330919895,0.8900365829467773,0.6609083673535365,1.4924538135528564,0.7026118125495452,0.9081552028656006,0.6895713443612975,0.3372581005096435,0.6235338007698574,1.4365301132202148,0.6108396060740582,0.8905463218688965,0.5300452914795861,1.511282444000244,0.6148483728702039,0.9073424339294434,0.6066542518416953,0.901313543319702,0.5580980875008483,0.9030272960662842,0.5404876008991307,0.8852055072784424,0.4424400137333028,1.5054173469543457,0.5465754759998038,0.8812258243560791,0.5415374108304913,0.8706319332122803,0.948051948051948,0.7157585620880127,1304,0.7078282833099365,0.0,0.6979465484619141,0.0293779503744261,0.0111494064331054,28.01105114763209,0.0015778541564941,0.03765347949543927,1.2608428001403809,0.6753246753246753,0.0006890296936035,0,0,318,['cluster'],['intersecting']
figure_category_based_markersize160_cereal_pca.png,cereal_pca,77,7,160,0.6498747249334298,0.9114131927490234,0.6467419851904006,1.4798963069915771,0.5971586285323727,1.5976295471191406,0.6469022910435519,0.3476526737213135,0.6363180449855372,1.5012900829315186,0.5763648994140484,0.926215648651123,0.563498662304273,0.9385313987731934,0.4818895355574205,0.95931077003479,0.5689923237396275,1.5242640972137451,0.5616125747015734,0.9558768272399902,0.5177951066739299,0.963101863861084,0.4992405182387468,0.3498620986938476,0.4039209669560967,2.1817896366119385,0.507831419204423,1.001842021942139,0.5026053399063051,0.3599944114685058,0.948051948051948,0.725189208984375,2228,0.735703706741333,0.0,0.7426681518554688,0.0293779503744261,0.0113539695739746,28.01105114763209,0.0016396045684814,0.0433718724297612,1.300065994262695,0.6753246753246753,0.0006792545318603,0,0,560,['cluster'],['intersecting']
figure_ascending_markersize10_cereal_pca.png,cereal_pca,77,7,10,0.9738367115426694,0.9136145114898682,0.9517948686395544,0.9467628002166748,0.9413358047289612,1.5610995292663574,0.9665864625991636,0.939521551132202,0.9537112439346572,0.9317808151245116,0.8588911611977134,0.9539129734039308,0.8259050622161954,0.948814868927002,0.7367718487244412,1.550466537475586,0.8476759414217777,0.9439365863800048,0.8389059739439149,0.9528000354766846,0.7682158070280667,0.9427902698516846,0.7294269078800032,0.9906620979309082,0.6052446687629386,1.5702471733093262,0.7548174724527437,0.3318359851837158,0.7487708889168603,0.9504265785217284,0.948051948051948,0.754906415939331,44,0.7787613868713379,0.0,0.762420654296875,0.0293779503744261,0.0113182067871093,28.01105114763209,0.0015981197357177,0.02406448136382311,1.0787105560302734,0.6753246753246753,0.0006275177001953,0,0,0,['cluster'],['intersecting']
figure_ascending_markersize60_cereal_pca.png,cereal_pca,77,7,60,0.845580165262898,1.011408805847168,0.770370155101955,0.3333048820495605,0.6894009246584721,1.5677683353424072,0.8537771091073568,1.5906949043273926,0.820210138200551,0.3304333686828613,0.7368240578207941,1.65985369682312,0.6694307121973258,0.3416841030120849,0.5549063560718479,1.595970630645752,0.7357121983894308,0.9647560119628906,0.7136496429221579,0.9676914215087892,0.6528556300346964,1.008674383163452,0.5918785271794608,1.6567018032073977,0.464322184198413,0.939183473587036,0.6463336849633989,0.9965426921844482,0.6315938929254556,0.9715166091918944,0.948051948051948,0.8208234310150146,496,0.7980968952178955,0.0,0.82206130027771,0.0293779503744261,0.0109744071960449,28.01105114763209,0.0016241073608398,0.03271672804649794,1.2789180278778076,0.6753246753246753,0.0005919933319091,0,0,0,['cluster'],['intersecting']
figure_ascending_markersize110_cereal_pca.png,cereal_pca,77,7,110,0.7415631022106555,0.3457033634185791,0.6572476408462616,1.041337013244629,0.5486134391678121,1.619875431060791,0.7662314786630519,1.0185141563415527,0.7329479144784138,1.0370194911956787,0.6470548554239407,1.0296828746795654,0.5758522238461679,1.052048683166504,0.4517236511243344,1.6564109325408936,0.6643962447155469,1.0529732704162598,0.6408280814101317,1.0611443519592283,0.5739127485519785,0.3512063026428222,0.5123956850044529,1.052720069885254,0.3839201034941433,1.631521701812744,0.5864541395391123,1.022881031036377,0.5692788346234259,1.0445518493652344,0.948051948051948,0.8307328224182129,1304,0.8467962741851807,0.0,0.8550879955291748,0.0293779503744261,0.011390209197998,28.01105114763209,0.0016314983367919,0.03765347949543927,0.5424621105194092,0.6753246753246753,0.0006382465362548,0,0,0,['cluster'],['intersecting']
figure_ascending_markersize160_cereal_pca.png,cereal_pca,77,7,160,0.692097989179959,1.0761101245880127,0.6016587706966603,1.0263633728027344,0.4838040130772988,1.6244900226593018,0.7195489999539937,1.053539752960205,0.6843581570530738,1.0787394046783447,0.6033611379099675,0.3574163913726806,0.52827604557526,1.0694878101348877,0.4001529234355849,1.6950571537017822,0.6260884449067113,1.0596749782562256,0.5997078712491388,1.0922648906707764,0.5347930300551007,1.104490041732788,0.4708479673299464,1.0652649402618408,0.341164594828949,1.7046267986297607,0.5541156455592551,0.3476288318634033,0.5336937160449369,1.089087963104248,0.948051948051948,0.8878681659698486,2228,0.8862805366516113,0.0,0.1224582195281982,0.0293779503744261,0.0112953186035156,28.01105114763209,0.0017428398132324,0.0433718724297612,1.3674166202545166,0.6753246753246753,0.0006301403045654,0,0,0,['cluster'],['intersecting']
figure_descending_markersize10_cereal_pca.png,cereal_pca,77,7,10,0.9434647193626868,1.069491624832153,0.9512415305769202,1.0974421501159668,0.9547990486068922,1.7862300872802734,0.940514477923834,1.1895883083343506,0.9382241266472108,0.3298981189727783,0.8347241820442415,1.0822749137878418,0.8254786427008156,1.0859036445617676,0.745831944656243,1.749012470245361,0.8271103227340177,1.0999903678894043,0.8266444783875166,1.0949664115905762,0.7484593059738707,1.1154942512512207,0.7290866723361835,0.3271503448486328,0.611909557270956,1.7063994407653809,0.7381112819624207,1.082258224487305,0.738783582533454,1.1197726726531982,0.948051948051948,0.9082989692687988,44,0.9368894100189208,0.0,0.1182496547698974,0.0293779503744261,0.0109477043151855,28.011051147632084,0.0015478134155273,0.024064481363823106,1.242443323135376,0.6753246753246753,0.0006055831909179,0,0,6,['cluster'],['intersecting']
figure_descending_markersize60_cereal_pca.png,cereal_pca,77,7,60,0.7502547158194853,1.1563308238983154,0.7689213823784107,1.127912998199463,0.8163022412485232,0.9398226737976074,0.7483693465755338,1.1314451694488523,0.7386106044060368,1.1371657848358154,0.6618684672368851,1.129253387451172,0.6683093086775448,0.3418326377868652,0.6384884072294437,1.7533986568450928,0.6544392252060078,1.110157489776611,0.6499266263853192,1.150346040725708,0.592112667845553,1.1692698001861572,0.590980500970911,0.3260986804962158,0.5242843675898661,1.7519283294677734,0.5814585832942303,1.1734397411346436,0.5802560642013342,1.1569840908050537,0.948051948051948,0.9501192569732666,496,0.1265187263488769,0.0,0.9401545524597168,0.0293779503744261,0.0111134052276611,28.011051147632084,0.001596450805664,0.03271672804649794,1.3126726150512695,0.6753246753246753,0.0006201267242431,0,0,214,['cluster'],['intersecting']
figure_descending_markersize110_cereal_pca.png,cereal_pca,77,7,110,0.6276238273948512,0.341667890548706,0.6553476943261443,1.1504201889038086,0.7231208124764491,1.7794365882873535,0.6297009185598641,1.1584203243255615,0.6201912557143164,0.3341996669769287,0.5598147514878937,1.2086713314056396,0.5695510883028714,1.1783137321472168,0.5610447563248171,1.8131566047668457,0.5547827178003728,0.344461441040039,0.5489350503936647,1.1742503643035889,0.5052292971654893,1.2155156135559082,0.503618515779263,1.1877214908599854,0.4583196737444754,0.950709104537964,0.4957957816096353,1.1780898571014404,0.4923652734217389,1.1688659191131592,0.948051948051948,1.0164079666137695,1304,0.1262488365173339,0.0,0.978489875793457,0.0293779503744261,0.0116195678710937,28.011051147632084,0.0016026496887207,0.03765347949543927,1.4196174144744873,0.6753246753246753,0.0006401538848876,0,0,742,['cluster'],['intersecting']
figure_descending_markersize160_cereal_pca.png,cereal_pca,77,7,160,0.568518703516691,0.3442153930664062,0.5993931826031911,1.1830368041992188,0.6730336176300042,1.821926832199097,0.5709834415520749,1.2299504280090332,0.5621179472614968,0.3446688652038574,0.5097331276473567,1.198847770690918,0.5191229457517352,1.2310309410095217,0.5188602408396508,1.8110623359680176,0.5047957567498671,0.3408205509185791,0.4983360796551151,1.2151603698730469,0.4619653115601529,1.2070603370666504,0.4578130081888879,0.3510060310363769,0.4221559867024433,1.83492374420166,0.4523588821720447,1.2216691970825195,0.4475535021546576,1.2186579704284668,0.948051948051948,0.1300687789916992,2228,1.0294134616851809,0.0,1.035226583480835,0.0293779503744261,0.0114328861236572,28.011051147632084,0.0016813278198242,0.04337187242976119,0.6019268035888672,0.6753246753246753,0.0005934238433837,0,0,1382,['cluster'],['intersecting']
figure_category_based_markersize10_n100-d10-c5-spr0.2-out0_pca.png,n100-d10-c5-spr0.2-out0_pca,100,5,10,0.8730238317167316,1.275957107543945,0.8525328243504673,1.2399570941925049,0.8036018616129581,0.7516391277313232,0.8701919294757452,1.220557689666748,0.8590744054703658,1.2230372428894043,0.8695966034187672,0.3263547420501709,0.8322328008054071,1.232844352722168,0.762295412929323,1.6683292388916016,0.8671567874967542,1.309528350830078,0.8442746683371247,0.3524370193481445,0.8661961784286936,1.2538809776306152,0.8128770381389872,1.260777473449707,0.7250277994235659,0.7446389198303223,0.8641427444670141,1.2358386516571045,0.8299762212833921,1.241774082183838,1.0,0.1153604984283447,36,1.063297986984253,0.0,0.12105393409729,0.03022449523129,0.0153672695159912,22.22190011184672,0.0022885799407958,0.020651563939657447,1.6887400150299072,0.42,0.0007164478302001,0,0,9,['cluster'],['separated']
figure_category_based_markersize60_n100-d10-c5-spr0.2-out0_pca.png,n100-d10-c5-spr0.2-out0_pca,100,5,60,0.7216930735859021,1.227647304534912,0.7003509211006815,1.3028509616851809,0.6495015936140798,0.778235912322998,0.712019733143431,1.2323005199432373,0.7025996508988572,1.260432243347168,0.7137065830104563,0.3334205150604248,0.6758850807409933,1.2800087928771973,0.6044255990408454,1.7020959854125977,0.7045688789319876,0.3443789482116699,0.6840052473713354,1.2965795993804932,0.7058949199479175,1.299241304397583,0.6530709056747497,0.3352394104003906,0.5652001971769709,1.7119035720825195,0.6972723471611167,1.2922914028167725,0.6663696754936907,0.3380308151245117,1.0,1.108741283416748,493,0.1255354881286621,0.0,1.0998506546020508,0.03022449523129,0.0160956382751464,22.22190011184672,0.0018510818481445,0.028574434666294213,1.828861713409424,0.42,0.0008330345153808,0,0,248,['cluster'],['separated']
figure_category_based_markersize110_n100-d10-c5-spr0.2-out0_pca.png,n100-d10-c5-spr0.2-out0_pca,100,5,110,0.6468464529552798,0.3455071449279785,0.630182001236996,1.3047566413879397,0.587909553683913,0.7808773517608643,0.6380059478199334,1.3157494068145752,0.629916529824657,1.3219327926635742,0.6269353805932867,0.3409132957458496,0.5951356140882453,1.31870436668396,0.5299754554714122,1.6983578205108645,0.6197083837852146,0.345029354095459,0.601770500857691,1.2633144855499268,0.6082134985667633,1.2884953022003174,0.5637819414225851,1.3519518375396729,0.4824350794108318,0.755615234375,0.6024310820028214,1.2724237442016602,0.5760321425172568,1.3090755939483645,1.0,0.1216094493865966,1345,1.1405715942382812,0.0,0.1157877445220947,0.03022449523129,0.0160417556762695,22.22190011184672,0.0019805431365966,0.03469632872902733,1.9013352394104004,0.42,0.0007283687591552,0,0,697,['cluster'],['separated']
figure_category_based_markersize160_n100-d10-c5-spr0.2-out0_pca.png,n100-d10-c5-spr0.2-out0_pca,100,5,160,0.5664477084311801,1.3141238689422607,0.5569376908142272,0.3527314662933349,0.5260409443345742,1.7819366455078125,0.5598119848641285,0.338531494140625,0.5540235081073337,1.3160226345062256,0.5400361376862254,1.3415179252624512,0.5193079033987678,1.3470213413238523,0.4687098552816598,0.7891087532043457,0.5359805419967609,1.3626935482025146,0.5226531412798812,0.3534011840820312,0.5159778102612884,1.356215000152588,0.4864412453261811,1.3597197532653809,0.4226472315780643,0.79245924949646,0.5140952794242621,1.386199712753296,0.494644954881784,1.3606090545654297,1.0,0.1245565414428711,2624,1.14798903465271,0.0,1.113744020462036,0.03022449523129,0.0162301063537597,22.22190011184672,0.0018637180328369,0.03949937140466638,1.044250726699829,0.42,0.0008101463317871,0,0,1422,['cluster'],['separated']
figure_ascending_markersize10_n100-d10-c5-spr0.2-out0_pca.png,n100-d10-c5-spr0.2-out0_pca,100,5,10,0.8809127726542562,1.3204147815704346,0.8531719482365374,0.3289711475372314,0.7975069515787165,1.767159938812256,0.8874898570646529,1.365938425064087,0.8688661387565593,0.3242790699005127,0.877426963128265,1.3528547286987305,0.8328516554363181,0.3270535469055176,0.7564515953273907,1.808082103729248,0.8843400097961799,1.3576207160949707,0.8537492716312759,0.3264181613922119,0.8739686318644426,1.3446946144104004,0.8134767958754292,1.3897254467010498,0.7194163154882398,0.7672543525695801,0.8812124421044345,1.3409686088562012,0.8391494272771611,1.448176383972168,1.0,0.1124312877655029,36,1.2992732524871826,0.0,0.1153416633605957,0.03022449523129,0.0159988403320312,22.22190011184672,0.0018749237060546,0.020651563939657447,1.706855535507202,0.42,0.0006630420684814,0,0,0,['cluster'],['separated']
figure_ascending_markersize60_n100-d10-c5-spr0.2-out0_pca.png,n100-d10-c5-spr0.2-out0_pca,100,5,60,0.7482412838234525,0.6928977966308594,0.7020382338272884,0.625363826751709,0.630242953746518,1.1016006469726562,0.7573879411640883,0.6443209648132324,0.7276217798715492,0.5943377017974854,0.7397114467457747,0.5829751491546631,0.6794039059480173,0.6563725471496582,0.5871902752739342,1.003901720046997,0.7490430320505042,0.6922211647033691,0.7078060421151595,0.7227816581726074,0.7313738953369416,0.6094646453857422,0.6581834933337035,0.6223244667053223,0.5496434490153475,1.156755447387695,0.7408800075408994,0.7074341773986816,0.689040996767348,0.6225790977478027,1.0,0.3594989776611328,493,0.2450037002563476,0.0,0.3694581985473633,0.03022449523129,0.016775369644165,22.22190011184672,0.0019807815551757,0.028574434666294213,0.9422891139984132,0.42,0.0008041858673095,0,0,0,['cluster'],['separated']
figure_ascending_markersize110_n100-d10-c5-spr0.2-out0_pca.png,n100-d10-c5-spr0.2-out0_pca,100,5,110,0.691923326412077,0.7989213466644287,0.6320251875837479,0.6685118675231934,0.5537591237598338,1.1066858768463137,0.6995482087019536,0.6822717189788818,0.6637700890667719,0.6892080307006836,0.6697764881633896,0.7147958278656006,0.5991320816568928,0.723874568939209,0.5010457657533439,1.1216380596160889,0.6781996686467117,0.7110593318939209,0.6329638356061588,0.6999433040618896,0.6490034153195249,0.7106821537017822,0.5694933798517844,0.7155594825744629,0.457495884065607,1.1610093116760254,0.6581155542204584,0.7300393581390381,0.6048902558465489,0.7512035369873047,1.0,0.4467105865478515,1345,0.4410772323608398,0.0,0.2773997783660888,0.03022449523129,0.0169234275817871,22.22190011184672,0.0019195079803466,0.03469632872902733,1.087269306182861,0.42,0.0007617473602294,0,0,0,['cluster'],['separated']
figure_ascending_markersize160_n100-d10-c5-spr0.2-out0_pca.png,n100-d10-c5-spr0.2-out0_pca,100,5,160,0.6289232827618029,0.7679808139801025,0.5588519250422392,0.9212942123413086,0.4772691245203996,1.077627658843994,0.6371796884219509,0.9395647048950196,0.5957898046142794,0.6384375095367432,0.5981880001054682,0.9522874355316162,0.5227040858050656,0.6497688293457031,0.4277480155205909,1.2542080879211426,0.6080763344092238,0.8210887908935547,0.5605347720059146,0.6659188270568848,0.570316797897682,0.8381130695343018,0.4909484038760533,0.6820383071899414,0.3875374065282809,1.253347873687744,0.5815154590755149,0.8542428016662598,0.5292189755687398,0.8727178573608398,1.0,0.306821346282959,2624,0.4889810085296631,0.0,0.4851605892181396,0.03022449523129,0.016228437423706,22.22190011184672,0.0018386840820312,0.03949937140466638,1.0857422351837158,0.42,0.0006842613220214,0,0,0,['cluster'],['separated']
figure_descending_markersize10_n100-d10-c5-spr0.2-out0_pca.png,n100-d10-c5-spr0.2-out0_pca,100,5,10,0.8148376996316633,0.4925017356872558,0.8519554913369689,0.6674361228942871,0.9372520494753545,1.4432687759399414,0.8009718038446769,0.6956350803375244,0.8280001420603089,0.6808123588562012,0.8115469298551373,0.8770692348480225,0.8316810794864923,0.728156328201294,0.8824482449654723,1.1431505680084229,0.7981183857799312,0.9058265686035156,0.8141768671001656,0.7072086334228516,0.8082826330987469,0.7196605205535889,0.8123491984398337,0.7057714462280273,0.8336994563635998,1.3370931148529053,0.7952852258370515,0.7353925704956055,0.8008075660418175,0.7288362979888916,1.0,0.5899641513824463,36,0.3306636810302734,0.0,0.5387320518493652,0.03022449523129,0.016122817993164,22.22190011184672,0.0018212795257568,0.020651563939657447,0.8499329090118408,0.42,0.0006935596466064,0,0,27,['cluster'],['separated']
figure_descending_markersize60_n100-d10-c5-spr0.2-out0_pca.png,n100-d10-c5-spr0.2-out0_pca,100,5,60,0.6478645912810449,0.9380698204040528,0.6991056117997333,0.7456481456756592,0.8297860503268711,1.1637508869171145,0.6319961772434299,0.956296682357788,0.6684150680616334,0.7525193691253662,0.6429153910584413,0.7507836818695068,0.6747112845092247,0.9764139652252196,0.7629249679535524,1.1817307472229004,0.6274595279368749,0.761993408203125,0.6530758439010982,0.9738311767578124,0.6380412339282544,0.7696545124053955,0.6519619696694553,0.768796443939209,0.7060352648956818,1.4448015689849854,0.6229875451677622,0.7629671096801758,0.6384248546826288,1.0353105068206787,1.0,0.3478498458862304,493,0.597855806350708,0.0,0.3692498207092285,0.03022449523129,0.0161671638488769,22.22190011184672,0.0019409656524658,0.028574434666294213,0.9533612728118896,0.42,0.0006885528564453,0,0,494,['cluster'],['separated']
figure_descending_markersize110_n100-d10-c5-spr0.2-out0_pca.png,n100-d10-c5-spr0.2-out0_pca,100,5,110,0.5709219526885361,0.7796216011047363,0.6288285437021746,1.0536270141601562,0.7760047941160381,1.2604589462280271,0.5598764706270783,0.8103146553039551,0.5967702850680012,0.5826089382171631,0.5573456208642609,1.0818607807159424,0.5938952840167068,0.8337883949279785,0.6844093778211745,1.0258004665374756,0.54767048604568,1.085963249206543,0.5733464953852705,0.8448424339294434,0.5443999727928327,0.8619840145111084,0.5626390440874893,0.5995943546295166,0.6121540220416415,1.2806451320648191,0.5359853566600496,1.1113128662109375,0.5516920677311005,0.6165990829467773,1.0,0.6683640480041504,1345,0.3990745544433594,0.0,0.6792607307434082,0.03022449523129,0.0159657001495361,22.22190011184672,0.0018732547760009,0.03469632872902733,1.0650503635406494,0.42,0.0006959438323974,0,0,1322,['cluster'],['separated']
figure_descending_markersize160_n100-d10-c5-spr0.2-out0_pca.png,n100-d10-c5-spr0.2-out0_pca,100,5,160,0.4922011739787522,0.6154701709747314,0.5554940802155173,1.1563808917999268,0.7173716684796043,1.0352530479431152,0.485610935793536,1.1631982326507568,0.5224841492535117,0.6282761096954346,0.4735425289610495,0.8705596923828125,0.5180068543586712,0.950881004333496,0.6199935903533307,1.456183671951294,0.4690713866382524,0.9076523780822754,0.4958618365019034,0.9098401069641112,0.4562468607168138,0.9267683029174804,0.4852593802884483,0.920701265335083,0.5458925740219641,1.3432235717773438,0.4536213781464124,0.9326763153076172,0.4718209813920533,0.9265034198760986,1.0,0.7332015037536621,2624,0.4356324672698974,0.0,0.4139158725738525,0.03022449523129,0.0157742500305175,22.22190011184672,0.0021133422851562,0.03949937140466638,1.5019230842590332,0.42,0.0008025169372558,0,0,2533,['cluster'],['separated']
figure_category_based_markersize10_efashion_pca.png,efashion_pca,3272,8,10,0.3322158458969783,0.7272720336914062,0.2680531792004337,1.031937837600708,0.2006699577682854,1.7633402347564695,0.5166870590393431,1.040405511856079,0.4834166352729188,1.0384392738342283,0.3004089974304297,1.0748004913330078,0.2252726821208256,1.062553882598877,0.1423949949327788,1.51336932182312,0.4469838003047707,1.063906192779541,0.397632528270739,1.0747854709625244,0.2741604596134032,1.1022543907165527,0.1942680707964625,0.7567777633666992,0.1103493266172126,1.87166428565979,0.3938515664693235,1.1004726886749268,0.3377054255470419,1.0986125469207764,0.1369193154034229,0.5126190185546875,2591,0.8856208324432373,0.6696210268948656,0.5085875988006592,0.0285228673171833,0.7735073566436768,1.2762906799386369,0.0315601825714111,-,15.0,0.8175427872860636,0.015587568283081,1443,0,3487,['cluster'],['intersecting']
figure_category_based_markersize60_efashion_pca.png,efashion_pca,3272,8,60,0.2656983342998636,0.98588228225708,0.2326124437906501,1.294407844543457,0.2416015220300088,1.6761703491210938,0.4525583440196932,1.3205101490020752,0.4439112353992567,0.9853782653808594,0.2354744335054815,1.3445451259613037,0.1948537835768352,0.9737815856933594,0.1458724138798584,2.105997085571289,0.3776291184584766,0.99839186668396,0.3537435503235877,0.9862954616546632,0.2114243450908114,1.3351671695709229,0.1676414901901411,1.3252549171447754,0.1044761253869621,1.765833854675293,0.3239871768712276,1.3316001892089844,0.294021595720394,1.3401658535003662,0.0846577017114914,0.627406120300293,9390,0.6262779235839844,0.6696210268948656,0.5615270137786865,0.0285228673171833,0.773021936416626,1.2762906799386369,0.0316746234893798,-,15.0,0.8175427872860636,0.0153865814208984,1607,0,23458,['cluster'],['intersecting']
figure_category_based_markersize110_efashion_pca.png,efashion_pca,3272,8,110,0.2498092577480976,0.8238480091094971,0.2145849281649253,1.610344648361206,0.264753433165542,2.393739938735962,0.4289785052150563,1.315753936767578,0.4230246804981147,1.5884454250335691,0.2166006668972177,1.2153339385986328,0.1784437538851699,1.2143702507019043,0.1459166167657075,1.9812803268432615,0.3461887930812291,1.6279990673065186,0.3282755663666222,1.2226603031158447,0.191185298359064,1.6481354236602783,0.1527217937644807,1.2458741664886477,0.1007114369783742,1.9482300281524656,0.2901851774764513,1.6293725967407229,0.268203350609739,1.220296859741211,0.0690709046454767,0.7340123653411865,15001,1.1490800380706787,0.6696210268948656,0.6362159252166748,0.0285228673171833,0.7780985832214355,1.2762906799386369,0.0314095020294189,-,15.0,0.8175427872860636,0.0157389640808105,1644,0,46988,['cluster'],['intersecting']
figure_category_based_markersize160_efashion_pca.png,efashion_pca,3272,8,160,0.2428996022055728,1.8726577758789065,0.2043593199544645,1.423053741455078,0.2747733521142076,2.1583328247070312,0.4126711407762397,1.9166927337646484,0.4073455062921529,1.5016279220581057,0.2076291232401256,1.475421667098999,0.1689652715738367,1.4422709941864014,0.1414872541449857,2.6252498626708984,0.3261866682819302,1.5532329082489014,0.3107407568138807,1.8717613220214844,0.1813028605700821,1.463303804397583,0.1440214510208238,1.887235403060913,0.0952727037565368,2.195180892944336,0.2696710623445324,1.4738528728485107,0.2511733042310855,1.45609712600708,0.062041564792176,1.303173303604126,19716,0.3285720348358154,0.6696210268948656,1.128772258758545,0.0285228673171833,0.7644534111022949,1.2762906799386369,0.0319325923919677,-,15.0,0.8175427872860636,0.0153186321258544,1663,0,70313,['cluster'],['intersecting']
figure_ascending_markersize10_efashion_pca.png,efashion_pca,3272,8,10,0.5168476279248992,1.3176496028900146,0.3245282532805381,0.8902645111083984,0.1098078102730432,1.6431846618652344,0.5575131359539154,1.333989143371582,0.4848575007957967,0.9467506408691406,0.4330460380426112,0.934462547302246,0.2788057712672788,1.403069019317627,0.0938063474102315,1.6484525203704834,0.4799364816064457,0.9076385498046876,0.4012243154688145,1.356368064880371,0.3726281678376316,0.904876470565796,0.2443758818793588,0.8828039169311523,0.0818752810669745,1.6583452224731443,0.4213119105443682,0.9174559116363524,0.3421984275300854,1.377830982208252,0.1369193154034229,0.6855108737945557,2591,0.6927547454833984,0.6696210268948656,0.1620028018951416,0.0285228673171832,0.7668514251708984,1.2762906799386369,0.0316298007965087,-,15.0,0.8175427872860636,0.0155973434448242,1427,0,0,['cluster'],['intersecting']
figure_ascending_markersize60_efashion_pca.png,efashion_pca,3272,8,60,0.4585054345688534,1.1216564178466797,0.3342878232252333,1.106015920639038,0.057432790257434,2.365967273712158,0.4893178420062823,1.0959532260894775,0.4469795826079281,1.0976600646972656,0.3690255926354869,1.611161231994629,0.2783658525083443,1.1228902339935305,0.0485238247088833,1.8755884170532229,0.4085974275658809,1.1283197402954102,0.3577887782783384,1.1457672119140625,0.308767857410999,1.680288553237915,0.2384725251387526,1.124528408050537,0.0420076106388237,1.9104859828948972,0.3507378833696856,1.168449878692627,0.298271375429935,1.1450238227844238,0.0846577017114914,0.78605055809021,9390,0.7567996978759766,0.6696210268948656,0.7542917728424072,0.0285228673171832,0.763397216796875,1.2762906799386369,0.0313584804534912,-,15.0,0.8175427872860636,0.0156531333923339,1478,0,0,['cluster'],['intersecting']
figure_ascending_markersize110_efashion_pca.png,efashion_pca,3272,8,110,0.4425931276050318,0.7944619655609131,0.335482762560088,1.3786838054656982,0.0290673276145498,2.584003448486328,0.4623488488660729,1.375068187713623,0.427597326442269,1.3687126636505127,0.3526529512807032,1.394561767578125,0.2785850947000527,1.3920774459838867,0.0247179233125369,2.070395946502685,0.3785158339764036,1.3754286766052246,0.3340056904254935,1.3586478233337402,0.2930929793776206,1.9565215110778809,0.2381884771316711,1.3846380710601809,0.0215007253453376,2.139465808868408,0.3204177431179482,1.4585576057434082,0.2740271773381415,1.3878378868103027,0.0690709046454767,0.9189209938049316,15001,0.8722951412200928,0.6696210268948656,0.770557165145874,0.0285228673171832,0.781548023223877,1.2762906799386369,0.0312550067901611,-,15.0,0.8175427872860636,0.015336275100708,1502,0,0,['cluster'],['intersecting']
figure_ascending_markersize160_efashion_pca.png,efashion_pca,3272,8,160,0.4302358776933475,1.5833110809326172,0.3360322361752041,1.592691421508789,0.0089441129679801,2.3297245502471924,0.4430383468476006,1.5785202980041504,0.4130680674507491,1.6218383312225342,0.3415900193205518,2.151442050933838,0.2772207734593044,1.654278039932251,0.007603118630396,2.361544132232666,0.3560696714573041,1.643122911453247,0.3165230986117215,1.5838634967803955,0.2832327128872464,1.634122610092163,0.2359290946806725,1.5791099071502686,0.0066118077253721,2.411062479019165,0.2976423179053603,1.6111023426055908,0.2565585558779204,1.6397709846496582,0.062041564792176,0.9742131233215332,19716,0.946563482284546,0.6696210268948656,0.1672141551971435,0.0285228673171832,0.7671196460723877,1.2762906799386369,0.031217336654663,-,15.0,0.8175427872860636,0.0149731636047363,1516,0,0,['cluster'],['intersecting']
figure_descending_markersize10_efashion_pca.png,efashion_pca,3272,8,10,0.3147849989456728,1.5814733505249023,0.2452204151031359,1.03058123588562,0.2072839874571398,1.1856207847595217,0.4800296514330686,1.6085965633392334,0.4144277968214885,1.0263288021087646,0.2880095918810545,0.4409437179565429,0.2055063095033643,1.5921449661254885,0.1478736386999535,1.787468194961548,0.4352980463887108,1.0610392093658447,0.3739358608923382,0.4507646560668945,0.2654321094637945,1.692209243774414,0.1768628890539846,1.0574116706848145,0.1149324650257659,1.7905011177062988,0.3981924482766331,0.4631319046020508,0.3406522158209036,1.682888746261597,0.1369193154034229,0.1866583824157714,2591,0.8087432384490967,0.6696210268948656,0.7972729206085205,0.0285228673171833,0.7653636932373047,1.2762906799386369,0.0308191776275634,-,15.0,0.8175427872860636,0.015411376953125,1646,0,38861,['cluster'],['intersecting']
figure_descending_markersize60_efashion_pca.png,efashion_pca,3272,8,60,0.2554667942732426,1.259775161743164,0.2112458067660525,0.6032111644744873,0.2525148967089309,2.614248037338257,0.4385773614370778,0.6162433624267578,0.4046182404193879,1.85681414604187,0.2266654705009555,0.627382755279541,0.1771510112756484,1.91104793548584,0.1508189893998239,1.3477556705474854,0.3699207245298863,1.2592406272888184,0.3424854961573742,1.8645119667053225,0.2037003006859911,0.6196737289428711,0.1525324709899783,1.9123506546020508,0.1075180121499137,2.0251474380493164,0.3198501201315259,0.6341850757598877,0.2968946684042834,1.2413365840911863,0.0846577017114914,0.9612338542938232,9390,0.9105823040008544,0.6696210268948656,0.8710241317749023,0.0285228673171833,0.7588732242584229,1.2762906799386369,0.0315258502960205,-,15.0,0.8175427872860636,0.0154879093170166,1785,0,260232,['cluster'],['intersecting']
figure_descending_markersize110_efashion_pca.png,efashion_pca,3272,8,110,0.2421755435724838,0.8015010356903076,0.1985544540685394,1.4992952346801758,0.274393203117141,2.2172744274139404,0.4191468151576031,1.4983224868774414,0.3935435346970732,1.4727587699890137,0.2095096955598209,1.512481927871704,0.165398996208575,1.5070412158966064,0.1501966292007954,1.566826581954956,0.338627959896587,1.4909069538116455,0.3228299061511404,2.168703079223633,0.1846087451139461,0.833984375,0.1417319920513883,1.5159056186676023,0.1033968670509626,2.2384238243103027,0.2840596008828511,1.509284257888794,0.2736578612706205,1.4726934432983398,0.0690709046454767,1.0162129402160645,15001,0.9664599895477296,0.6696210268948656,0.8901817798614502,0.0285228673171833,0.7725963592529297,1.2762906799386369,0.0315015316009521,-,15.0,0.8175427872860636,0.0159924030303955,1802,0,519976,['cluster'],['intersecting']
figure_descending_markersize160_efashion_pca.png,efashion_pca,3272,8,160,0.2345244823216205,1.683096408843994,0.1906326115388397,1.7237696647644043,0.2917271187531288,1.7734155654907229,0.4041661797918863,1.6954429149627686,0.3827975403342505,1.7037932872772217,0.200062463716875,1.718400001525879,0.1579895707850477,1.701533555984497,0.1482210532974899,2.443647861480713,0.318977016265623,1.7197659015655518,0.3072214124435021,1.678084135055542,0.1744308564690024,1.7397572994232178,0.1348913961974704,1.7190587520599363,0.0993492738740491,2.48927640914917,0.2634480727876196,1.788048505783081,0.2565670961789611,1.7125029563903809,0.062041564792176,0.3375401496887207,19716,1.080073356628418,0.6696210268948656,0.928370475769043,0.0285228673171833,0.7691454887390137,1.2762906799386369,0.0310351848602294,-,15.0,0.8175427872860636,0.0150845050811767,1810,0,774166,['cluster'],['intersecting']
figure_category_based_markersize10_grid6_3d_tsne.png,grid6_3d_tsne,216,8,10,1.0,0.3289797306060791,1.0,1.0906925201416016,1.0,1.7470314502716064,1.0,1.0729210376739502,1.0,0.3330867290496826,1.0,1.0593881607055664,1.0,1.050363302230835,1.0,1.743504762649536,1.0,1.0465691089630127,1.0,1.0996112823486328,1.0,1.0690054893493652,1.0,1.1017858982086182,1.0,1.0336616039276123,1.0,1.048487901687622,1.0,1.0881516933441162,1.0,0.907628297805786,0,0.914301872253418,0.0,0.1271181106567382,0.0298677127635399,0.0235884189605712,22.87264400519278,0.0027697086334228,0.0,3.6859729290008554,0.0694444444444444,0.0021698474884033,0,0,0,['cluster'],['separated']
figure_category_based_markersize60_grid6_3d_tsne.png,grid6_3d_tsne,216,8,60,1.0,1.1325674057006836,1.0,0.3575758934020996,1.0,1.7976229190826416,1.0,1.0984084606170654,1.0,1.115875482559204,1.0,1.1167442798614502,1.0,1.1512372493743896,1.0,1.8534760475158687,1.0,0.3632521629333496,1.0,1.123457670211792,1.0,1.104665994644165,1.0,1.1111793518066406,1.0,1.8539297580718996,1.0,1.1876168251037598,1.0,1.174492120742798,1.0,0.1433320045471191,0,0.9760050773620604,0.0,0.9687447547912598,0.0298677127635399,0.0237855911254882,22.87264400519278,0.0029194355010986,0.0,4.296383857727051,0.0694444444444444,0.0021569728851318,0,0,0,['cluster'],['separated']
figure_category_based_markersize110_grid6_3d_tsne.png,grid6_3d_tsne,216,8,110,1.0,0.3551852703094482,1.0,1.2056643962860107,1.0,1.8377540111541748,1.0,1.1945955753326416,1.0,1.1939659118652344,0.9955763184522368,0.3723571300506592,0.9953622408656192,1.1818454265594482,0.993503492223215,1.8974313735961916,0.993309057733382,1.1994097232818604,0.9939527355912984,1.171476125717163,0.99119160245018,1.1845533847808838,0.990767300766444,0.3709654808044433,0.9870908488472852,1.8833301067352293,0.9867070577757396,1.1918530464172363,0.9879781703650756,1.2034180164337158,1.0,0.1668043136596679,40,1.007923603057861,0.0,0.9948899745941162,0.0298677127635399,0.0240764617919921,22.87264400519278,0.002939224243164,0.003923371714129971,3.673390865325928,0.0694444444444444,0.0021500587463378,0,0,0,['cluster'],['separated']
figure_category_based_markersize160_grid6_3d_tsne.png,grid6_3d_tsne,216,8,160,1.0,1.2085981369018557,1.0,1.192522048950195,1.0,1.8994195461273196,1.0,1.2298665046691897,1.0,0.3834500312805176,0.9743504955199156,1.2266693115234375,0.9751568005211508,1.241037130355835,0.9718248957981216,1.9422945976257324,0.970274528124604,0.3943338394165039,0.9720637769375816,1.2083351612091064,0.9499838797405038,1.2431752681732178,0.9515180478506712,0.3886432647705078,0.9451939575530776,1.081682205200195,0.9422652489672648,1.2397708892822266,0.9456459993613396,1.2344062328338623,1.0,1.0819807052612305,320,0.1432130336761474,0.0,1.036017656326294,0.0298677127635399,0.0247461795806884,22.87264400519278,0.0030426979064941,0.007103714112540235,5.15752387046814,0.0694444444444444,0.0020437240600585,0,0,0,['cluster'],['separated']
figure_ascending_markersize10_grid6_3d_tsne.png,grid6_3d_tsne,216,8,10,1.0,0.3341727256774902,1.0,1.2526509761810305,1.0,1.8771419525146484,1.0,1.2422635555267334,1.0,0.3284661769866943,1.0,1.2281522750854492,1.0,1.213200330734253,1.0,1.904407024383545,1.0,0.3354156017303467,1.0,1.2251756191253662,1.0,1.2081284523010254,1.0,1.2408690452575684,1.0,1.019686937332153,1.0,1.2402822971343994,1.0,1.232455492019653,1.0,1.0630154609680176,0,0.1317114830017089,0.0,1.0857336521148682,0.0298677127635399,0.0245847702026367,22.872644005192782,0.0028910636901855,0.0,2.414514541625977,0.0694444444444444,0.0020923614501953,0,0,0,['cluster'],['separated']
figure_ascending_markersize60_grid6_3d_tsne.png,grid6_3d_tsne,216,8,60,1.0,1.2721047401428225,1.0,1.268108367919922,1.0,1.0439338684082031,1.0,1.2506911754608154,1.0,1.3125944137573242,1.0,1.278184413909912,1.0,0.3608286380767822,1.0,1.9806201457977293,1.0,1.2833642959594729,1.0,0.3502097129821777,1.0,1.2842495441436768,1.0,1.4242839813232422,1.0,1.0367329120635986,1.0,1.286550521850586,1.0,1.2838845252990725,1.0,1.1640419960021973,0,0.1296381950378418,0.0,1.1157331466674805,0.0298677127635399,0.0238165855407714,22.872644005192782,0.0028166770935058,0.0,2.816966772079468,0.0694444444444444,0.0022387504577636,0,0,0,['cluster'],['separated']
figure_ascending_markersize110_grid6_3d_tsne.png,grid6_3d_tsne,216,8,110,1.0,1.3115687370300293,1.0,1.335792064666748,1.0,1.0580675601959229,1.0,1.3474774360656738,1.0,1.3314988613128662,0.995845782685054,1.3560795783996582,0.9953654584250332,0.372713565826416,0.9927153039632558,2.0493321418762207,0.9935895604207552,1.327296495437622,0.9941059480714428,0.3620612621307373,0.9917259376232984,1.3871197700500488,0.9907736766293118,1.3288567066192627,0.9855359739596828,1.063053846359253,0.9872607848107678,1.312495470046997,0.9882809687217918,1.3647689819335938,1.0,0.1664459705352783,40,1.1962966918945312,0.0,0.1262111663818359,0.0298677127635399,0.0243310928344726,22.872644005192782,0.0030586719512939,0.003923371714129971,4.1279685497283936,0.0694444444444444,0.0020534992218017,0,0,0,['cluster'],['separated']
figure_ascending_markersize160_grid6_3d_tsne.png,grid6_3d_tsne,216,8,160,1.0,1.3684406280517578,1.0,0.384462833404541,1.0,2.0708701610565186,1.0,1.3817195892333984,1.0,0.3855044841766357,0.9754039868151346,1.3707537651062012,0.9752357317107554,1.4306824207305908,0.9690769698841288,1.060354232788086,0.9714833286485168,1.4043431282043457,0.9726127047099684,0.3856587409973144,0.951988856352445,1.4048247337341309,0.951668361094232,1.369192123413086,0.9400090419700962,1.0764024257659912,0.9445479647616952,1.3762164115905762,0.9466855480584851,1.369981288909912,1.0,0.1859786510467529,320,1.1739156246185305,0.0,1.172623634338379,0.0298677127635399,0.0235569477081298,22.872644005192782,0.002810001373291,0.0071037141125402355,3.6718287467956543,0.0694444444444444,0.002171516418457,0,0,0,['cluster'],['separated']
figure_descending_markersize10_grid6_3d_tsne.png,grid6_3d_tsne,216,8,10,1.0,1.3060259819030762,1.0,1.3575780391693115,1.0,1.02817964553833,1.0,1.369074821472168,1.0,1.3492717742919922,1.0,0.333698034286499,1.0,1.3288400173187256,1.0,1.0210914611816406,1.0,1.3347983360290527,1.0,1.3458943367004397,1.0,0.3252773284912109,1.0,1.3524930477142334,1.0,2.055687665939331,1.0,0.3407013416290283,1.0,1.35097336769104,1.0,1.212336540222168,0,0.1252646446228027,0.0,1.2086358070373535,0.0298677127635399,0.0241923332214355,22.872644005192782,0.0029826164245605,0.0,2.398622512817383,0.0694444444444444,0.0020427703857421,0,0,0,['cluster'],['separated']
figure_descending_markersize60_grid6_3d_tsne.png,grid6_3d_tsne,216,8,60,1.0,1.4380762577056885,1.0,0.3477993011474609,1.0,2.110098600387573,1.0,1.4163007736206057,1.0,0.3468122482299804,1.0,1.4001648426055908,1.0,0.3574991226196289,1.0,2.2125802040100098,1.0,1.4026551246643066,1.0,0.3380563259124756,1.0,1.4356300830841064,1.0,0.342864990234375,1.0,2.133708000183105,1.0,1.447967290878296,1.0,0.3505241870880127,1.0,1.2803051471710205,0,0.1340613365173339,0.0,1.2402691841125488,0.0298677127635399,0.0241031646728515,22.872644005192782,0.0028491020202636,0.0,2.7903096675872803,0.0694444444444444,0.0020370483398437,0,0,0,['cluster'],['separated']
figure_descending_markersize110_grid6_3d_tsne.png,grid6_3d_tsne,216,8,110,1.0,0.7152807712554932,1.0,0.677544355392456,1.0,1.391035079956055,1.0,0.6926214694976807,1.0,0.6311030387878418,0.9954322307373288,0.6114029884338379,0.9953360088742272,0.685359001159668,0.9946420272411056,1.4754550457000732,0.9929319245442286,0.6971237659454346,0.993799248780606,0.6797208786010742,0.9909060007648388,0.6746621131896973,0.9907153214070176,0.7228367328643799,0.9893411642338872,1.411820411682129,0.9859630632168088,0.7015378475189209,0.9876749223017784,0.7363529205322266,1.0,0.4282505512237549,40,0.2806959152221679,0.0,0.526198148727417,0.0298677127635399,0.0240950584411621,22.872644005192782,0.0030550956726074,0.003923371714129971,3.3278377056121826,0.0694444444444444,0.0021820068359375,0,0,0,['cluster'],['separated']
figure_descending_markersize160_grid6_3d_tsne.png,grid6_3d_tsne,216,8,160,1.0,0.6347851753234863,1.0,0.6363294124603271,1.0,1.6121859550476074,1.0,0.8291232585906982,1.0,0.7664828300476074,0.9730223107613216,0.7859969139099121,0.9749122238879088,0.7823801040649414,0.9766255965936632,1.4812378883361816,0.9681166900166344,0.8095455169677734,0.9711882423318168,0.8064072132110596,0.9474619760071372,0.8552467823028564,0.9510524333686956,0.8532912731170654,0.9543189602387276,1.5285868644714355,0.938203652147684,0.8401813507080078,0.9439902247356006,0.8404605388641357,1.0,0.5212295055389404,320,0.497478723526001,0.0,0.3003554344177246,0.0298677127635399,0.0244653224945068,22.872644005192782,0.0028948783874511,0.007103714112540235,4.139229536056519,0.0694444444444444,0.0020689964294433,0,0,0,['cluster'],['separated']
figure_category_based_markersize10_n100-d5-c5-spr0.1-out0_pca.png,n100-d5-c5-spr0.1-out0_pca,100,5,10,1.0,0.6571636199951172,1.0,0.6699023246765137,1.0,1.2474894523620603,1.0,0.6688997745513916,1.0,0.8273930549621582,0.9874916948900778,0.8458402156829834,0.987908043869992,0.6856510639190674,0.9866524592786894,1.316742181777954,0.983269890582144,0.68184494972229,0.9860767576133116,0.8430964946746826,0.9752924394855916,0.8537452220916748,0.9761050247326448,0.6937756538391113,0.9736565389761348,1.301079511642456,0.9670903629923284,0.702305793762207,0.9725359044854038,0.8869228363037109,1.0,0.560814619064331,4,0.3227005004882812,0.0,0.5092630386352539,0.0302595602152494,0.0137660503387451,24.32841704464191,0.002042531967163,0.007301430451919677,1.179640293121338,0.3,0.0007507801055908,0,0,0,['cluster'],['intersecting']
figure_category_based_markersize60_n100-d5-c5-spr0.1-out0_pca.png,n100-d5-c5-spr0.1-out0_pca,100,5,60,0.9194685559893384,0.7485980987548828,0.9286395989461136,0.7383041381835938,0.9285144542327352,1.1606228351593018,0.9285944021584036,0.9210972785949708,0.9286380797460664,0.7486071586608887,0.8776175805977852,0.7474689483642578,0.879706517979768,0.9587972164154052,0.8670604734344625,1.1898419857025146,0.878156171349029,0.9768438339233398,0.878480910365933,0.7548477649688721,0.8394105635032374,0.7792856693267822,0.8356721958720954,0.7690188884735107,0.8132362141956174,1.4403746128082275,0.8329149381503846,0.5474035739898682,0.8334642269913728,0.9742538928985596,1.0,0.5912115573883057,195,0.3623881340026855,0.0,0.3634209632873535,0.0302595602152494,0.0138685703277587,24.32841704464191,0.0019009113311767,0.01746810465204168,1.330789566040039,0.3,0.0007674694061279,0,0,35,['cluster'],['intersecting']
figure_category_based_markersize110_n100-d5-c5-spr0.1-out0_pca.png,n100-d5-c5-spr0.1-out0_pca,100,5,110,0.8661313810029438,0.7976253032684326,0.8736111660040734,0.8039069175720215,0.87344475948439,1.2304565906524658,0.8799748943498048,0.7938108444213867,0.8741267899102743,1.0690028667449951,0.7886417405198924,0.8247990608215332,0.7856779224554462,0.5702219009399414,0.7652973736759082,1.4853155612945557,0.7949104645096426,0.833380937576294,0.788599812908342,0.8312389850616455,0.7238789135466475,0.8540523052215576,0.7138276704861244,0.8424947261810303,0.6809803681598819,1.276623010635376,0.7248422261046974,0.869422435760498,0.718317633660136,0.8760366439819336,1.0,0.6842679977416992,751,0.4007792472839355,0.0,0.3964762687683105,0.0302595602152494,0.0140390396118164,24.32841704464191,0.0018463134765625,0.023553479873288662,1.188587665557861,0.3,0.0008084774017333,0,0,157,['cluster'],['intersecting']
figure_category_based_markersize160_n100-d5-c5-spr0.1-out0_pca.png,n100-d5-c5-spr0.1-out0_pca,100,5,160,0.8304752920079492,1.1306414604187012,0.8346408817132293,0.6125752925872803,0.8350148096082322,1.2881872653961182,0.8452257907072609,1.1450543403625488,0.8351733672929016,0.8759415149688721,0.727944988506562,0.6261377334594727,0.7135721149946204,0.903282880783081,0.6815247274074374,1.327106475830078,0.7338355730586383,0.882169246673584,0.7206431151306185,0.8893656730651855,0.6479493047045265,0.921100378036499,0.6231771963402535,0.632568359375,0.575700985614717,1.347022294998169,0.6483863400463354,1.2215890884399414,0.6337365939758722,0.6411230564117432,1.0,0.7933511734008789,1638,0.4491951465606689,0.0,0.4829373359680176,0.0302595602152494,0.0139212608337402,24.32841704464191,0.0019583702087402,0.027935281939795727,1.3857100009918213,0.3,0.0007796287536621,0,0,325,['cluster'],['intersecting']
figure_ascending_markersize10_n100-d5-c5-spr0.1-out0_pca.png,n100-d5-c5-spr0.1-out0_pca,100,5,10,1.0,0.9196557998657228,1.0,0.9252641201019288,1.0,1.3303656578063965,1.0,0.9336695671081544,1.0,0.6261172294616699,0.9874916948900778,0.9378044605255128,0.9879150662835248,0.9452674388885498,0.9866524592786894,1.0678164958953855,0.983269890582144,0.9293825626373292,0.9860767576133116,0.9183294773101808,0.9752924394855916,0.9344780445098876,0.9761187360588442,0.952437162399292,0.9736565389761348,1.0636413097381592,0.9670903629923284,0.9444968700408936,0.9725359044854038,0.9742028713226318,1.0,0.4505167007446289,4,0.4607577323913574,0.0,0.449800968170166,0.0302595602152494,0.0140440464019775,24.328417044641903,0.0018692016601562,0.007301430451919677,1.3063287734985352,0.3,0.000730276107788,0,0,0,['cluster'],['intersecting']
figure_ascending_markersize60_n100-d5-c5-spr0.1-out0_pca.png,n100-d5-c5-spr0.1-out0_pca,100,5,60,0.9283673145665624,0.6654953956604004,0.9291501758220936,1.0136847496032717,0.9154098285301848,1.09308123588562,0.9336353172395876,0.9898183345794678,0.9337909387557898,1.0527284145355225,0.8844024286965733,0.6762781143188477,0.8790086013741664,1.026846408843994,0.8542749461559356,1.1132316589355469,0.8815564255508223,1.026310682296753,0.8818667609277911,0.6705219745635986,0.8444133675266063,1.0421288013458252,0.8340017122484094,0.6808149814605713,0.8007945496463459,1.45491623878479,0.8349805710202192,0.6707491874694824,0.8354129673878158,1.043067216873169,1.0,0.4948072433471679,195,0.4832136631011963,0.0,0.8801960945129395,0.0302595602152494,0.0136175155639648,24.328417044641903,0.0018708705902099,0.01746810465204168,1.0838158130645752,0.3,0.0007164478302001,0,0,0,['cluster'],['intersecting']
figure_ascending_markersize110_n100-d5-c5-spr0.1-out0_pca.png,n100-d5-c5-spr0.1-out0_pca,100,5,110,0.8805427511643643,0.7136070728302002,0.8748830797613385,0.704744815826416,0.8478459827258408,1.501924991607666,0.8879976499543533,0.7083630561828613,0.8829213625366432,0.7156691551208496,0.7963550767422782,1.0983061790466309,0.7814678491924228,1.112887620925903,0.738544461190243,1.1618893146514893,0.7981936638463025,1.0963737964630127,0.7907978077132032,0.7121493816375732,0.7268607598356676,1.089405536651611,0.7060768270913854,0.7198193073272705,0.6542063283837741,1.5328426361083984,0.7248853668912627,0.7402133941650391,0.7160821675451925,1.115689754486084,1.0,0.5314018726348877,751,0.5316512584686279,0.0,0.5250182151794434,0.0302595602152494,0.0140507221221923,24.328417044641903,0.0018713474273681,0.023553479873288662,1.6201739311218262,0.3,0.000760793685913,0,0,0,['cluster'],['intersecting']
figure_ascending_markersize160_n100-d5-c5-spr0.1-out0_pca.png,n100-d5-c5-spr0.1-out0_pca,100,5,160,0.8480109474277135,0.7571561336517334,0.8364436699957736,0.7672252655029297,0.8006486696071754,1.184758186340332,0.8548377983859224,1.142629861831665,0.8461511123325463,0.7560999393463135,0.7372506711766249,1.1973459720611572,0.7081101049032661,0.7533574104309082,0.6476854685220278,1.588127613067627,0.7385832908301502,0.7679128646850586,0.7228929786377272,0.7769114971160889,0.6520811479482309,1.2107479572296145,0.613918108103141,0.8046748638153076,0.5437940997101611,1.1885340213775637,0.6501636460250024,1.18279767036438,0.6309788156842442,0.7625613212585449,1.0,1.0236592292785645,1638,0.1240603923797607,0.0,0.9842476844787598,0.0302595602152494,0.014169692993164,24.328417044641903,0.0019280910491943,0.027935281939795723,1.352842092514038,0.3,0.0007078647613525,0,0,0,['cluster'],['intersecting']
figure_descending_markersize10_n100-d5-c5-spr0.1-out0_pca.png,n100-d5-c5-spr0.1-out0_pca,100,5,10,1.0,0.7653038501739502,1.0,0.7700281143188477,1.0,1.2141242027282717,1.0,0.7582902908325195,1.0,1.2129881381988523,0.9871813153463976,0.7603201866149902,0.987908043869992,1.2195382118225098,0.9872155108372768,1.1977107524871826,0.9828621966635028,0.760845422744751,0.985859030355509,0.7804741859436035,0.974687108664496,1.2757768630981443,0.9761050247326448,0.8589973449707031,0.9747537816790772,1.659708023071289,0.9663019046577948,0.7852141857147217,0.9721124181592858,0.778357744216919,1.0,0.5745406150817871,4,0.5876264572143555,0.0,0.5828189849853516,0.0302595602152494,0.0140130519866943,24.328417044641903,0.0018386840820312,0.007301430451919677,1.095210075378418,0.3,0.0007050037384033,0,0,0,['cluster'],['intersecting']
figure_descending_markersize60_n100-d5-c5-spr0.1-out0_pca.png,n100-d5-c5-spr0.1-out0_pca,100,5,60,0.900651924274413,1.263105392456055,0.9238427834664188,0.8085155487060547,0.9541654813140668,1.237132549285889,0.9063013868741584,0.8003289699554443,0.9160510345164506,1.2908575534820557,0.858829510208719,0.8259592056274414,0.8753646096480476,0.8055369853973389,0.8913762448093172,1.2264525890350342,0.8561295283546191,0.8083648681640625,0.8664490116465751,1.292743444442749,0.8207188456244231,0.8283350467681885,0.831720504907704,0.8221871852874756,0.8363405260409434,1.222729206085205,0.8112212052228749,0.8171391487121582,0.8219427333693651,1.3160371780395508,1.0,0.6265497207641602,195,0.6165456771850586,0.0,0.1129264831542968,0.0302595602152494,0.0133929252624511,24.328417044641903,0.0018165111541748,0.01746810465204168,1.2023625373840332,0.3,0.0007309913635253,0,0,79,['cluster'],['intersecting']
figure_descending_markersize110_n100-d5-c5-spr0.1-out0_pca.png,n100-d5-c5-spr0.1-out0_pca,100,5,110,0.8293523484002769,1.3472485542297363,0.8673816808085512,0.8558504581451416,0.9180176999968614,1.273555040359497,0.8403415177135031,0.8304080963134766,0.8539063610698515,0.8385715484619141,0.7548511472558854,1.337939977645874,0.7804760514015595,0.857154130935669,0.8032110908727912,1.3009889125823977,0.7589465308923096,0.8411250114440918,0.7708588011455069,1.386310338973999,0.6926316458951645,0.8523485660552979,0.7093991736541077,0.8567605018615723,0.7139278110936392,1.256072759628296,0.6919268972160293,0.8492431640625,0.7025331972423712,0.8653712272644043,1.0,0.7118957042694092,751,0.667494535446167,0.0,0.6673815250396729,0.0302595602152494,0.0137412548065185,24.328417044641903,0.0018775463104248,0.023553479873288662,1.3038051128387451,0.3,0.0007078647613525,0,0,309,['cluster'],['intersecting']
figure_descending_markersize160_n100-d5-c5-spr0.1-out0_pca.png,n100-d5-c5-spr0.1-out0_pca,100,5,160,0.7821084408625395,0.8777344226837158,0.8271566274415443,0.8678383827209473,0.8932659389174267,1.2793612480163574,0.7945340324438417,1.4347174167633057,0.8101844498298828,0.8887507915496826,0.6861711920133468,0.9075396060943604,0.7078221173916903,0.9010961055755616,0.7252588240999076,1.3012659549713137,0.6907809744177797,0.9099016189575196,0.7003282593684113,0.8866615295410156,0.6111985827600102,0.8835816383361816,0.618579226216538,0.8880465030670166,0.6104451650664062,1.854361057281494,0.610995080484277,0.9203228950500488,0.6167065243303111,0.9160366058349608,1.0,0.6931781768798828,1638,0.7020957469940186,0.0,0.1131708621978759,0.0302595602152494,0.0135455131530761,24.328417044641903,0.0020756721496582,0.027935281939795727,1.4505879878997805,0.3,0.0007126331329345,0,0,622,['cluster'],['intersecting']
figure_category_based_markersize10_n500-d10-c5-spr0.1-out0_pca.png,n500-d10-c5-spr0.1-out0_pca,500,5,10,0.9600187401683848,0.8647878170013428,0.9542031606566644,1.4571940898895264,0.9494356590559015,1.3434381484985352,0.9638286533437356,0.92327618598938,0.9584095330766628,0.919753074645996,0.8349533506413143,0.9305245876312256,0.816958194706149,0.9099187850952148,0.7864679180163984,1.3569352626800537,0.8422232564471275,0.9209761619567872,0.8282920738665861,0.922738552093506,0.7387177103097242,0.9100053310394288,0.7142291717850315,0.9215209484100342,0.6712499134793919,1.3573460578918457,0.7478657104007984,0.9017367362976074,0.7292818877168104,0.9077463150024414,0.996,0.7191281318664551,321,0.7210440635681152,0.0,0.717761754989624,0.0307408882556243,0.0653326511383056,9.171354027642003,0.0056817531585693,-,15.0,0.082,0.0030758380889892,0,0,10,['cluster'],"['intersecting','separated','touching']"
figure_category_based_markersize60_n500-d10-c5-spr0.1-out0_pca.png,n500-d10-c5-spr0.1-out0_pca,500,5,60,0.8302380494069468,0.9978978633880616,0.822512737560346,1.5574102401733398,0.8079980917200061,0.832705020904541,0.8428532753705076,1.538825273513794,0.8352533039561669,0.9895176887512208,0.5152843329416174,0.3801858425140381,0.484355703260751,1.5586228370666504,0.4218402392028487,0.8027191162109375,0.5277381330733011,1.5839357376098633,0.5031388742541104,0.9638304710388184,0.373569451178821,0.9772779941558838,0.3432403816320279,0.3834621906280517,0.2854284735017135,2.057513475418091,0.3841260324652409,0.3743104934692383,0.3599965931494314,1.6150503158569336,0.968,0.1774578094482422,8054,0.7442708015441895,0.0,0.7459313869476318,0.0307408882556243,0.0643465518951416,9.171354027642003,0.0054128170013427,-,15.0,0.082,0.003096580505371,0,0,269,['cluster'],"['intersecting','separated','touching']"
figure_category_based_markersize110_n500-d10-c5-spr0.1-out0_pca.png,n500-d10-c5-spr0.1-out0_pca,500,5,110,0.7264140909842014,1.0352177619934082,0.7212416690604642,1.025810718536377,0.7046503535533705,1.469144344329834,0.7420196819798435,1.700282335281372,0.7367822308670303,0.4123044013977051,0.4000875775721312,1.047856092453003,0.3711780115239897,1.0635478496551514,0.3111500027718477,0.8554973602294922,0.4114165465327212,1.0605103969573977,0.3880479954599977,1.694340705871582,0.2760691976375302,0.4197072982788086,0.2498905231812007,1.0939295291900637,0.1996556197576875,2.1399264335632324,0.2846099952933794,0.4230005741119385,0.2633832619415243,1.6932401657104492,0.916,0.202073335647583,20932,0.8101956844329834,0.0,0.8016571998596191,0.0307408882556243,0.0640769004821777,9.171354027642003,0.0053637027740478,-,15.0,0.082,0.0031113624572753,0,0,873,['cluster'],"['intersecting','separated','touching']"
figure_category_based_markersize160_n500-d10-c5-spr0.1-out0_pca.png,n500-d10-c5-spr0.1-out0_pca,500,5,160,0.6401051490767271,1.1034386157989502,0.6389957898275118,1.094395875930786,0.6280070717776465,1.5276787281036377,0.6569589378856928,1.103405237197876,0.6551258189108815,1.1207993030548096,0.3369662950409494,1.1062378883361816,0.3123661567257824,1.1681525707244873,0.2572668839089559,1.499704360961914,0.3471339118556216,1.7747490406036377,0.3270211728169182,0.4494500160217285,0.2286723899746828,1.1321842670440674,0.2067060935770216,1.132324457168579,0.1617680758255421,1.543858766555786,0.235887990025296,1.1250619888305664,0.2178939946107371,1.893493890762329,0.842,0.2294666767120361,34197,0.9155936241149902,0.0,0.8178730010986328,0.0307408882556243,0.0665450096130371,9.171354027642003,0.0056056976318359,-,15.0,0.082,0.0030419826507568,0,0,1834,['cluster'],"['intersecting','separated','touching']"
figure_ascending_markersize10_n500-d10-c5-spr0.1-out0_pca.png,n500-d10-c5-spr0.1-out0_pca,500,5,10,0.9723739275687776,0.3424057960510254,0.95823563668677,1.039865016937256,0.936004367316674,1.4660882949829102,0.971767926225898,1.0462427139282229,0.9616239617153926,0.3441565036773681,0.8459788835782589,1.0266964435577393,0.8203344478422631,1.0672616958618164,0.7752285241837491,1.480602741241455,0.8498480757012611,1.0263071060180664,0.8312708459867507,1.0361921787261963,0.748663122965562,1.0491156578063965,0.7171310037350728,1.0399982929229736,0.6615886003331508,1.51330828666687,0.7551104800539964,1.0566744804382324,0.7320391432092621,1.0231585502624512,0.996,0.862175464630127,321,0.8610129356384277,0.0,0.8901114463806152,0.0307408882556243,0.0634183883666992,9.171354027642003,0.0055403709411621,0.014219076695126925,12.74340558052063,0.082,0.0029759407043457,0,0,0,['cluster'],"['intersecting','separated','touching']"
figure_ascending_markersize60_n500-d10-c5-spr0.1-out0_pca.png,n500-d10-c5-spr0.1-out0_pca,500,5,60,0.8753271553324569,0.3682253360748291,0.8373389813025639,1.0990815162658691,0.7690601130334622,1.5342369079589844,0.874130952793357,1.1272296905517578,0.845208399189253,1.1141788959503174,0.5382423258859442,1.1046762466430664,0.4886967260213551,0.3775196075439453,0.4042389373281233,1.5284616947174072,0.5465728306038733,1.085958480834961,0.5093705604240919,1.0918948650360107,0.3885957330611185,1.091015338897705,0.3450348168334732,1.127959966659546,0.2741768877585787,1.618303298950195,0.3975872287875689,1.1446890830993652,0.3645278754842425,0.371326208114624,0.968,0.946387767791748,8054,0.9182205200195312,0.0,0.9159841537475586,0.0307408882556243,0.064504861831665,9.171354027642003,0.0055160522460937,0.027937029582804387,13.884732723236084,0.082,0.0030462741851806,0,0,0,['cluster'],"['intersecting','separated','touching']"
figure_ascending_markersize110_n500-d10-c5-spr0.1-out0_pca.png,n500-d10-c5-spr0.1-out0_pca,500,5,110,0.78900628004965,0.3999567031860351,0.7428726481166016,1.1552011966705322,0.6494762853177574,1.6129498481750488,0.7878454066342676,0.4203658103942871,0.7530579542489476,1.1566226482391355,0.4274480492441539,1.16569185256958,0.3768777762364877,1.1558551788330078,0.2916026143238133,1.6201865673065186,0.4349734821881194,1.1778483390808103,0.3963783125120992,1.1673946380615234,0.2931249765369073,1.2000727653503418,0.2524847978683072,0.426055908203125,0.1880071384858219,1.687711477279663,0.3004178604221312,1.2583653926849363,0.2689787587703068,1.1721305847167969,0.916,0.9983723163604736,20932,0.9484202861785888,0.0,0.1183454990386962,0.0307408882556243,0.0645837783813476,9.171354027642003,0.0053737163543701,-,15.0,0.082,0.0029921531677246,0,0,0,['cluster'],"['intersecting','separated','touching']"
figure_ascending_markersize160_n500-d10-c5-spr0.1-out0_pca.png,n500-d10-c5-spr0.1-out0_pca,500,5,160,0.7188069005923833,1.207343578338623,0.6669636666292768,1.2197091579437256,0.5559625898142826,1.7473740577697754,0.7167161311643475,1.2672326564788818,0.6786832193090467,1.2628846168518066,0.3692701026197723,0.4453155994415283,0.3202868118144397,1.2455410957336426,0.2356577884972915,1.686185598373413,0.3750128936461813,1.2376515865325928,0.3379432005026835,1.2538812160491943,0.2484536561614774,1.2697937488555908,0.210744994760488,0.460808515548706,0.1495170489383503,1.7080013751983645,0.2539426225782211,1.2617809772491455,0.2249864145580689,1.2682876586914062,0.842,1.0503737926483154,34197,0.1520345211029052,0.0,0.9700515270233154,0.0307408882556243,0.0638549327850341,9.171354027642003,0.0056281089782714,-,15.0,0.082,0.0029754638671875,0,0,0,['cluster'],"['intersecting','separated','touching']"
figure_descending_markersize10_n500-d10-c5-spr0.1-out0_pca.png,n500-d10-c5-spr0.1-out0_pca,500,5,10,0.938577003505126,0.3438718318939209,0.9500308853745616,1.1761589050292969,0.9682998543288088,0.7772171497344971,0.9399100354561644,1.149207592010498,0.9452738743946352,1.1212868690490725,0.8167971300381832,1.1851882934570312,0.8133252321731049,1.1774933338165283,0.8008410652459652,0.7919058799743652,0.8220848817725261,1.1490402221679688,0.817751581329313,1.161311388015747,0.7229896079629228,1.184480905532837,0.7110132612559026,1.1877987384796145,0.6827632713309983,0.7818286418914795,0.7305097138757145,1.1809213161468506,0.7205462034840385,1.1753413677215576,0.996,0.9860563278198242,321,0.1250371932983398,0.0,0.9861941337585448,0.0307408882556243,0.064610481262207,9.171354027642003,0.0053849220275878,0.014219076695126934,12.906773805618286,0.082,0.0028932094573974,0,0,37,['cluster'],"['intersecting','separated','touching']"
figure_descending_markersize60_n500-d10-c5-spr0.1-out0_pca.png,n500-d10-c5-spr0.1-out0_pca,500,5,60,0.7836892053450293,0.3829789161682129,0.8115004545647209,1.22887921333313,0.8574197241237331,1.6974940299987793,0.7889359376844711,1.218095302581787,0.802902055078373,1.2312536239624023,0.4859888909716737,0.3821067810058594,0.4753332000485373,1.2242672443389893,0.4350215771055921,1.6747705936431885,0.4951414591124824,1.3268163204193115,0.4828973730634969,0.3826959133148193,0.3521989448087944,1.307410717010498,0.3361017347242391,1.2288429737091064,0.291444657119028,1.6910953521728516,0.3607868454291573,0.3732848167419433,0.3452818301084196,1.2260286808013916,0.968,1.072847843170166,8054,0.1332383155822754,0.0,0.992020845413208,0.0307408882556243,0.0642163753509521,9.171354027642003,0.0054836273193359,-,15.0,0.082,0.0029337406158447,0,0,862,['cluster'],"['intersecting','separated','touching']"
figure_descending_markersize110_n500-d10-c5-spr0.1-out0_pca.png,n500-d10-c5-spr0.1-out0_pca,500,5,110,0.6689775063735561,1.3135082721710205,0.7045831139459224,0.4069812297821045,0.7786252243919785,1.7326843738555908,0.6728130825565315,1.3432087898254397,0.6927467054198406,1.2797749042510986,0.3688593590851149,0.4036242961883545,0.3606007594339949,1.2752702236175537,0.3259161462797282,1.7428245544433594,0.3761696270864633,1.2974910736083984,0.3661919437238727,0.402512788772583,0.2546277174093893,1.3027994632720947,0.242305524658322,1.2984216213226318,0.2060906871626393,0.8509173393249512,0.2610656965389858,1.307673692703247,0.2488746173237732,1.297776699066162,0.916,1.1596019268035889,20932,0.1422960758209228,0.0,1.017589807510376,0.0307408882556243,0.0643887519836425,9.171354027642003,0.0055809020996093,-,15.0,0.082,0.0029277801513671,0,0,2697,['cluster'],"['intersecting','separated','touching']"
figure_descending_markersize160_n500-d10-c5-spr0.1-out0_pca.png,n500-d10-c5-spr0.1-out0_pca,500,5,160,0.5784665707569887,0.4334309101104736,0.6190682091800336,1.353060007095337,0.7204829055224099,1.7559325695037842,0.5812145265389708,1.329905986785889,0.6056387475276745,0.4521131515502929,0.3045969316338741,1.3574953079223633,0.3006153219146907,1.3549413681030271,0.274230377851376,0.8936929702758789,0.3100025879362393,1.3684628009796145,0.3041405169617359,1.4041728973388672,0.206724929039608,1.3793017864227295,0.1985036813522407,0.450432538986206,0.1693428465406948,1.8043959140777588,0.2113707337128,1.3721749782562256,0.2030556423267256,1.3397963047027588,0.842,0.213343858718872,34197,1.0873746871948242,0.0,1.0936925411224363,0.0307408882556243,0.062859296798706,9.171354027642003,0.0054631233215332,-,15.0,0.082,0.0030219554901123,1,0,5243,['cluster'],"['intersecting','separated','touching']"
figure_category_based_markersize10_white_ballance_umap.png,white_ballance_umap,5473,5,10,0.5152345980889215,0.5248394012451172,0.5037730536797804,1.4722330570220947,0.8398381358437641,1.972100019454956,0.5110774018523137,1.577949047088623,0.5219344925171562,0.8081185817718506,0.1972251669773917,1.516432285308838,0.2069432718523002,1.5815176963806152,0.2188178913701221,1.0006957054138184,0.1947616958815682,1.514868974685669,0.1955193107555758,1.7476468086242676,0.1219537447368505,0.5457634925842285,0.1302174303860209,1.479048252105713,0.125797005687586,1.9954593181610107,0.1203035178446132,0.5649726390838623,0.1202903417429567,1.724752426147461,0.3418600401973323,1.2578117847442627,17411,0.2180609703063964,0.189475607527864,1.2237694263458252,0.0300292814655094,0.6440417766571045,0.8966981056731163,0.0503292083740234,-,15.0,0.4752420975698885,0.0237627029418945,2,0,5315,['three_order'],['intersecting']
figure_category_based_markersize60_white_ballance_umap.png,white_ballance_umap,5473,5,60,0.2881585382603945,1.8876268863677976,0.3022942314659125,0.8336620330810547,0.5512651674169722,2.3000946044921875,0.2782288636125538,1.8953478336334229,0.2842846155379375,1.1096763610839844,0.1368812840726443,1.8517653942108157,0.1505551369110218,1.8437650203704836,0.1588026456784911,1.365546464920044,0.1324618002796869,1.869672775268555,0.1330606419689853,2.124800443649292,0.0897594401990689,0.8770954608917236,0.1002392265004746,1.8244116306304927,0.0927623169926834,2.3012969493865967,0.0869222882148932,0.8635251522064209,0.0868572845439341,2.088735342025757,0.1141969669285583,1.3360872268676758,43357,0.3120217323303222,0.189475607527864,1.230210304260254,0.0300292814655094,0.6413512229919434,0.8966981056731163,0.0517680644989013,-,15.0,0.4752420975698885,0.0238115787506103,22,0,66508,['three_order'],['intersecting']
figure_category_based_markersize110_white_ballance_umap.png,white_ballance_umap,5473,5,110,0.2287990224544474,1.2730097770690918,0.2526213104867573,2.233034610748291,0.4285306991806472,2.7424304485321045,0.2182724285040654,1.276146650314331,0.221910007502612,2.5264391899108887,0.1233839575988604,2.277441501617432,0.1408642433464291,1.3515219688415527,0.1435745801070856,2.7350478172302246,0.1182395310485803,2.2880423069000244,0.1187379929626754,1.4842159748077393,0.084467202182869,2.312544345855713,0.0976603221811309,1.2717900276184082,0.0862330089691114,2.7119741439819336,0.081080734384053,2.2988007068634038,0.0810538483292179,2.524813175201416,0.0884341311894756,0.4609291553497314,53841,1.5778398513793943,0.189475607527864,0.2027318477630615,0.0300292814655094,0.6431505680084229,0.8966981056731163,0.0518834590911865,-,15.0,0.4752420975698885,0.0242061614990234,64,0,165905,['three_order'],['intersecting']
figure_category_based_markersize160_white_ballance_umap.png,white_ballance_umap,5473,5,160,0.2019246663145545,1.9433934688568115,0.231546718838068,1.939950704574585,0.3624329677886315,2.432062149047852,0.1912748130941476,1.974086046218872,0.1937005860301391,2.2074220180511475,0.1165133528707478,2.0372674465179443,0.1365360415700317,1.94230055809021,0.1337022362924506,2.482074737548828,0.1109291629103108,2.007123708724976,0.1112817221799918,2.3630824089050293,0.0818794775349779,2.0574259757995605,0.0968113808036559,1.94479775428772,0.0819706933258515,2.4675188064575195,0.0781161869996774,2.142256498336792,0.0780652533171871,2.2896523475646973,0.078019367805591,0.8818528652191162,60939,0.7851037979125977,0.189475607527864,0.5711171627044678,0.0300292814655094,0.6504936218261719,0.8966981056731163,0.0543770790100097,-,15.0,0.4752420975698885,0.025641918182373,89,0,283401,['three_order'],['intersecting']
figure_ascending_markersize10_white_ballance_umap.png,white_ballance_umap,5473,5,10,0.5809382133581661,1.001881122589111,0.5898704747561982,0.9020495414733888,0.3247666274163002,1.3704345226287842,0.5962483938153157,0.909292459487915,0.5911362611186552,1.16532301902771,0.2062397617277817,0.9335293769836426,0.2254008066603666,0.9300308227539062,0.1490468707123557,1.408840894699097,0.2027273201792423,0.9465923309326172,0.2014836896899364,1.295680046081543,0.1253745938086069,1.0067157745361328,0.1393185457313368,0.9535949230194092,0.096716816009475,1.4292714595794678,0.1221252453367806,1.0184998512268066,0.1214372666645838,1.2568304538726809,0.3418600401973323,0.6419970989227295,17411,0.4029493331909179,0.189475607527864,0.5479788780212402,0.0300292814655094,0.6438517570495605,0.8966981056731163,0.0533158779144287,-,15.0,0.4752420975698885,0.0241932868957519,4,0,0,['three_order'],['intersecting']
figure_ascending_markersize60_white_ballance_umap.png,white_ballance_umap,5473,5,60,0.3449373991670516,1.1580469608306885,0.4128317544223813,1.4930050373077393,0.1109867845092267,1.6396160125732422,0.3574447896757144,1.3348703384399414,0.3459714464957,1.5666747093200684,0.1491444225137561,1.3245749473571775,0.1847699164989649,1.3642756938934326,0.0666212132330581,1.835824012756348,0.1430396027220467,1.4044995307922363,0.140440782074539,1.449225902557373,0.095140742045642,1.3293755054473877,0.1190195840678479,1.3353734016418457,0.0475955076410631,2.007094383239746,0.089409395470548,1.2492704391479492,0.0881021115958,1.5576550960540771,0.1141969669285583,0.7481060028076172,43357,0.7591745853424072,0.189475607527864,0.4303562641143799,0.0300292814655094,0.6492490768432617,0.8966981056731163,0.0536613464355468,-,15.0,0.4752420975698885,0.0246546268463134,33,0,0,['three_order'],['intersecting']
figure_ascending_markersize110_white_ballance_umap.png,white_ballance_umap,5473,5,110,0.2816778163542802,1.770970344543457,0.3741869145266161,1.6670942306518557,0.0608044876082873,2.0537476539611816,0.2903365688133841,1.787572145462036,0.2762753725156113,1.8189246654510496,0.1385187435275203,1.7732000350952148,0.1855869083594646,1.6375682353973389,0.0416114435599124,2.044319868087769,0.1312220653292634,1.7906696796417236,0.1276282930530535,1.8558006286621092,0.091841500101802,1.5524978637695312,0.1233934017690996,1.8458561897277832,0.0316280071635308,2.092167377471924,0.0847668779730604,1.6007592678070068,0.0829811511314901,2.0562984943389893,0.0884341311894756,0.9129652976989746,53841,0.6567785739898682,0.189475607527864,0.4621148109436035,0.0300292814655094,0.6229312419891357,0.8966981056731163,0.0522191524505615,-,15.0,0.4752420975698885,0.024564504623413,48,0,0,['three_order'],['intersecting']
figure_ascending_markersize160_white_ballance_umap.png,white_ballance_umap,5473,5,160,0.2533252453290778,2.199838399887085,0.3584495060621017,2.1869702339172363,0.0380609642866418,2.4677562713623047,0.2588800954813304,1.9572291374206543,0.2438012628172023,2.1995062828063965,0.1329623326298808,1.925920009613037,0.1862898759030203,2.457692861557007,0.0279469601503992,2.5041961669921875,0.1254232632337508,1.7382850646972656,0.121116455490454,2.5509636402130127,0.0901358922121431,1.9939725399017332,0.1258468982976068,2.094052314758301,0.0220796875852073,2.519650936126709,0.082759444922731,1.980832815170288,0.0805715338236943,2.256033182144165,0.078019367805591,1.1242563724517822,60939,0.8084659576416016,0.189475607527864,0.8591957092285156,0.0300292814655094,0.650334358215332,0.8966981056731163,0.0545337200164794,-,15.0,0.4752420975698885,0.0246939659118652,52,0,0,['three_order'],['intersecting']
figure_descending_markersize10_white_ballance_umap.png,white_ballance_umap,5473,5,10,0.4586055074844158,1.3424224853515625,0.3372945310929576,1.090702772140503,1.1195357391886562,1.332247972488403,0.4822331655220622,1.111042022705078,0.50395247417095,1.6444392204284668,0.1825110933746624,0.8254966735839844,0.16127005879326,1.3161184787750244,0.2440943462015578,1.2885363101959229,0.1875076253711944,1.3854308128356934,0.190627480118237,1.398726224899292,0.1139248693766108,0.8353304862976074,0.1059682351529807,1.0973045825958252,0.1369801888448207,1.597883939743042,0.116379924804318,1.1416983604431152,0.1175453796118455,1.36716628074646,0.3418600401973323,0.910857915878296,17411,0.5513665676116943,0.189475607527864,0.5114805698394775,0.0300292814655094,0.6490483283996582,0.8966981056731163,0.05277681350708,-,15.0,0.4752420975698885,0.0243160724639892,5,0,6925,['three_order'],['intersecting']
figure_descending_markersize60_white_ballance_umap.png,white_ballance_umap,5473,5,60,0.2251834846364604,1.7951924800872805,0.1412442221196814,1.1841199398040771,1.2296502698611933,1.911120176315308,0.2435389270268213,1.46286940574646,0.2625468308110792,1.710796356201172,0.1127908489961586,1.4708685874938965,0.0856260574502036,1.192333459854126,0.2087516350969956,1.9680731296539309,0.1191221204274298,1.5077309608459473,0.1240708763973157,1.7512822151184082,0.0752382496464402,1.162205696105957,0.0614347213552894,1.5724101066589355,0.1140572879369238,2.048900365829468,0.0788433790884373,1.1924002170562744,0.0812283406186142,1.7336385250091553,0.1141969669285583,1.082972764968872,43357,0.680333137512207,0.189475607527864,0.5698490142822266,0.0300292814655094,0.6510863304138184,0.8966981056731163,0.0537943840026855,-,15.0,0.4752420975698885,0.0248913764953613,37,0,82305,['three_order'],['intersecting']
figure_descending_markersize110_white_ballance_umap.png,white_ballance_umap,5473,5,110,0.1671688091219082,1.817267656326294,0.1001679577876731,1.5812580585479736,1.254617121938136,2.3564822673797607,0.1826160299554881,1.5296838283538818,0.1993897519009501,2.091815948486328,0.0949762303709657,1.8286311626434328,0.067676801503353,1.9219255447387693,0.2085422500184461,2.0009188652038574,0.1013518718634781,1.856173276901245,0.1073373714471589,2.1535732746124268,0.0663309294247419,1.5323114395141602,0.0511012533410522,1.962491750717163,0.1137226009475207,2.031768083572388,0.0701396971300257,1.9142892360687256,0.0734347216362631,1.806957960128784,0.0884341311894756,1.278528928756714,53841,0.8206849098205566,0.189475607527864,0.6552290916442871,0.0300292814655094,0.6487016677856445,0.8966981056731163,0.053725242614746,-,15.0,0.4752420975698885,0.0245711803436279,72,0,203379,['three_order'],['intersecting']
figure_descending_markersize160_white_ballance_umap.png,white_ballance_umap,5473,5,160,0.141150722939699,2.183357954025269,0.0821894478817089,2.388786554336548,1.2325431209058155,2.3770527839660645,0.1552147864839943,2.235406875610352,0.1707947718978197,2.1243391036987305,0.0856466395790684,2.209184408187866,0.0585791658957938,2.41867995262146,0.2083194961591661,2.556758403778076,0.0918939839852214,2.2566394805908203,0.0984626333476612,2.1306848526000977,0.0614736314935462,2.234510898590088,0.0455066313342241,1.990323781967163,0.1137746124787514,2.7294299602508545,0.0652676535196041,1.8724074363708496,0.0691692374656796,2.492634057998657,0.078019367805591,0.9402732849121094,60939,0.9495673179626464,0.189475607527864,0.6763317584991455,0.0300292814655094,0.6470596790313721,0.8966981056731163,0.052321434020996,-,15.0,0.4752420975698885,0.0242869853973388,103,0,343924,['three_order'],['intersecting']
figure_category_based_markersize10_grid6_5d_tsne.png,grid6_5d_tsne,7776,32,10,0.7038065996583422,1.5048987865447998,0.799908457376066,1.5157411098480225,1.0102874982870709,4.202012300491333,0.6760752896945812,1.1437456607818604,0.701774584998704,1.499450445175171,0.2158441456724115,1.1332430839538574,0.2165970412682568,1.5164852142333984,0.209240276263481,4.215007781982422,0.2102131468254421,1.5536530017852783,0.2107854746617258,1.5375514030456543,0.1274680977470668,1.164010763168335,0.1252568795998667,1.1408824920654297,0.1167055613061242,4.218350410461426,0.1244550796610217,1.6090328693389893,0.1240177661199334,1.11090350151062,0.5882201646090535,1.6464202404022217,45745,0.2923519611358642,0.0028292181069958,1.2220511436462402,0.0304957962517204,0.8924119472503662,0.7331904088498079,0.0751740932464599,-,15.0,0.7305812757201646,0.1506600379943847,0,0,1926,['cluster'],['intersecting']
figure_category_based_markersize60_grid6_5d_tsne.png,grid6_5d_tsne,7776,32,60,0.3775144740060921,2.224947929382324,0.4488947899927672,1.61620831489563,0.8315884401707336,4.637713432312012,0.3575544082305744,1.642778396606445,0.3756129115733883,2.041566848754883,0.1396319987492594,1.6249244213104248,0.1473388878445793,1.5978596210479736,0.1662833258686411,5.27594518661499,0.1361054984526405,1.6778779029846191,0.138390235566889,1.5834054946899414,0.0856570716273168,1.6283082962036133,0.0881332508709801,2.1280579566955566,0.0923775048481683,4.738518953323364,0.0840498136065074,1.671370029449463,0.0848207257673802,1.61596417427063,0.237011316872428,1.0780198574066162,168556,0.9973881244659424,0.0028292181069958,0.8685476779937744,0.0304957962517204,0.8648321628570557,0.7331904088498079,0.0749461650848388,-,15.0,0.7305812757201646,0.1459569931030273,70,0,38684,['cluster'],['intersecting']
figure_category_based_markersize110_grid6_5d_tsne.png,grid6_5d_tsne,7776,32,110,0.2576271182401828,2.6206393241882324,0.294214256483297,2.14188289642334,0.5267815342569986,5.2444915771484375,0.2447241781480482,2.1929373741149902,0.2548166116178227,2.1174800395965576,0.1165167537345581,2.7172892093658447,0.1229191202765315,2.1790993213653564,0.1461775075873419,5.261514186859131,0.1134310891922123,2.254425048828125,0.1154277294552212,2.0748450756073,0.0752823017405399,2.1859076023101807,0.0776881372269545,2.188165664672852,0.0848631662620762,5.881756067276001,0.07382461527048,2.214963674545288,0.0746131227762716,2.1523373126983643,0.1060956790123456,1.2092556953430176,203423,1.217581272125244,0.0028292181069958,0.9630179405212402,0.0304957962517204,0.8730182647705078,0.7331904088498079,0.0741431713104248,-,15.0,0.7305812757201646,0.1470091342926025,161,0,135994,['cluster'],['intersecting']
figure_category_based_markersize160_grid6_5d_tsne.png,grid6_5d_tsne,7776,32,160,0.212881921526873,3.215449810028076,0.2367347853223513,2.728638172149658,0.3904585292327432,5.806925296783447,0.2025495375481059,2.735146760940552,0.2093217615129859,2.646085500717163,0.1059368365737657,2.6569578647613525,0.1110764207762514,2.6645848751068115,0.1324160378879965,5.723577737808228,0.1030073228108934,2.702054023742676,0.1046389707265057,2.651346206665039,0.0705132364477605,2.689178943634033,0.0725611194261975,2.7190072536468506,0.0797268928806481,5.078717947006226,0.0690653930191071,3.373412847518921,0.0697544462810493,2.656221389770508,0.0758744855967078,0.6783044338226318,217984,1.4177491664886477,0.0028292181069958,1.064784049987793,0.0304957962517204,0.8699753284454346,0.7331904088498079,0.0748219490051269,-,15.0,0.7305812757201646,0.1492097377777099,221,0,269426,['cluster'],['intersecting']
figure_ascending_markersize10_grid6_5d_tsne.png,grid6_5d_tsne,7776,32,10,0.7341825032215517,0.69930100440979,0.8044844109322248,0.7039756774902344,0.9399614757184434,4.998556852340698,0.7576956608902428,1.4054112434387207,0.7694774595785887,0.6469326019287109,0.2199629142112684,1.3441123962402344,0.2179072595817781,1.3587357997894287,0.1932355814464573,4.50376558303833,0.2195007443555556,0.7219808101654053,0.2178014176312923,1.304293155670166,0.1293597022757522,2.029439926147461,0.1260210174126574,0.6902117729187012,0.1076868218315726,4.44468879699707,0.1283401272126445,2.031632423400879,0.1268537541913013,0.6448342800140381,0.5882201646090535,1.3781042098999023,45745,1.0466349124908447,0.0028292181069958,0.9751801490783693,0.0304957962517204,0.8649182319641113,0.7331904088498079,0.0738592147827148,-,15.0,0.7305812757201646,0.145975112915039,0,0,0,['cluster'],['intersecting']
figure_ascending_markersize60_grid6_5d_tsne.png,grid6_5d_tsne,7776,32,60,0.4156564269251879,1.9235029220581052,0.4663343207290796,1.1650238037109375,0.6337295643155353,4.931517124176025,0.4413683589538439,2.6058695316314697,0.4496755337182112,1.100646734237671,0.1474355373154583,1.861177921295166,0.1513594856627302,1.8879544734954836,0.1286632393431883,5.010248422622681,0.1492697918995948,1.864718198776245,0.1488136995844475,1.820908546447754,0.0896104128045219,1.9134600162506104,0.090340836797917,2.056654691696167,0.071599923550278,5.020510911941528,0.0898240408066831,1.875494241714477,0.0891599574538614,1.9181435108184812,0.237011316872428,1.2918617725372314,168556,0.4177384376525879,0.0028292181069958,1.0618665218353271,0.0304957962517204,0.8778977394104004,0.7331904088498079,0.0736525058746337,-,15.0,0.7305812757201646,0.1459555625915527,55,0,0,['cluster'],['intersecting']
figure_ascending_markersize110_grid6_5d_tsne.png,grid6_5d_tsne,7776,32,110,0.2943534530247694,1.5834767818450928,0.3125805251183055,2.576537132263184,0.3371539666058001,5.531325578689575,0.3134832716862755,2.490436553955078,0.313765333581433,2.311490058898926,0.1270825093033859,2.413301944732666,0.1286498501840153,1.7316040992736816,0.0954069974206808,5.515373945236206,0.129152783240646,2.371492385864258,0.1277136039512787,2.361401319503784,0.08103379218294,2.471987009048462,0.0809920052612118,2.4347949028015137,0.0555653750643621,5.567619323730469,0.081330088238096,1.6653804779052734,0.0801735364718752,2.331537961959839,0.1060956790123456,1.4186816215515137,203423,1.4631435871124268,0.0028292181069958,0.268341064453125,0.0304957962517204,0.866863489151001,0.7331904088498079,0.0740253925323486,-,15.0,0.7305812757201646,0.1459188461303711,110,0,0,['cluster'],['intersecting']
figure_ascending_markersize160_grid6_5d_tsne.png,grid6_5d_tsne,7776,32,160,0.249022900370762,2.111291646957397,0.2551625368636662,2.1796517372131348,0.2167051947033677,6.011873245239258,0.2652233984164922,2.099869966506958,0.2621305825046034,2.79247784614563,0.1181057298477169,2.9431302547454834,0.1177861782558952,3.046596050262451,0.0747323866751009,6.018885850906372,0.1201131223124637,2.085725784301758,0.1179217067180269,2.8283231258392334,0.0774096591809726,2.9822020530700684,0.0765646930736773,2.989166259765625,0.0451516298232329,5.205085515975952,0.0776363541972313,2.848994731903076,0.0760715826169716,2.7842514514923096,0.0758744855967078,1.570099115371704,217984,0.6917355060577393,0.0028292181069958,1.1969444751739502,0.0304957962517204,0.8675060272216797,0.7331904088498079,0.0750098228454589,-,15.0,0.7305812757201646,0.1437687873840332,151,0,0,['cluster'],['intersecting']
figure_descending_markersize10_grid6_5d_tsne.png,grid6_5d_tsne,7776,32,10,0.6939860871489565,0.681887149810791,0.7783138638287534,0.6819076538085938,1.0399637266670885,4.645010948181152,0.6746043857065508,1.5506558418273926,0.7006706784225667,1.483804702758789,0.2134597044032354,0.6869823932647705,0.2133965427958084,1.5065999031066897,0.2232339391469849,4.576031684875488,0.2092860152983096,0.7027616500854492,0.2102986854335847,1.467381477355957,0.1261272815911919,1.5296266078948977,0.1236492196004255,1.525681972503662,0.1250368989280942,3.691409349441528,0.1238551147697859,1.5406179428100586,0.1237152338291066,1.482804298400879,0.5882201646090535,1.5386717319488523,45745,0.2828333377838135,0.0028292181069958,1.1507859230041504,0.0304957962517204,0.8674554824829102,0.7331904088498079,0.0745980739593505,-,15.0,0.7305812757201646,0.1498157978057861,0,0,1954,['cluster'],['intersecting']
figure_descending_markersize60_grid6_5d_tsne.png,grid6_5d_tsne,7776,32,60,0.3433482566674549,1.112795114517212,0.4166811640955243,2.0098986625671387,1.086108401778017,5.062596321105957,0.3274569411001292,1.125136375427246,0.3503122647939938,1.9341320991516116,0.1315254256146183,2.0099804401397705,0.141195823260479,1.1182668209075928,0.2043898221268519,4.968416213989258,0.1294026677235955,2.0176548957824707,0.1337205193122367,1.9618616104125977,0.0813425385274709,1.1386032104492188,0.0849992589680442,2.034520149230957,0.1128094619826109,5.113223075866699,0.0806334871181839,2.056226968765259,0.0826311635137535,1.0521433353424072,0.237011316872428,1.4744889736175537,168556,1.4022586345672607,0.0028292181069958,0.2547147274017334,0.0304957962517204,0.857097864151001,0.7331904088498079,0.0752027034759521,-,15.0,0.7305812757201646,0.1459016799926757,62,0,53498,['cluster'],['intersecting']
figure_descending_markersize110_grid6_5d_tsne.png,grid6_5d_tsne,7776,32,110,0.2183213416968243,2.493740558624268,0.2717596342633516,1.5929532051086426,0.8092913816612127,5.662344932556152,0.2081392669824753,2.548166275024414,0.2256381758604491,1.51344895362854,0.1041839001465176,2.545424461364746,0.1161690953267172,2.588059902191162,0.1984928715933555,5.604688405990601,0.1023974894132981,1.5937683582305908,0.107751922936766,2.49083948135376,0.0684162067882175,1.6042559146881104,0.0738740097431048,2.566225528717041,0.1131185928702729,5.63548469543457,0.0679013236297009,2.5341241359710693,0.0707750171449487,1.5306739807128906,0.1060956790123456,1.6253252029418943,203423,0.5633566379547119,0.0028292181069958,1.347745418548584,0.0304957962517204,0.8621599674224854,0.7331904088498079,0.0733754634857177,-,15.0,0.7305812757201646,0.1445388793945312,147,0,203476,['cluster'],['intersecting']
figure_descending_markersize160_grid6_5d_tsne.png,grid6_5d_tsne,7776,32,160,0.1720982796963572,2.007294178009033,0.2180732467029624,2.1536314487457275,0.6491246895515153,5.169487953186035,0.1644968859263867,3.0364696979522705,0.1798254954591533,2.982393980026245,0.0910351834206737,2.058840036392212,0.1041412439098472,3.14658522605896,0.1918318345935242,6.266335487365723,0.089606851777092,2.09317684173584,0.0953886770252622,2.994800567626953,0.0618854214960132,2.0433030128479004,0.0684037954507497,3.1521518230438232,0.1125459196616665,6.161630153656006,0.0615741581467391,2.024078130722046,0.0649101866042174,2.942453384399414,0.0758744855967078,0.6586806774139404,217984,1.809102296829224,0.0028292181069958,1.4362733364105225,0.0304957962517204,0.8603317737579346,0.7331904088498079,0.0723075866699218,-,15.0,0.7305812757201646,0.1456611156463623,177,0,408246,['cluster'],['intersecting']
figure_category_based_markersize10_grid10_3d_umap.png,grid10_3d_umap,1000,8,10,0.9915893006540888,0.3635816574096679,0.9926602456302176,0.3679571151733398,1.0009856225702871,2.140687227249145,0.9902572863048048,0.3786783218383789,0.9911901288895963,1.427644968032837,0.8150925754342149,0.3769783973693847,0.8161748607756435,1.4201436042785645,0.8177989878545681,1.0878138542175293,0.8225685339959546,1.4170358180999756,0.822051420163626,1.4196898937225342,0.6919328362296173,0.3611698150634765,0.6929712746211197,1.403331279754639,0.6912888086663245,2.1470494270324707,0.703447705775458,0.3676440715789795,0.7022227033331889,1.4466464519500732,0.994,0.1962311267852783,682,1.2933571338653564,0.0,0.1319329738616943,0.0303422353532555,0.1131441593170166,6.230212813857492,0.0106022357940673,-,15.0,0.202,0.0086019039154052,0,0,8,['cluster'],['intersecting']
figure_category_based_markersize60_grid10_3d_umap.png,grid10_3d_umap,1000,8,60,0.8338841422572909,1.524284839630127,0.8561982541237978,0.4352481365203857,0.9792082302957426,2.2265124320983887,0.8599318117220126,0.4333765506744385,0.8699349878253763,1.489717721939087,0.4058497953142828,1.5191667079925537,0.4052927023862746,0.4380669593811035,0.4094972754757646,2.2480876445770264,0.4226092620207193,0.4331803321838379,0.4199496334229979,1.4963419437408447,0.2681882477729743,1.5746848583221436,0.265480754195785,0.4349093437194824,0.2588792922721719,2.2450289726257324,0.280141781864006,0.4363484382629394,0.2767810053010542,1.534109354019165,0.983,0.3647878170013428,20734,1.2776565551757812,0.0,0.1285521984100341,0.0303422353532555,0.1108593940734863,6.230212813857492,0.0096299648284912,-,15.0,0.202,0.0086920261383056,0,0,150,['cluster'],['intersecting']
figure_category_based_markersize110_grid10_3d_umap.png,grid10_3d_umap,1000,8,110,0.6864784513451492,1.6094682216644287,0.7115558754006392,1.6161181926727295,0.8950237571136954,1.2003679275512695,0.7403057414700365,1.613744020462036,0.7492435123319252,0.499345064163208,0.2835543377089398,1.609288215637207,0.2799220656903869,0.5046541690826416,0.2796185984260499,2.3214271068573,0.3033641114011882,1.632948875427246,0.2980720780235901,0.5032010078430176,0.1786795339755372,1.6443662643432615,0.1742319696288676,0.5066325664520264,0.16569153695616,2.3417930603027344,0.1907689062263001,1.642313003540039,0.1860428106893631,0.5017504692077637,0.96,1.604517698287964,55101,0.1693332195281982,0.0,1.2992699146270752,0.0303422353532555,0.1132111549377441,6.230212813857492,0.010124921798706,-,15.0,0.202,0.0089118480682373,0,0,389,['cluster'],['intersecting']
figure_category_based_markersize160_grid10_3d_umap.png,grid10_3d_umap,1000,8,160,0.5857078749417567,0.5725109577178955,0.6114095052978131,1.750077247619629,0.8170248511436725,1.282156467437744,0.6528521038756463,1.7118914127349854,0.6615092438241508,0.5858299732208252,0.2327014101127562,1.8449139595031736,0.2285236476708287,0.5714340209960938,0.2280639161871754,2.4131336212158203,0.2534587205678624,1.723668336868286,0.247828018752822,0.5643632411956787,0.1451933166871433,1.7295899391174316,0.1405231640226855,0.5715162754058838,0.1325289978150508,2.4373815059661865,0.1572551852051845,1.791518211364746,0.1524757984992377,0.5638134479522705,0.911,1.594557762145996,87157,0.1848824024200439,0.0,1.341374158859253,0.0303422353532555,0.113483190536499,6.230212813857492,0.0103986263275146,-,15.0,0.202,0.0084896087646484,0,0,896,['cluster'],['intersecting']
figure_ascending_markersize10_grid10_3d_umap.png,grid10_3d_umap,1000,8,10,0.9919538767159688,0.3615226745605469,0.9927954878680584,1.5918009281158447,1.000282171529267,1.073221206665039,0.9918316008540752,1.5297162532806396,0.993295735172035,1.5431122779846191,0.8168976155501243,0.361907958984375,0.8166423575676492,1.5606727600097656,0.8124223965303075,1.0730834007263184,0.8249884006306625,1.5604805946350098,0.8241019963355831,0.3551151752471924,0.6943596549176174,1.555497169494629,0.6935795424998312,0.3748528957366943,0.6839684781561082,2.266520977020264,0.7061943224471934,0.3664119243621826,0.7041586324943521,1.5539186000823977,0.994,0.1862051486968994,682,1.3572309017181396,0.0,1.367976427078247,0.0303422353532555,0.1127300262451171,6.230212813857492,0.0101902484893798,-,15.0,0.202,0.0084192752838134,0,0,0,['cluster'],['intersecting']
figure_ascending_markersize60_grid10_3d_umap.png,grid10_3d_umap,1000,8,60,0.8458470169642931,0.4284963607788086,0.8661594068188576,1.675503492355347,0.9468142904416714,2.390702962875366,0.8782390628902501,0.4289040565490722,0.8849428535240276,1.6393365859985352,0.415263167142497,0.4247255325317383,0.409024298560351,1.6528599262237549,0.386225197771207,1.1523776054382324,0.4343655865133673,1.656982660293579,0.4270867923034123,0.4253139495849609,0.2751806778748892,1.64823579788208,0.2677259217649046,0.4327466487884521,0.2425916915639848,2.349938154220581,0.2885358200011703,1.6766209602355957,0.281462399569546,0.4182944297790527,0.983,1.6548733711242676,20734,0.1584475040435791,0.0,0.1310288906097412,0.0303422353532555,0.113286018371582,6.230212813857492,0.0103862285614013,-,15.0,0.202,0.0088951587677001,0,0,0,['cluster'],['intersecting']
figure_ascending_markersize110_grid10_3d_umap.png,grid10_3d_umap,1000,8,110,0.7051763183611572,1.743565320968628,0.7266805412916665,0.5064518451690674,0.8407304113870264,2.4420604705810547,0.7642718003212816,0.4920792579650879,0.7669894831013292,1.7366371154785156,0.2942007519082396,1.823164701461792,0.2833496660871401,0.5025656223297119,0.2553737047694649,2.475595235824585,0.3157259980848241,0.5001959800720215,0.3049021234006718,1.791459083557129,0.1858738097497249,0.5039277076721191,0.1759851962330728,1.7914445400238037,0.150552120664737,1.2103586196899414,0.1989585873882782,0.5012083053588867,0.1902702206075661,1.73466157913208,0.96,1.712144136428833,55101,0.1731812953948974,0.0,0.1335780620574951,0.0303422353532555,0.1143550872802734,6.230212813857492,0.01023530960083,-,15.0,0.202,0.0084216594696044,0,0,0,['cluster'],['intersecting']
figure_ascending_markersize160_grid10_3d_umap.png,grid10_3d_umap,1000,8,160,0.6119926390349006,0.5666372776031494,0.6293328956781583,0.5817792415618896,0.7414864917198476,2.5269954204559326,0.6843602747849078,1.8427834510803225,0.6820468196498368,0.5646116733551025,0.2449014306044843,0.5660290718078613,0.2317864438605601,1.8081865310668943,0.2018473250575698,2.566099166870117,0.2670168290204598,0.5664701461791992,0.2548805052926455,1.8841235637664795,0.1530797114129574,0.5732283592224121,0.1420525539338634,1.8833904266357424,0.1168246564579637,1.2886021137237549,0.1658664730563928,1.901355504989624,0.1567241071132833,0.5655300617218018,0.911,0.4039909839630127,87157,1.5221540927886963,0.0,0.1319708824157714,0.0303422353532555,0.1119680404663086,6.230212813857492,0.0101943016052246,-,15.0,0.202,0.0086119174957275,0,0,0,['cluster'],['intersecting']
figure_descending_markersize10_grid10_3d_umap.png,grid10_3d_umap,1000,8,10,0.9888987996563764,0.7203340530395508,0.9914626503822724,0.6301751136779785,1.002739759905013,1.4194352626800537,0.9870971711489046,0.6878082752227783,0.9886046902972538,0.6160266399383545,0.811492209182766,0.6893830299377441,0.8147891899014579,0.6129395961761475,0.8249729096343043,1.485168695449829,0.8188736956182613,0.7599520683288574,0.8195472727991653,0.6530547142028809,0.6880562144207362,0.7460982799530029,0.6915572956011522,0.7997438907623291,0.7007441806799423,1.4218285083770752,0.699639455761614,0.679581880569458,0.6998659387345263,0.8044559955596924,0.994,0.437964916229248,682,0.3956992626190185,0.0,0.3873074054718017,0.0303422353532555,0.1141877174377441,6.230212813857492,0.0096874237060546,-,15.0,0.202,0.008894920349121,0,0,11,['cluster'],['intersecting']
figure_descending_markersize60_grid10_3d_umap.png,grid10_3d_umap,1000,8,60,0.7706880442743381,0.547630786895752,0.8458530747140469,0.907172918319702,1.0466017690762142,1.5540480613708496,0.6779949666483756,0.8994617462158203,0.7283978580473721,0.7929198741912842,0.3827630779935662,0.8188562393188477,0.4010405862501069,0.8307085037231445,0.444010881284409,1.5726828575134275,0.3634639125380812,0.7099511623382568,0.3774759755748154,0.9395065307617188,0.2546069527200933,0.848412275314331,0.2628267326893877,0.8336634635925293,0.2817757961182472,1.5782723426818848,0.2482823604672628,0.709852933883667,0.2547462830065458,0.8284440040588379,0.983,0.6796853542327881,20734,0.4699790477752685,0.0,0.4800856113433838,0.0303422353532555,0.1119511127471923,6.230212813857492,0.0100643634796142,-,15.0,0.202,0.0086791515350341,0,0,1217,['cluster'],['intersecting']
figure_descending_markersize110_grid10_3d_umap.png,grid10_3d_umap,1000,8,110,0.5760889634454887,0.6604835987091064,0.6942858528090035,0.974346399307251,1.083960078586094,1.5206596851348877,0.4570647981647106,0.9562394618988036,0.5211416713818213,0.9691112041473388,0.251695163440474,0.8463616371154785,0.2740149909071196,1.0596990585327148,0.3236131060228406,1.5804505348205566,0.2288496055900936,1.0108447074890137,0.2445819120515785,0.999976634979248,0.1610234106592492,0.8586952686309814,0.1706909384990353,1.0413196086883545,0.190198095060921,1.5759737491607666,0.1526370245777358,1.0166139602661133,0.1597863831365517,0.848639726638794,0.96,0.799109697341919,55101,0.3721325397491455,0.0,0.5234785079956055,0.0303422353532555,0.1054291725158691,6.230212813857492,0.0098340511322021,-,15.0,0.202,0.0086495876312255,0,0,4986,['cluster'],['intersecting']
figure_descending_markersize160_grid10_3d_umap.png,grid10_3d_umap,1000,8,160,0.4631992785383668,0.5603129863739014,0.5913256487065605,1.1241767406463623,1.10729450946251,1.8636322021484373,0.3501161776209371,1.1819939613342283,0.4123782982220235,0.9938037395477296,0.1981426435197184,0.968970537185669,0.2219141531580052,1.1686246395111084,0.2769893328866406,1.7055222988128662,0.1765785698840634,1.0123050212860107,0.19232403652168,1.1934292316436768,0.1260264802763359,1.0070600509643557,0.1365862987165692,0.9957900047302246,0.1582931550284173,1.9141504764556885,0.1180608556001225,0.9840631484985352,0.1254050849275354,1.0240755081176758,0.911,0.8982100486755371,87157,0.4589333534240722,0.0,0.6542625427246094,0.0303422353532555,0.1048321723937988,6.230212813857492,0.0099871158599853,-,15.0,0.202,0.0083308219909667,0,0,10440,['cluster'],['intersecting']
figure_category_based_markersize10_n500-d5-c5-spr0.1-out0_pca.png,n500-d5-c5-spr0.1-out0_pca,500,5,10,0.8448356527316805,0.5511565208435059,0.85647772397308,0.7743730545043945,0.8782897630171241,1.2213821411132812,0.8308013763491181,1.011526346206665,0.8439977110376307,0.7875115871429443,0.8028119998169625,0.8136320114135742,0.7976945430165181,0.8102538585662842,0.7928795830809952,1.023141622543335,0.7912447959829609,1.032029628753662,0.7911992481587049,0.8066706657409668,0.7647709118774398,0.8121891021728516,0.746462132216882,0.812262773513794,0.7226087603484515,1.2523794174194336,0.7552838007164551,1.073390245437622,0.7446177557875873,0.8374507427215576,0.996,0.4120969772338867,269,0.6699798107147217,0.0,0.4062161445617676,0.0307554176696977,0.0769264698028564,9.74663683531368,0.0056846141815185,-,15.0,0.238,0.0028731822967529,0,0,86,['cluster'],['intersecting']
figure_category_based_markersize60_n500-d5-c5-spr0.1-out0_pca.png,n500-d5-c5-spr0.1-out0_pca,500,5,60,0.5642577716904629,1.1346895694732666,0.57123135518156,0.918248414993286,0.5845068563859239,1.0790605545043943,0.5411068836578672,1.1536996364593506,0.5522381695452305,0.911891222000122,0.4535772799926263,0.6541299819946289,0.4340651671314131,1.1644315719604492,0.4004210355157275,1.3389697074890137,0.4405201290309265,0.6390695571899414,0.4297630495230271,1.1700518131256104,0.3791969120452987,0.6615376472473145,0.3500176363210245,0.8900330066680908,0.3045160949693778,1.654820203781128,0.3714677222695076,0.6555838584899902,0.3517517195473186,0.9734735488891602,0.982,0.8094964027404785,7528,0.4533877372741699,0.0,0.4264976978302002,0.0307554176696977,0.0760366916656494,9.74663683531368,0.005242109298706,-,15.0,0.238,0.0030083656311035,0,0,2012,['cluster'],['intersecting']
figure_category_based_markersize110_n500-d5-c5-spr0.1-out0_pca.png,n500-d5-c5-spr0.1-out0_pca,500,5,110,0.4482470130856922,1.03318452835083,0.4544599021305395,0.7083261013031006,0.4628770927353649,1.4420688152313232,0.4268985176993088,0.992595672607422,0.4366809225307616,0.9963424205780028,0.3364540672211465,1.320859670639038,0.3197128033573064,0.7156982421875,0.2864626008470561,1.4665751457214355,0.325816811263483,1.0004472732543943,0.3163337082165679,1.0354387760162354,0.2692924464802581,1.0324575901031494,0.2465969499696517,0.7191672325134277,0.2074123593157391,1.4542608261108398,0.2634392490698439,1.013620138168335,0.2479890806126972,1.020561933517456,0.938,0.5849161148071289,20354,0.8989112377166748,0.0,0.5056192874908447,0.0307554176696977,0.0756022930145263,9.74663683531368,0.0053358078002929,-,15.0,0.238,0.0029530525207519,0,0,6038,['cluster'],['intersecting']
figure_category_based_markersize160_n500-d5-c5-spr0.1-out0_pca.png,n500-d5-c5-spr0.1-out0_pca,500,5,160,0.3950747932531491,0.8030028343200684,0.3984902330803276,1.1215004920959473,0.4024675682262184,1.224600315093994,0.3749955876845279,1.087287664413452,0.3821833950384892,1.0867669582366943,0.283909651454677,0.7764346599578857,0.2677453058900587,1.1139659881591797,0.2346006460790042,1.5839288234710691,0.2744733958110498,1.1265051364898682,0.2649693880636657,0.7944636344909668,0.2215659790640317,1.1382298469543457,0.2016001531261552,1.128387689590454,0.1655504850669181,1.2406463623046875,0.2164510283119171,1.1317057609558103,0.2027781880786566,1.1417465209960938,0.872,0.6159782409667969,33735,0.550635814666748,0.0,0.9142684936523438,0.0307554176696977,0.0757222175598144,9.74663683531368,0.00537109375,-,15.0,0.238,0.0030751228332519,3,0,10720,['cluster'],['intersecting']
figure_ascending_markersize10_n500-d5-c5-spr0.1-out0_pca.png,n500-d5-c5-spr0.1-out0_pca,500,5,10,0.8763648181025272,1.071514368057251,0.8708143135231468,1.062589168548584,0.8445941611115735,1.5177605152130127,0.8794529423331556,0.7084431648254395,0.8723721906774318,0.7126755714416504,0.832213539549189,1.0549468994140625,0.8104495416885782,1.0729022026062012,0.764288741533595,1.150810718536377,0.8363316973954684,1.0820341110229492,0.8165366796495976,0.703277587890625,0.7922975707421471,1.0567727088928225,0.7579112035356459,1.0842750072479248,0.6979285340591559,1.1652162075042725,0.7972414383462476,1.096367597579956,0.7674186399075801,0.7067303657531738,0.996,0.533867597579956,269,0.944190263748169,0.0,0.5478832721710205,0.0307554176696977,0.0717279911041259,9.74663683531368,0.0052907466888427,0.01300446114982749,12.40922498703003,0.238,0.0029728412628173,0,0,0,['cluster'],['intersecting']
figure_ascending_markersize60_n500-d5-c5-spr0.1-out0_pca.png,n500-d5-c5-spr0.1-out0_pca,500,5,60,0.6404134117971991,0.7967593669891357,0.5979330469012174,0.7773935794830322,0.519812705239731,1.6152551174163818,0.6424514652154435,0.7820401191711426,0.6094375671150181,1.2344610691070557,0.5082667495892148,0.7690160274505615,0.4529472354051884,0.7932286262512207,0.3690758192612844,1.6021897792816162,0.5136716714433018,0.7721970081329346,0.4715153168229696,1.1953771114349363,0.4213275499988067,0.7980082035064697,0.3645514143167641,0.7969977855682373,0.2861090403474045,1.6458990573883057,0.4278990433967,0.7985610961914062,0.3844990603576173,1.2378358840942385,0.982,0.6815629005432129,7528,0.6156492233276367,0.0,0.6378915309906006,0.0307554176696977,0.0726191997528076,9.74663683531368,0.0053613185882568,0.025542434163507304,14.758768558502195,0.238,0.0028631687164306,0,0,0,['cluster'],['intersecting']
figure_ascending_markersize110_n500-d5-c5-spr0.1-out0_pca.png,n500-d5-c5-spr0.1-out0_pca,500,5,110,0.5320002491164446,1.259016990661621,0.4837445204183568,0.8293793201446533,0.3931536038547957,1.2952823638916016,0.5365761311753301,0.8241269588470459,0.4983960990041962,1.24861478805542,0.3912531699196986,0.8519904613494873,0.3396026272326066,1.249570608139038,0.2589567670178103,1.3366446495056152,0.3971783023023898,1.3245649337768557,0.3571808641351629,0.8696305751800537,0.3093981575322895,0.8542773723602295,0.2616411288475887,0.8579611778259277,0.1930590710459625,1.7249913215637207,0.3152730865860429,0.851557731628418,0.2783214428767243,1.322847843170166,0.938,0.7240674495697021,20354,0.6580700874328613,0.0,0.6559863090515137,0.0307554176696977,0.0715858936309814,9.74663683531368,0.0054090023040771,-,15.0,0.238,0.0029218196868896,0,0,0,['cluster'],['intersecting']
figure_ascending_markersize160_n500-d5-c5-spr0.1-out0_pca.png,n500-d5-c5-spr0.1-out0_pca,500,5,160,0.4795266305407556,0.9097485542297364,0.4288692421395468,1.3729803562164309,0.3310541783156924,1.366488695144653,0.4855178792946141,0.924562931060791,0.4441973380630241,0.9303958415985109,0.3363899282055347,0.9253036975860596,0.2879046675123318,1.4268944263458252,0.2086292795620101,1.3857059478759766,0.3413231767400456,0.941774606704712,0.3030205205480712,0.9299955368041992,0.2590612298867669,0.9295105934143066,0.2166832731427532,1.4021058082580566,0.152306022946755,1.386338472366333,0.2631653070012851,0.9159867763519288,0.2299399577574838,1.4209589958190918,0.872,0.7578122615814209,33735,0.1594996452331543,0.0,0.6476955413818359,0.0307554176696977,0.0721833705902099,9.74663683531368,0.0052697658538818,-,15.0,0.238,0.0030434131622314,3,0,0,['cluster'],['intersecting']
figure_descending_markersize10_n500-d5-c5-spr0.1-out0_pca.png,n500-d5-c5-spr0.1-out0_pca,500,5,10,0.8107619998810829,0.8667736053466797,0.8419682165761315,1.3431625366210938,0.915042038443614,1.2628791332244873,0.8064378872781134,0.8019437789916992,0.8339755866580413,0.8283722400665283,0.76981512556477,1.338817834854126,0.7832291660705251,0.857464075088501,0.8205997029168884,1.3098540306091309,0.7670296876632046,1.3583087921142578,0.7805386846190072,0.8711645603179932,0.7328053864998796,0.8886439800262451,0.7321513750670848,0.9355063438415528,0.7438284774533379,1.3356146812438965,0.7312935655596855,0.8613874912261963,0.7335373523649374,0.8546147346496582,0.996,0.6750414371490479,269,0.6798431873321533,0.0,0.684293270111084,0.0307554176696977,0.0732860565185546,9.74663683531368,0.0053904056549072,0.013004461149827493,12.422527313232422,0.238,0.002882957458496,0,0,126,['cluster'],['intersecting']
figure_descending_markersize60_n500-d5-c5-spr0.1-out0_pca.png,n500-d5-c5-spr0.1-out0_pca,500,5,60,0.4780156983835597,0.8993232250213623,0.5327244861406322,1.4291999340057373,0.6932287469764725,1.3472824096679688,0.4701579343752711,0.9119441509246826,0.5182302144695761,0.9294826984405518,0.3906393420150228,0.9228465557098388,0.4074567093982442,0.927743911743164,0.4488031305525136,1.358607530593872,0.3858452771835766,0.9023451805114746,0.4019499486353627,0.9265182018280028,0.3302694764101,0.9147131443023682,0.3298855904287654,1.4824864864349363,0.3318101466554716,1.4175090789794922,0.3271737424277391,0.935408353805542,0.3282886800980991,0.9428362846374512,0.982,0.8142623901367188,7528,0.7603580951690674,0.0,0.1251370906829834,0.0307554176696977,0.074150800704956,9.74663683531368,0.0052487850189208,-,15.0,0.238,0.0028998851776123,1,0,3289,['cluster'],['intersecting']
figure_descending_markersize110_n500-d5-c5-spr0.1-out0_pca.png,n500-d5-c5-spr0.1-out0_pca,500,5,110,0.3663032994718452,0.4029476642608642,0.4175284319477639,1.5725090503692627,0.5759233682050431,1.439990520477295,0.3589005716534921,0.9822471141815186,0.403607043080798,0.9873857498168944,0.2789685574434838,0.9882466793060304,0.29379861302701,0.9988105297088624,0.3236388597935269,1.4437026977539062,0.2754796743252757,0.982187271118164,0.2891484382088586,0.9836959838867188,0.2252613178174141,1.0036072731018066,0.2266372364924789,1.0068645477294922,0.2250536217740191,1.4449894428253174,0.2235247880277319,1.5978684425354004,0.2252655558578069,0.4079368114471435,0.938,0.8257255554199219,20354,0.753582239151001,0.0,0.7248671054840088,0.0307554176696977,0.0721578598022461,9.74663683531368,0.0052902698516845,-,15.0,0.238,0.0029070377349853,3,0,9801,['cluster'],['intersecting']
figure_descending_markersize160_n500-d5-c5-spr0.1-out0_pca.png,n500-d5-c5-spr0.1-out0_pca,500,5,160,0.315197949680279,0.4527945518493652,0.3625022218493406,1.0732371807098389,0.5170593038061287,2.1047983169555664,0.3080648436773491,1.0630404949188232,0.3497498484245176,0.4514179229736328,0.229546198643229,1.6569411754608154,0.2419932281626501,1.0650207996368408,0.2663148078944181,1.522557258605957,0.2266094511120088,0.4438574314117431,0.2388536733149127,1.7479913234710691,0.1804978051368673,0.4682402610778808,0.1816170723574178,1.702202081680298,0.1793434067580352,1.50683856010437,0.1792215105587876,0.4457218647003174,0.1813519096433559,1.6451961994171145,0.872,0.2321333885192871,33735,0.787804126739502,0.0,0.7780191898345947,0.0307554176696977,0.0733668804168701,9.74663683531368,0.0056736469268798,-,15.0,0.238,0.0028562545776367,5,0,17749,['cluster'],['intersecting']
figure_category_based_markersize10_ms_interleaved_60_120_3d_0_centeredClusters_tsne.png,ms_interleaved_60_120_3d_0_centeredClusters_tsne,309,3,10,1.0,0.9557723999023438,1.0,0.9796783924102784,1.0,1.2570345401763916,1.0,0.953561305999756,1.0,0.9758212566375732,0.8735511221643752,0.972630500793457,0.8836806020926596,0.3262319564819336,0.906576220643688,1.867757797241211,0.861930376395047,0.3350677490234375,0.8734667182376475,1.623483419418335,0.7754911379936116,0.3324751853942871,0.7916019409402121,1.6140618324279783,0.829116978942401,0.598132848739624,0.7573617277164412,0.9811851978302002,0.7753581118093494,1.6437945365905762,1.0,0.1242079734802246,125,0.8290023803710938,0.0,0.7907793521881104,0.0295054190952065,0.0312581062316894,7.04043938625655,0.0037126541137695,0.01454665553772903,6.54547643661499,0.0,0.0013213157653808,0,0,0,['lip_cluster'],['separated']
figure_category_based_markersize60_ms_interleaved_60_120_3d_0_centeredClusters_tsne.png,ms_interleaved_60_120_3d_0_centeredClusters_tsne,309,3,60,1.0,0.9911999702453612,1.0,0.9865829944610596,1.0,1.2728867530822754,1.0,1.0185503959655762,1.0,0.3380990028381347,0.4610402191718308,1.6993556022644043,0.4673885027671757,0.3454630374908447,0.4614883660898423,1.2805233001708984,0.452603482179254,1.0052204132080078,0.4611802346537672,1.6821815967559814,0.2995791215048704,0.3408586978912353,0.3049621535601551,1.0130255222320557,0.2999576707242444,1.298459768295288,0.2924935379954659,1.01544189453125,0.2996973687493559,1.0096452236175537,0.9967637540453076,0.815058708190918,5608,0.830730676651001,0.0,0.8310997486114502,0.0295054190952065,0.0318877696990966,7.04043938625655,0.0037240982055664,0.03398313628401905,7.417190551757812,0.0,0.0013446807861328,0,0,0,['lip_cluster'],['separated']
figure_category_based_markersize110_ms_interleaved_60_120_3d_0_centeredClusters_tsne.png,ms_interleaved_60_120_3d_0_centeredClusters_tsne,309,3,110,1.0,0.3708908557891845,1.0,1.7598440647125244,1.0,0.6400718688964844,1.0,1.0652387142181396,1.0,1.0448238849639893,0.3043825840477597,1.057172775268555,0.302774666681076,1.0524604320526123,0.2907481100146631,1.3239119052886963,0.2988574033749901,1.0593628883361816,0.3008069405518657,1.064392328262329,0.1795113574466454,1.078263521194458,0.1783939119556978,1.1343090534210205,0.1701025528877182,1.3391053676605225,0.1756803950285589,1.0736196041107178,0.1770292898027503,1.0910885334014893,0.9676375404530744,0.1483254432678222,17246,0.8443126678466797,0.0,0.8397984504699707,0.0295054190952065,0.0318288803100585,7.04043938625655,0.0042483806610107,0.046537882761253105,8.057652473449707,0.0,0.0013515949249267,0,0,0,['lip_cluster'],['separated']
figure_category_based_markersize160_ms_interleaved_60_120_3d_0_centeredClusters_tsne.png,ms_interleaved_60_120_3d_0_centeredClusters_tsne,309,3,160,1.0,1.1036937236785889,1.0,1.091641902923584,1.0,1.382012128829956,1.0,0.393310546875,1.0,1.0783684253692627,0.2499421517662452,1.0869226455688477,0.2457009713696757,1.099677801132202,0.2319940399810844,1.3718156814575195,0.2453997800263995,1.0988924503326416,0.2452468515756323,1.0937788486480713,0.1428193656675402,1.108701229095459,0.1400564939955006,1.0951621532440186,0.1312179060632817,1.3927369117736816,0.1398607940617331,1.11665678024292,0.1397614540802191,1.1333832740783691,0.86084142394822,0.8887240886688232,27640,0.1347372531890869,0.0,0.866023063659668,0.0295054190952065,0.0309364795684814,7.04043938625655,0.0038480758666992,0.055461064802873286,8.942097187042236,0.0,0.001319408416748,0,0,0,['lip_cluster'],['separated']
figure_ascending_markersize10_ms_interleaved_60_120_3d_0_centeredClusters_tsne.png,ms_interleaved_60_120_3d_0_centeredClusters_tsne,309,3,10,1.0,1.038501501083374,1.0,1.037323236465454,1.0,1.3322346210479736,1.0,1.057703733444214,1.0,1.0852820873260498,0.8753707854436271,1.1032304763793943,0.8840384546221479,1.0889396667480469,0.8997146203351309,0.5887141227722168,0.8632079345519102,1.074052810668945,0.8742348650804541,1.0754687786102295,0.7783639035101276,1.1255342960357666,0.7921764493442491,1.0768251419067385,0.8177102386011628,1.3597536087036133,0.7593366991101044,0.3195338249206543,0.7765694974582176,1.0714619159698486,1.0,0.9270169734954834,125,0.897118330001831,0.0,0.113370656967163,0.0295054190952065,0.0310852527618408,7.040439386256552,0.003697395324707,0.01454665553772903,5.365217685699463,0.0,0.0013020038604736,0,0,0,['lip_cluster'],['separated']
figure_ascending_markersize60_ms_interleaved_60_120_3d_0_centeredClusters_tsne.png,ms_interleaved_60_120_3d_0_centeredClusters_tsne,309,3,60,1.0,1.1329164505004885,1.0,1.1195287704467771,1.0,1.364076852798462,1.0,0.3324930667877197,1.0,1.0995893478393557,0.4736649875492108,1.108476161956787,0.4696477215561466,1.118757963180542,0.4342608630769859,1.380518674850464,0.4627873704437972,1.1227741241455078,0.4657687478114519,1.1502244472503662,0.310328324833918,0.3370914459228515,0.3068886348401496,1.1066372394561768,0.2773519884866607,1.3825123310089111,0.3010561854266089,1.1179113388061523,0.3035844480074583,1.1173856258392334,0.9967637540453076,0.942697048187256,5608,0.119483470916748,0.0,0.9050521850585938,0.0295054190952065,0.0303070545196533,7.040439386256552,0.0035929679870605,0.03398313628401904,6.30790638923645,0.0,0.0019121170043945,0,0,0,['lip_cluster'],['separated']
figure_ascending_markersize110_ms_interleaved_60_120_3d_0_centeredClusters_tsne.png,ms_interleaved_60_120_3d_0_centeredClusters_tsne,309,3,110,1.0,1.1512420177459717,1.0,0.3696513175964355,1.0,1.424149513244629,1.0,1.184434175491333,1.0,1.1788408756256104,0.3224652505382309,1.1626358032226562,0.305898368782216,1.1911835670471191,0.2557812274667798,0.6370446681976318,0.3134001376547409,1.2072632312774658,0.3070528565674864,1.2039306163787842,0.1922256755883553,1.2319085597991943,0.1805667163913445,1.280956745147705,0.1466451522565,0.6329784393310547,0.1858177180323911,1.2512860298156738,0.1813717916466813,1.3192622661590576,0.9676375404530744,0.993849277496338,17246,0.129096508026123,0.0,0.9779050350189208,0.0295054190952065,0.0302286148071289,7.040439386256552,0.0035643577575683,0.046537882761253105,6.9230945110321045,0.0,0.0013203620910644,0,0,0,['lip_cluster'],['separated']
figure_ascending_markersize160_ms_interleaved_60_120_3d_0_centeredClusters_tsne.png,ms_interleaved_60_120_3d_0_centeredClusters_tsne,309,3,160,1.0,0.3837342262268066,1.0,1.2318859100341797,1.0,1.4952008724212646,1.0,1.2369952201843262,1.0,1.2433111667633057,0.2711583111921458,0.3882176876068115,0.249251837004099,1.202728271484375,0.1926270785652619,1.4898228645324707,0.2624385436016413,1.2175326347351074,0.2525296353438101,0.3844101428985595,0.1568439221170832,1.2088806629180908,0.1423687554111588,1.22033429145813,0.1065784909582188,1.521850347518921,0.1510384237836558,1.227427959442139,0.1445115410546574,0.3845489025115967,0.86084142394822,1.018559455871582,27640,1.031110763549805,0.0,0.1136250495910644,0.0295054190952065,0.0312867164611816,7.040439386256552,0.0037670135498046,0.055461064802873224,7.962769985198975,0.0,0.0012671947479248,0,0,0,['lip_cluster'],['separated']
figure_descending_markersize10_ms_interleaved_60_120_3d_0_centeredClusters_tsne.png,ms_interleaved_60_120_3d_0_centeredClusters_tsne,309,3,10,1.0,1.1706273555755615,1.0,1.1680445671081543,1.0,1.5041618347167969,1.0,0.3295855522155761,1.0,1.14957857131958,0.8725387425043116,1.1980853080749512,0.8835578158596622,1.2051775455474854,0.9094107465183426,0.6006350517272949,0.8610932825269972,1.2540340423583984,0.873064486433711,1.1852660179138184,0.7738968737980323,0.3294112682342529,0.7914049006845824,1.2131032943725586,0.8338709955330015,1.470120906829834,0.7560700708110532,1.2002198696136477,0.7747244415705916,1.2077574729919434,1.0,0.1181685924530029,125,1.019045352935791,0.0,1.0298669338226318,0.0295054190952065,0.0311095714569091,7.04043938625655,0.003671646118164,0.01454665553772903,4.628448247909546,0.0,0.0012428760528564,0,0,0,['lip_cluster'],['separated']
figure_descending_markersize60_ms_interleaved_60_120_3d_0_centeredClusters_tsne.png,ms_interleaved_60_120_3d_0_centeredClusters_tsne,309,3,60,1.0,1.2237818241119385,1.0,1.21802020072937,1.0,0.6128363609313965,1.0,1.2252740859985352,1.0,1.237218141555786,0.4505187866715491,0.3455626964569092,0.4655291056229899,1.2149457931518557,0.4814880151437439,1.5136778354644775,0.4440593072528048,1.2321929931640625,0.457296454006045,0.341404914855957,0.2907545976009523,1.2443349361419678,0.3033808639374636,1.2343497276306152,0.3170788376683916,1.551429271697998,0.2853960368301482,0.344304084777832,0.2964253600074611,1.2301182746887207,0.9967637540453076,1.0792315006256104,5608,0.1180109977722168,0.0,1.036022424697876,0.0295054190952065,0.0310218334197998,7.04043938625655,0.0037233829498291,0.033983136284019035,6.422783613204956,0.0,0.0012509822845458,0,0,0,['lip_cluster'],['separated']
figure_descending_markersize110_ms_interleaved_60_120_3d_0_centeredClusters_tsne.png,ms_interleaved_60_120_3d_0_centeredClusters_tsne,309,3,110,1.0,0.3745830059051513,1.0,1.288215398788452,1.0,0.6408414840698242,1.0,1.316197395324707,1.0,1.271944522857666,0.2895743812093651,1.355597734451294,0.3005287822142073,0.3895590305328369,0.3164281593685178,1.6422348022460938,0.2863437382311059,1.3260900974273682,0.2956031289899432,0.3656527996063232,0.1692996047463965,1.317817211151123,0.1768366413441001,1.3225674629211426,0.1879504941409751,0.632697343826294,0.1670952014236111,1.301013469696045,0.1734356205516637,1.3259871006011963,0.9676375404530744,0.1439952850341797,17246,1.0833423137664795,0.0,1.0721914768218994,0.0295054190952065,0.0309700965881347,7.04043938625655,0.0036280155181884,0.046537882761253105,6.031842470169067,0.0,0.0013184547424316,0,0,0,['lip_cluster'],['separated']
figure_descending_markersize160_ms_interleaved_60_120_3d_0_centeredClusters_tsne.png,ms_interleaved_60_120_3d_0_centeredClusters_tsne,309,3,160,1.0,0.389054536819458,1.0,1.3621904850006104,1.0,0.6629185676574707,1.0,1.3333172798156738,1.0,1.3760170936584473,0.2323268310185704,0.3931734561920166,0.2431042088332125,1.3143949508666992,0.2616488916325732,1.6156888008117676,0.2305251563656616,0.3907582759857178,0.2391026447606216,1.3414390087127686,0.1314308748332939,1.3701026439666748,0.1383714447125873,0.3943028450012207,0.1505155606212952,1.6250343322753906,0.1302788548788771,1.3525261878967283,0.135784544197988,0.3868627548217773,0.86084142394822,1.1385259628295898,27640,1.126655101776123,0.0,0.1109685897827148,0.0295054190952065,0.0308716297149658,7.04043938625655,0.0035688877105712,0.05546106480287328,8.076985120773315,0.0,0.0013108253479003,0,0,0,['lip_cluster'],['separated']
figure_category_based_markersize10_n100-d10-c3-spr0.1-out0_umap.png,n100-d10-c3-spr0.1-out0_umap,100,3,10,1.0,1.275486707687378,1.0,1.3698289394378662,1.0,0.5868706703186035,1.0,1.280989408493042,1.0,0.316974401473999,0.8991757294763423,1.31095290184021,0.9117761218280064,1.2846283912658691,0.9241307552156623,1.5445680618286133,0.9112544989567644,0.3135697841644287,0.9153472549494412,1.306206226348877,0.8168204077192157,0.3188416957855224,0.8378571175626239,1.2605648040771484,0.8589619600111427,1.5344691276550293,0.8369765919432969,1.2918660640716553,0.843908116331531,0.3214917182922363,1.0,1.1202545166015625,32,0.1109657287597656,0.0,1.1313066482543943,0.0257624389860696,0.0120649337768554,8.227494897273811,0.0018692016601562,0.02118805753879094,1.7735536098480225,0.01,0.0006322860717773,0,0,0,['cluster'],['separated']
figure_category_based_markersize60_n100-d10-c3-spr0.1-out0_umap.png,n100-d10-c3-spr0.1-out0_umap,100,3,60,0.9831750001674716,0.687957763671875,0.969194361305044,0.6234190464019775,1.0158311752847808,0.9388561248779296,0.9559937684210108,0.6555824279785156,0.9669721666501494,0.6122534275054932,0.5643752197672933,0.5827016830444336,0.5686590077804548,0.6633062362670898,0.5241220511468483,0.9336822032928468,0.5866654531331041,0.643230676651001,0.5781984135476463,0.6330773830413818,0.3957842997465035,0.6228334903717041,0.4023721599079778,0.7200884819030762,0.3531710027340917,1.0218865871429443,0.4231790326571789,0.6689505577087402,0.4123942138095102,0.6321935653686523,1.0,0.349853515625,1356,0.2426419258117675,0.0,0.3637013435363769,0.0257624389860696,0.0124313831329345,8.227494897273811,0.0019261837005615,0.04705108621280399,1.2308826446533203,0.01,0.000645637512207,0,0,4,['cluster'],['separated']
figure_category_based_markersize110_n100-d10-c3-spr0.1-out0_umap.png,n100-d10-c3-spr0.1-out0_umap,100,3,110,0.9071388617845306,0.5765421390533447,0.839696929301508,0.6828553676605225,1.1052192766271602,0.964369535446167,0.7841166118279856,0.7793097496032715,0.830943459890576,0.6964106559753418,0.3820025207582636,0.7113194465637207,0.3726110730611507,0.7282249927520752,0.3548410160682419,1.0052533149719238,0.3782766979828426,0.6978585720062256,0.3819226320655645,0.7171609401702881,0.241943260065817,0.7182445526123047,0.2394279885952511,0.7038145065307617,0.2113481631859169,0.9844110012054444,0.2492637641429814,0.7478199005126953,0.2479413811345298,0.747018575668335,1.0,0.4571523666381836,4654,0.4477152824401855,0.0,0.2945404052734375,0.0257624389860696,0.0122666358947753,8.227494897273811,0.0020301342010498,0.06390775687574153,1.2587926387786863,0.01,0.0006687641143798,0,0,40,['cluster'],['separated']
figure_category_based_markersize160_n100-d10-c3-spr0.1-out0_umap.png,n100-d10-c3-spr0.1-out0_umap,100,3,160,0.8317287908688549,0.9255974292755128,0.7250860481721586,0.6392722129821777,1.2362363704116133,1.038365364074707,0.6476617766756416,0.7939591407775879,0.71378529283085,0.8165218830108643,0.3000922178868539,0.6667685508728027,0.2875879156943998,0.8024997711181641,0.2886941983374151,1.073422908782959,0.2873132789380346,0.7970118522644043,0.2943657937659419,0.8089621067047119,0.1830729635284261,0.9937195777893066,0.1793642032668514,0.6595101356506348,0.163429698098087,1.0658369064331057,0.1846031071536699,0.6862185001373291,0.1854157128572542,0.89389967918396,0.99,0.3162600994110107,8318,0.4914500713348388,0.0,0.490894079208374,0.0257624389860696,0.0121362209320068,8.227494897273811,0.0019850730895996,0.07640602192831834,1.4352657794952393,0.01,0.0005929470062255,0,0,101,['cluster'],['separated']
figure_ascending_markersize10_n100-d10-c3-spr0.1-out0_umap.png,n100-d10-c3-spr0.1-out0_umap,100,3,10,1.0,0.6710290908813477,1.0,0.8439109325408936,1.0,0.9413259029388428,1.0,0.6962690353393555,1.0,0.8622395992279053,0.900623301965966,0.6974785327911377,0.911942870683492,0.7111268043518066,0.9215527508733948,0.9853789806365968,0.9128516784712818,0.9069554805755616,0.916098752777304,0.9121255874633788,0.8192126534758379,0.7191877365112305,0.838138776091981,0.7259364128112793,0.8545181524824013,1.199557542800903,0.8396753785975172,0.745316743850708,0.8451865473212103,0.7532382011413574,1.0,0.342205286026001,32,0.5770056247711182,0.0,0.3488435745239258,0.0257624389860696,0.0122880935668945,8.227494897273811,0.0019571781158447,0.021188057538790942,1.151890754699707,0.01,0.0005371570587158,0,0,0,['cluster'],['separated']
figure_ascending_markersize60_n100-d10-c3-spr0.1-out0_umap.png,n100-d10-c3-spr0.1-out0_umap,100,3,60,0.9971676004014604,0.5390539169311523,0.9957428068397944,0.9575295448303224,0.9931248372504434,1.0383365154266355,0.9967862679723252,0.975045680999756,0.9958413609445572,0.5567803382873535,0.5943231958159303,0.780597448348999,0.5797442664893103,0.7719113826751709,0.4839609168792589,1.2768330574035645,0.6220293577877649,0.7836835384368896,0.5965503099500554,0.5623693466186523,0.4233105379979979,1.0176942348480225,0.4089107288047268,0.8039455413818359,0.3199342365925789,1.0467514991760254,0.4520676650892617,0.8207745552062988,0.4258158347184253,1.0311775207519531,1.0,0.3691394329071045,1356,0.6372852325439453,0.0,0.3817212581634521,0.0257624389860696,0.0120961666107177,8.227494897273811,0.0019099712371826,0.04705108621280399,0.97462797164917,0.01,0.000554084777832,0,0,0,['cluster'],['separated']
figure_ascending_markersize110_n100-d10-c3-spr0.1-out0_umap.png,n100-d10-c3-spr0.1-out0_umap,100,3,110,0.9837222596677268,1.0792787075042725,0.9753262306933008,0.5861899852752686,0.9573632509065774,1.3486435413360596,0.9817222247396008,0.5764341354370117,0.9762218310142564,1.098095178604126,0.4298417625574319,0.6079068183898926,0.4029744845768678,1.1406493186950684,0.2940049976819471,0.858285665512085,0.4513483310786929,0.8683416843414307,0.424668012037057,0.8663859367370605,0.2750027002088677,0.8653895854949951,0.2539492006716396,0.6006786823272705,0.1736693069389813,1.1274867057800293,0.2930360592339776,0.862494707107544,0.2713554076387576,1.13189697265625,1.0,0.4091677665710449,4654,0.4184999465942383,0.0,0.7132303714752197,0.0257624389860696,0.0118918418884277,8.227494897273811,0.001772403717041,0.06390775687574153,1.081073760986328,0.01,0.0005707740783691,0,0,0,['cluster'],['separated']
figure_ascending_markersize160_n100-d10-c3-spr0.1-out0_umap.png,n100-d10-c3-spr0.1-out0_umap,100,3,160,0.9719028558593824,0.8984031677246094,0.9532897897466932,0.9129323959350586,0.9125259069405492,1.1622061729431152,0.9689214255862786,0.8770861625671387,0.9556485389711282,1.2025082111358645,0.3546226912723698,0.6244385242462158,0.3273028782026401,0.9039056301116944,0.2186199449561342,1.240852117538452,0.3768246805976071,1.0272316932678225,0.3478923501653816,0.6244609355926514,0.216877981935236,0.9270744323730468,0.1975679700018832,1.2284183502197266,0.1241860096313288,0.916151523590088,0.2338944629877369,0.9461333751678468,0.2126530707295056,0.9635834693908693,0.99,0.4422054290771484,8318,0.4531207084655761,0.0,0.7790765762329102,0.0257624389860696,0.0122523307800292,8.227494897273811,0.001906394958496,0.07640602192831833,1.2548537254333496,0.01,0.0005450248718261,0,0,0,['cluster'],['separated']
figure_descending_markersize10_n100-d10-c3-spr0.1-out0_umap.png,n100-d10-c3-spr0.1-out0_umap,100,3,10,1.0,0.6477141380310059,1.0,0.9503729343414308,1.0,1.2205688953399658,1.0,0.6304199695587158,1.0,0.9568850994110109,0.8969673161254609,0.9636178016662598,0.9115815557585448,0.9782919883728028,0.9312804140398364,0.9179766178131104,0.9103586621994384,0.9768400192260742,0.9149035442682716,0.9848604202270508,0.8131828995082466,0.6560666561126709,0.8375285815685047,0.9763696193695068,0.871398284708286,1.2500295639038086,0.8354663416468717,0.6397442817687988,0.8431541172543154,0.991163969039917,1.0,0.8616430759429932,32,0.4777090549468994,0.0,0.4789862632751465,0.0257624389860696,0.0120947360992431,8.227494897273811,0.0018901824951171,0.02118805753879094,1.0023207664489746,0.01,0.0005249977111816,0,0,0,['cluster'],['separated']
figure_descending_markersize60_n100-d10-c3-spr0.1-out0_umap.png,n100-d10-c3-spr0.1-out0_umap,100,3,60,0.9829871723991578,0.6985599994659424,0.9691700346685428,0.680574893951416,1.015525288748293,1.2661550045013428,0.9556725353890428,1.0515754222869873,0.9668689694568476,0.6737310886383057,0.5452226736602115,1.0361928939819336,0.5672542791456969,0.6897029876708984,0.5547649979369154,1.3115289211273191,0.5728551683424568,0.6863770484924316,0.5724364979173625,1.0475265979766846,0.3772277064293969,0.7024197578430176,0.4009711524388077,1.0587174892425537,0.3816184974761928,0.964301347732544,0.4090146292059019,1.059125900268555,0.4065749658031382,0.7089347839355469,1.0,0.9073691368103028,1356,0.5137958526611328,0.0,0.5191199779510498,0.0257624389860696,0.0118680000305175,8.227494897273811,0.0018141269683837,0.04705108621280399,1.1331300735473633,0.01,0.0005328655242919,0,0,4,['cluster'],['separated']
figure_descending_markersize110_n100-d10-c3-spr0.1-out0_umap.png,n100-d10-c3-spr0.1-out0_umap,100,3,110,0.9043044718278171,0.7468385696411133,0.8393711402505334,0.7224748134613037,1.0991620535866724,1.3700213432312012,0.7802957638795296,0.7128002643585205,0.829622966600939,0.7153172492980957,0.3544863169606876,1.0900931358337402,0.3705939690743536,0.7122879028320312,0.4006784162234174,1.3636126518249512,0.3597614539317573,0.7212636470794678,0.3739045729005208,1.1187219619750977,0.2204515325904302,0.722156286239624,0.2377909902682614,1.1297788619995115,0.2449929443945432,0.9890544414520264,0.233771908805861,1.1222336292266846,0.2413365278486477,0.7296938896179199,1.0,0.97178053855896,4654,0.5425233840942383,0.0,0.5714995861053467,0.0257624389860696,0.0123014450073242,8.227494897273811,0.0018494129180908,0.06390775687574153,1.202357292175293,0.01,0.0005304813385009,0,0,40,['cluster'],['separated']
figure_descending_markersize160_n100-d10-c3-spr0.1-out0_umap.png,n100-d10-c3-spr0.1-out0_umap,100,3,160,0.8240892859082408,0.7555210590362549,0.7242983865299326,0.7686793804168701,1.2132492563012458,1.0300099849700928,0.6391146227856688,1.195746898651123,0.710679213229016,0.7797274589538574,0.271748843691648,0.7930631637573242,0.2854710303097409,1.194873571395874,0.339416985367529,1.0445716381072998,0.2684242625584168,0.7700943946838379,0.2861263675991456,1.2101097106933594,0.1627001407833079,0.7856893539428711,0.1777677159526165,0.7665078639984131,0.1973077714979011,1.4717302322387695,0.1698881211693818,0.7703948020935059,0.179121141111744,0.7800555229187012,0.99,1.0430209636688232,8318,0.1220147609710693,0.0,1.0328130722045898,0.0257624389860696,0.0122315883636474,8.227494897273811,0.0019388198852539,0.0764060219283183,1.3687994480133057,0.01,0.0005416870117187,0,0,101,['cluster'],['separated']
figure_category_based_markersize10_ecoliproteins_pca.png,ecoliproteins_pca,332,8,10,0.939402844041655,0.8188729286193848,0.9454748471525376,0.8158581256866455,0.9905394037162828,1.5121006965637207,0.9145011855464762,0.8183302879333496,0.9146522627325924,1.3306636810302734,0.8829640257316081,0.8385031223297119,0.87909962457947,0.8181090354919434,0.8818021388104373,1.493788719177246,0.8638234549933139,1.2698760032653809,0.8582485887708474,0.8270039558410645,0.832922489906635,0.8399856090545654,0.8214325501865356,0.8265328407287598,0.7945768246567613,1.5236632823944092,0.8184674991519271,1.2654662132263184,0.80839731682049,0.8345260620117188,0.9879518072289156,0.6128945350646973,116,0.6332974433898926,0.0,0.6207349300384521,0.030655093754813,0.0424466133117675,12.996439754748357,0.0041699409484863,0.011431704306386755,7.37393307685852,0.322289156626506,0.0032329559326171,0,0,23,['cluster'],"['intersecting','separated']"
figure_category_based_markersize60_ecoliproteins_pca.png,ecoliproteins_pca,332,8,60,0.808217967948534,0.8623764514923096,0.7794393430217552,0.879694938659668,0.7841882196532157,1.5430574417114258,0.777898659575839,1.3369531631469729,0.752661379982891,0.8565223217010498,0.6555242121141556,0.8547029495239258,0.6030750994385989,0.872178316116333,0.5400438984263518,1.553250074386597,0.6400803564643931,1.3658726215362549,0.601038028871699,0.8822829723358154,0.5513580837272207,0.8915987014770508,0.4917960822567032,0.8761663436889648,0.4118279315357441,1.5916061401367188,0.5437462355761931,0.8802359104156494,0.5002606996199563,0.8731839656829834,0.9879518072289156,0.678286075592041,3225,0.6564953327178955,0.0,0.64620041847229,0.030655093754813,0.0402250289916992,12.996439754748357,0.0039756298065185,0.023589843287093484,8.796908140182495,0.322289156626506,0.0030198097229003,0,0,511,['cluster'],"['intersecting','separated']"
figure_category_based_markersize110_ecoliproteins_pca.png,ecoliproteins_pca,332,8,110,0.6886911506411451,0.3847990036010742,0.6488504586062911,1.4501218795776367,0.6101026398185164,1.620100975036621,0.6701778980397153,0.935366153717041,0.6360689938941337,0.9440591335296632,0.5167228105299204,0.9385361671447754,0.459013510845294,0.944127321243286,0.378170951727785,1.621917724609375,0.5098276781557471,0.9226694107055664,0.466301623538345,1.4573752880096436,0.413476445411984,0.9319620132446288,0.355115773478089,0.9313383102416992,0.2740067575685235,1.6445152759552002,0.4113951524760884,0.9402256011962892,0.3680648053296954,0.9156539440155028,0.9819277108433736,0.7399952411651611,9988,0.7064590454101562,0.0,0.6819639205932617,0.030655093754813,0.0413651466369628,12.996439754748357,0.0038375854492187,0.031451819817669036,9.050742864608765,0.322289156626506,0.0031690597534179,0,0,1549,['cluster'],"['intersecting','separated']"
figure_category_based_markersize160_ecoliproteins_pca.png,ecoliproteins_pca,332,8,160,0.6080870408047896,1.0220601558685305,0.567124901120806,0.9772946834564208,0.5185940999540068,2.2639522552490234,0.597029373996548,0.978426456451416,0.561471656296368,0.978973388671875,0.4386244733957082,0.979971170425415,0.38371577441368,0.9979298114776612,0.3043560620030276,1.6947381496429443,0.4361052665256592,0.9994535446166992,0.393776074622967,0.997718334197998,0.3430287344166401,1.017056226730347,0.2899465747777439,1.001551389694214,0.2153798255781175,1.7468500137329102,0.3435140290751454,1.0459771156311035,0.3032145347671409,0.99882173538208,0.966867469879518,0.7953572273254395,18074,0.752805233001709,0.0,0.7514147758483887,0.030655093754813,0.0408589839935302,12.996439754748357,0.0040972232818603,0.0374840788261353,10.465391874313354,0.322289156626506,0.0028142929077148,0,0,3048,['cluster'],"['intersecting','separated']"
figure_ascending_markersize10_ecoliproteins_pca.png,ecoliproteins_pca,332,8,10,0.972246430247622,0.9366128444671632,0.9627008876829825,0.9367811679840088,0.956689855794764,2.231733798980713,0.9835857035217116,0.339393138885498,0.973371002060954,1.5409483909606934,0.9123982358222738,0.9649889469146729,0.8941559626691162,0.3446922302246094,0.8541274932828565,2.254412889480591,0.9258496354178536,0.968885898590088,0.9102060953743608,0.3413739204406738,0.8594908902112659,1.5840697288513184,0.8347231362205175,0.3593876361846924,0.7714263838742745,2.279543876647949,0.8745159179628054,0.967615842819214,0.8547395335363258,0.333101749420166,0.9879518072289156,0.7792181968688965,116,0.7627553939819336,0.0,0.7695655822753906,0.030655093754813,0.0418167114257812,12.996439754748357,0.0040764808654785,0.011431704306386755,6.256400108337402,0.322289156626506,0.0030097961425781,0,0,0,['cluster'],"['intersecting','separated']"
figure_ascending_markersize60_ecoliproteins_pca.png,ecoliproteins_pca,332,8,60,0.8735427626569489,1.0146484375,0.8019499437348169,1.0155608654022217,0.7128931990556218,1.722140550613403,0.8914008543567433,0.3688898086547851,0.8367771440582341,1.6805946826934814,0.7058912270739484,0.3770699501037597,0.6225472495598257,1.0293357372283936,0.5068992242003069,2.356308937072754,0.7229356868099927,0.367708683013916,0.6591038680187877,1.67356538772583,0.5922296863091094,0.3706333637237549,0.5087383601679915,1.0138964653015137,0.393263743143722,2.384409189224243,0.6080254254306924,0.3688938617706299,0.5436668381145571,1.0060477256774902,0.9879518072289156,0.8148176670074463,3225,0.8274822235107422,0.0,0.7927548885345459,0.030655093754813,0.0382535457611084,12.996439754748357,0.004012107849121,0.023589843287093484,7.162396669387817,0.322289156626506,0.0028624534606933,0,0,0,['cluster'],"['intersecting','separated']"
figure_ascending_markersize110_ecoliproteins_pca.png,ecoliproteins_pca,332,8,110,0.7693748152860089,1.0590462684631348,0.6687779735728305,1.0840213298797607,0.5408130140733614,1.7917563915252686,0.7908913314468529,0.3840103149414062,0.7160422202520733,1.0364787578582764,0.574075170668698,1.0773577690124512,0.4781132287165647,1.0630481243133545,0.3532504815514186,1.7652292251586914,0.5900307749015038,1.0667963027954102,0.5174575084973536,1.7673234939575195,0.4578528786154324,0.403102159500122,0.3720452676867989,1.08021879196167,0.2622856554475051,1.8761720657348635,0.4705312193568984,1.0460326671600342,0.4051066181241729,1.087639570236206,0.9819277108433736,0.882988452911377,9988,0.8765196800231934,0.0,0.8623130321502686,0.030655093754813,0.0372610092163085,12.996439754748357,0.0039529800415039,0.031451819817669036,7.873125553131103,0.322289156626506,0.0027647018432617,0,0,0,['cluster'],"['intersecting','separated']"
figure_ascending_markersize160_ecoliproteins_pca.png,ecoliproteins_pca,332,8,160,0.6981161320390599,0.4232220649719238,0.5866802259885098,1.1670317649841309,0.4444006929587994,1.81738805770874,0.7236587345627914,1.1256046295166016,0.6411208628286681,1.1325814723968506,0.4980513601306053,1.1380765438079834,0.4012015294409747,1.1427099704742432,0.2782182218946599,1.8326542377471924,0.5152351675688889,1.1425368785858154,0.4417163526703455,1.149350881576538,0.3871132057729717,0.4147481918334961,0.3048297404714302,1.140075445175171,0.2024955450607691,1.857969045639038,0.4000230760121004,1.139580249786377,0.3369244739669809,1.1504840850830078,0.966867469879518,0.939948558807373,18074,0.1485693454742431,0.0,0.9053709506988524,0.030655093754813,0.0374822616577148,12.996439754748357,0.0040922164916992,0.037484078826135324,9.175105094909668,0.322289156626506,0.0029480457305908,0,0,0,['cluster'],"['intersecting','separated']"
figure_descending_markersize10_ecoliproteins_pca.png,ecoliproteins_pca,332,8,10,0.9378452216482692,1.1177809238433838,0.943858710329156,1.0978856086730957,0.990540934372819,1.784924030303955,0.9144935228780864,1.099236249923706,0.914649225210961,1.1442537307739258,0.8811948084869674,1.1051414012908936,0.87763281673506,1.1108179092407229,0.882454682698611,1.0437369346618652,0.8634464465628647,1.0898091793060305,0.8581005729400417,1.107656955718994,0.8309984594743955,1.1054065227508545,0.8200910847751508,1.1047239303588867,0.7956361330244155,1.8670494556427,0.8177969765264659,0.343097448348999,0.8081370876012178,1.092175006866455,0.9879518072289156,0.9488396644592284,116,0.895972728729248,0.0,0.940955400466919,0.030655093754813,0.0394177436828613,12.996439754748357,0.0042026042938232,0.011431704306386757,5.551655530929565,0.322289156626506,0.0028257369995117,0,0,23,['cluster'],"['intersecting','separated']"
figure_descending_markersize60_ecoliproteins_pca.png,ecoliproteins_pca,332,8,60,0.7270763442498264,1.175719976425171,0.7435772541428326,1.1571276187896729,0.8632685939714843,1.882952690124512,0.7094819355700721,0.3680639266967773,0.7165488199202685,1.1322259902954102,0.5956886886512474,1.144289493560791,0.5789176204005893,1.1707603931427002,0.5794868979926823,1.878411054611206,0.588523751599678,1.1695072650909424,0.5761435302815412,0.3606877326965332,0.5045187149746491,1.172948122024536,0.4739622231759018,1.169485569000244,0.4361211047483516,1.8568229675292969,0.502802020987321,1.1734459400177002,0.481746877835023,0.3657279014587402,0.9879518072289156,0.9661529064178468,3225,0.958467960357666,0.0,0.1245191097259521,0.030655093754813,0.0412979125976562,12.996439754748357,0.003995656967163,0.02358984328709348,7.337309122085571,0.322289156626506,0.0030171871185302,0,0,896,['cluster'],"['intersecting','separated']"
figure_descending_markersize110_ecoliproteins_pca.png,ecoliproteins_pca,332,8,110,0.5541246004354341,1.2506215572357178,0.5777058002858041,1.2213120460510254,0.7583279020766391,1.9231061935424805,0.5405081206377305,1.2941689491271973,0.5606327258550732,0.3991146087646484,0.428493624163897,1.2212460041046145,0.4169183329469571,1.2037348747253418,0.4354102421687204,2.03097939491272,0.4228647642446199,0.4151599407196045,0.4197929026055653,1.2369911670684814,0.3493003462056256,1.2316489219665527,0.3261453418034027,1.2338817119598389,0.3053734943248759,1.0893564224243164,0.3472784715714663,1.2266759872436523,0.3355079818629993,1.23241925239563,0.9819277108433736,1.0483217239379885,9988,0.1381552219390869,0.0,0.9771287441253662,0.030655093754813,0.0407905578613281,12.996439754748357,0.00390625,0.031451819817669036,8.017247200012207,0.322289156626506,0.0028614997863769,0,0,3470,['cluster'],"['intersecting','separated']"
figure_descending_markersize160_ecoliproteins_pca.png,ecoliproteins_pca,332,8,160,0.4698769091536037,1.290450096130371,0.491939779624481,0.4298019409179687,0.6774469350053138,1.9609613418579104,0.4583113548711263,1.269566535949707,0.4791840112093484,1.2828800678253174,0.3505596386551701,1.2856731414794922,0.3397935300268436,0.425961971282959,0.3564034551446893,1.952941417694092,0.345997460234642,1.3071508407592771,0.3437754917619584,1.2921268939971924,0.2795680697025458,0.4211351871490478,0.2595273716480168,1.2710211277008057,0.2418094602795937,1.9786109924316408,0.277896158501472,1.3069276809692385,0.2680340402476679,0.4241549968719482,0.966867469879518,1.096027135848999,18074,1.077155590057373,0.0,0.1292674541473388,0.030655093754813,0.0415418148040771,12.996439754748357,0.0040676593780517,0.03748407882613532,9.32484769821167,0.322289156626506,0.0030879974365234,0,0,7053,['cluster'],"['intersecting','separated']"
figure_category_based_markersize10_grid6_5d_umap.png,grid6_5d_umap,7776,32,10,0.7583473876324474,0.6849157810211182,0.7841703208379108,1.5641632080078125,0.8926018601072231,4.684539556503296,0.7993146693993834,0.7281768321990967,0.8035285105576422,1.5337986946105957,0.3085573075210149,1.6203014850616455,0.3068876251770139,1.6107544898986816,0.2893952200372361,3.758417844772339,0.3122736875262002,1.6116828918457031,0.3100181026310439,1.5503599643707275,0.1936812940090604,0.693528413772583,0.1907737857444572,1.5933551788330078,0.172692367827014,4.674112558364868,0.1940403799370738,1.661942958831787,0.1920592980695961,0.6453588008880615,0.8175154320987654,2.4124252796173096,32497,1.265887975692749,0.0028292181069958,0.2444808483123779,0.0304327028564914,0.954469919204712,1.9566839426399745,0.0744552612304687,-,15.0,0.2143775720164609,0.2346847057342529,3,0,827,['cluster'],['intersecting']
figure_category_based_markersize60_grid6_5d_umap.png,grid6_5d_umap,7776,32,60,0.4162257857138861,2.10705828666687,0.4459984363362748,1.0995869636535645,0.6266998714639498,5.112204074859619,0.4674268152085089,2.0817673206329346,0.473125833950321,1.0472915172576904,0.1537934823851007,2.060389995574951,0.1559260892416238,2.074173927307129,0.1602412592078186,5.122217416763306,0.1597723287448312,1.1170530319213867,0.1595628081067165,1.9976787567138672,0.0943226258950411,2.091848373413086,0.0944784028264851,1.0758309364318848,0.0918651577463999,5.102808475494385,0.0963535962259977,1.149604320526123,0.0959633350759822,2.048613786697388,0.2159207818930041,1.5680925846099854,131010,0.414287805557251,0.0028292181069958,1.28493332862854,0.0304327028564914,0.9660661220550536,1.9566839426399745,0.0749237537384033,-,15.0,0.2143775720164609,0.2339935302734375,93,0,15677,['cluster'],['intersecting']
figure_category_based_markersize110_grid6_5d_umap.png,grid6_5d_umap,7776,32,110,0.3143051137226291,2.562966108322144,0.3405871207120383,1.5817713737487793,0.5073113794164208,5.567716360092163,0.3546601022181399,2.6058850288391118,0.3612939971012443,1.551912546157837,0.1321693143477093,2.590264320373535,0.1356468045120034,2.647223472595215,0.1471901269881504,4.647281885147095,0.1385672002263519,2.669438362121582,0.1391426739888329,1.6027588844299316,0.0836786217266026,1.6158089637756348,0.0846878661943022,2.719812393188477,0.0860830266438579,5.706482410430908,0.0861042465547547,1.6161916255950928,0.0861630235278452,2.563045024871826,0.1265432098765432,0.5725481510162354,158800,1.6578495502471924,0.0028292181069958,1.377031326293945,0.0304327028564914,0.9476630687713624,1.9566839426399745,0.0723893642425537,-,15.0,0.2143775720164609,0.2297329902648925,140,0,43475,['cluster'],['intersecting']
figure_category_based_markersize160_grid6_5d_umap.png,grid6_5d_umap,7776,32,160,0.2610783953852252,2.020128011703491,0.2848740476856048,3.130808115005493,0.4321183738100896,6.222353219985962,0.2926810908996359,2.085144281387329,0.3000681374254395,3.0648434162139893,0.1200843774225572,2.0206339359283447,0.1243453331271209,3.040519952774048,0.1395015629398036,6.193007707595825,0.1261775174259179,2.066450834274292,0.1273322032332696,3.011727809906006,0.0779746024037408,2.0299627780914307,0.0795297231213075,3.0926759243011475,0.0831768483106003,6.173465967178345,0.0804246663978278,2.0986502170562744,0.0808121997083506,3.057250499725342,0.0896347736625514,1.8707070350646973,173257,0.6816024780273438,0.0028292181069958,1.487553358078003,0.0304327028564914,0.9919314384460448,1.9566839426399745,0.0734350681304931,-,15.0,0.2143775720164609,0.236595869064331,173,0,81147,['cluster'],['intersecting']
figure_ascending_markersize10_grid6_5d_umap.png,grid6_5d_umap,7776,32,10,0.8032778586595076,0.6956684589385986,0.7994728714764087,0.6937956809997559,0.8102447322665314,4.893382549285889,0.8313171480540038,1.8796746730804443,0.816467811699437,0.6518192291259766,0.323647988576257,1.811481475830078,0.3124669919252907,0.6902596950531006,0.2646904754272621,4.87298059463501,0.322933828718203,1.8352155685424805,0.3146910308934737,0.645615816116333,0.2026484503899375,1.816373348236084,0.1941803415537036,0.6806836128234863,0.1581827875071001,4.843699216842651,0.2003883972834839,0.7051055431365967,0.1949069989103572,1.7997591495513916,0.8175154320987654,2.6611461639404297,32497,0.2910671234130859,0.0028292181069958,1.4367210865020752,0.0304327028564914,0.9836022853851318,1.9566839426399745,0.0734765529632568,-,15.0,0.2143775720164609,0.2342305183410644,2,0,0,['cluster'],['intersecting']
figure_ascending_markersize60_grid6_5d_umap.png,grid6_5d_umap,7776,32,60,0.5091013760198746,2.3493661880493164,0.4755911880407125,1.1856062412261963,0.385222080202754,5.403218746185303,0.5442953907428885,1.134767770767212,0.5072780788743343,2.258476734161377,0.178873711978475,1.1528403759002686,0.1656584445544655,2.432775020599365,0.1044780553341505,4.254369020462036,0.1788291990161966,2.3214120864868164,0.1687455930995143,2.2861030101776123,0.10849720259337,1.1747322082519531,0.1002970034299099,2.390169620513916,0.0604343877336633,4.201429128646851,0.1069905683316911,2.291956186294556,0.1012058064343763,1.108874797821045,0.2159207818930041,1.7592909336090088,131010,1.6615369319915771,0.0028292181069958,0.251955509185791,0.0304327028564914,0.981372594833374,1.9566839426399745,0.0747244358062744,-,15.0,0.2143775720164609,0.2273588180541992,32,0,0,['cluster'],['intersecting']
figure_ascending_markersize110_grid6_5d_umap.png,grid6_5d_umap,7776,32,110,0.4133797631253807,2.094624757766724,0.3727312670845543,2.0134477615356445,0.2217001613528333,5.004591464996338,0.4412085259926356,2.149031162261963,0.4021885256757943,2.0463709831237797,0.1630786102699229,2.0646843910217285,0.1477158540287972,2.0723366737365723,0.0694693804457823,5.116900205612183,0.1628367684976226,2.0667641162872314,0.1512982031854444,1.9598066806793213,0.1015750124207944,2.065575122833252,0.0921097837426808,2.118695020675659,0.0411877464882456,5.190968036651611,0.0998428837683289,2.185605049133301,0.0931746625195704,2.012869119644165,0.1265432098765432,1.005268096923828,158800,1.0164690017700195,0.0028292181069958,0.4652819633483886,0.0304327028564914,0.9975008964538574,1.9566839426399745,0.0739107131958007,-,15.0,0.2143775720164609,0.2332692146301269,56,0,0,['cluster'],['intersecting']
figure_ascending_markersize160_grid6_5d_umap.png,grid6_5d_umap,7776,32,160,0.3593020827325532,2.699550151824951,0.317389252328516,2.6272714138031006,0.1366749639972613,5.91975998878479,0.3828746168427261,2.5611448287963867,0.3442166867048805,2.682988405227661,0.1540094239345262,2.7644577026367188,0.1376383440855149,2.629638910293579,0.0481244933239937,5.784085512161255,0.1538728833473014,2.9897894859313965,0.1414688750545255,2.514565944671631,0.0980099577798083,2.6393630504608154,0.0878724645194967,2.836045265197754,0.0292036883048543,5.659990787506104,0.0962841940557512,2.619089365005493,0.0890294481443838,2.7416579723358154,0.0896347736625514,1.0973351001739502,173257,1.3476159572601318,0.0028292181069958,0.8831644058227539,0.0304327028564914,0.9978535175323486,1.9566839426399745,0.0750226974487304,-,15.0,0.2143775720164609,0.2361459732055664,74,0,0,['cluster'],['intersecting']
figure_descending_markersize10_grid6_5d_umap.png,grid6_5d_umap,7776,32,10,0.7216556959158147,0.663109540939331,0.7710445875665324,0.6809492111206055,0.9732092857840288,3.690606355667114,0.7454078219146039,0.938866376876831,0.7697629806514303,1.2372004985809326,0.2949889314130308,1.1326758861541748,0.3016298153049671,1.105372667312622,0.3132560248943954,4.155231475830078,0.2983603723850168,1.352491855621338,0.3021159152588069,1.1302759647369385,0.1853838533374417,1.151714324951172,0.1874870262350361,1.123354434967041,0.1866707468132611,4.1553099155426025,0.1865060775451946,1.1664695739746094,0.1879390329627051,1.3356451988220217,0.8175154320987654,1.7644965648651123,32497,0.8290390968322754,0.0028292181069958,0.5159347057342529,0.0304327028564914,0.965479850769043,1.9566839426399745,0.073254108428955,-,15.0,0.2143775720164609,0.2348582744598388,2,0,2464,['cluster'],['intersecting']
figure_descending_markersize60_grid6_5d_umap.png,grid6_5d_umap,7776,32,60,0.3501848856634882,1.4197711944580078,0.4219224865745868,1.4164197444915771,0.8829197545508884,4.963399648666382,0.3755197295930464,1.4202930927276611,0.4120794211845059,1.6108450889587402,0.1317497092335768,1.9401752948760984,0.1467514263475062,1.430204153060913,0.2059964464948793,4.997757911682129,0.1376077660163405,1.443556308746338,0.1464318319799321,1.6431550979614258,0.0811381095037412,2.0200324058532715,0.0888226938794553,1.4570810794830322,0.1166004044494375,4.779078722000122,0.0842382805774923,1.752712965011597,0.0890351773505894,1.699300765991211,0.2159207818930041,0.9031486511230468,131010,0.7871115207672119,0.0028292181069958,0.9743878841400146,0.0304327028564914,0.9930331707000732,1.9566839426399745,0.0746915340423584,-,15.0,0.2143775720164609,0.2364723682403564,59,0,43668,['cluster'],['intersecting']
figure_descending_markersize110_grid6_5d_umap.png,grid6_5d_umap,7776,32,110,0.2447010105972094,2.313518047332764,0.314989952079843,2.319751739501953,0.8215748057989845,5.3716888427734375,0.259857826989183,2.366624355316162,0.2960226494067267,1.8880479335784912,0.1055472626784027,2.3920276165008545,0.1251417619271114,2.044940710067749,0.207056978722246,5.453574895858765,0.1110347441549103,2.3484787940979004,0.1225156652304226,1.9789061546325684,0.0672846207326541,2.3739089965820312,0.0780812587144945,2.4106521606445312,0.1184553093503508,5.62705135345459,0.0706009178379731,2.1240127086639404,0.0772420082169837,2.405034303665161,0.1265432098765432,1.0183653831481934,158800,1.0179181098937988,0.0028292181069958,1.122666597366333,0.0304327028564914,1.0004401206970217,1.9566839426399745,0.0770571231842041,-,15.0,0.2143775720164609,0.2319591045379638,69,0,118252,['cluster'],['intersecting']
figure_descending_markersize160_grid6_5d_umap.png,grid6_5d_umap,7776,32,160,0.1917264429360057,3.05691146850586,0.2595664839461367,3.029975414276123,0.7595985482510814,5.719219446182251,0.2006992993596855,3.057080030441284,0.2357504825738217,2.543909072875977,0.0908609677996721,3.124615430831909,0.1132814819919115,2.7360310554504395,0.2066131607875352,6.1224682331085205,0.0954830295741092,2.702478170394897,0.1086077485023431,2.60901403427124,0.0595383846304579,3.0916454792022705,0.0724503346627321,2.693234920501709,0.1195680159671671,6.13456130027771,0.0626426997155029,2.6980645656585693,0.0705560973483563,3.049440860748291,0.0896347736625514,1.2466282844543457,173257,1.2670702934265137,0.0028292181069958,0.7853875160217285,0.0304327028564914,1.0063679218292236,1.9566839426399745,0.0764658451080322,-,15.0,0.2143775720164609,0.2352983951568603,96,0,213080,['cluster'],['intersecting']
figure_category_based_markersize10_n100-d5-c5-spr0.1-out0_umap.png,n100-d5-c5-spr0.1-out0_umap,100,5,10,1.0,0.3204238414764404,1.0,0.3670728206634521,1.0,0.7438476085662842,1.0,1.2299790382385254,1.0,0.7295682430267334,1.0,0.732471227645874,1.0,1.1555089950561523,1.0,1.181779384613037,1.0,0.7454204559326172,1.0,1.161461591720581,1.0,0.7367863655090332,1.0,0.7671723365783691,1.0,1.6076371669769287,1.0,0.7596330642700195,1.0,0.7441661357879639,1.0,1.0502002239227295,0,0.1222596168518066,0.0,0.5630865097045898,0.0296189151170205,0.0126953125,28.668423537521107,0.002009630203247,0.0037455547914624562,1.658919334411621,0.32,0.0007486343383789,0,0,0,['cluster'],['intersecting']
figure_category_based_markersize60_n100-d5-c5-spr0.1-out0_umap.png,n100-d5-c5-spr0.1-out0_umap,100,5,60,1.0,0.7946035861968994,1.0,0.7750093936920166,1.0,1.2081687450408936,1.0,0.7676916122436523,1.0,0.7801706790924072,0.9781784190236068,1.2254397869110107,0.9689849723665942,0.7890007495880127,0.9489372426418328,1.6583716869354248,0.9868002884637682,0.7958693504333496,0.9787704867250216,0.8005232810974121,0.9572888625907828,0.7864537239074707,0.9398359348755608,0.7980639934539795,0.9028359496125372,1.7185688018798828,0.973944501985264,0.7929043769836426,0.9584236197661432,0.8006305694580078,1.0,0.6176700592041016,64,0.6289653778076172,0.0,0.6276650428771973,0.0296189151170205,0.0122241973876953,28.668423537521107,0.0019924640655517,0.011142632057025358,1.3740479946136477,0.32,0.0007822513580322,0,0,0,['cluster'],['intersecting']
figure_category_based_markersize110_n100-d5-c5-spr0.1-out0_umap.png,n100-d5-c5-spr0.1-out0_umap,100,5,110,0.9768513654830632,0.8195316791534424,0.9818172423987857,0.8337738513946533,0.98792761413799,1.2574167251586914,0.9807388897715216,0.8139770030975342,0.9820290009962748,0.8089652061462402,0.918231997399812,1.312000036239624,0.9011390630280678,0.8134353160858154,0.8546179726933806,1.244605541229248,0.9308121745345302,0.8345112800598145,0.918298820271304,1.279963731765747,0.8662496692696745,0.8493649959564209,0.8327131126895153,0.8192262649536133,0.7530080636891744,1.2435119152069092,0.8857224828330923,0.8278512954711914,0.8623362709594325,1.3121180534362793,1.0,0.6504483222961426,390,0.6382424831390381,0.0,0.6531643867492676,0.0296189151170205,0.0118772983551025,28.668423537521107,0.0017602443695068,0.01676109612866484,0.913417100906372,0.32,0.0007884502410888,0,0,36,['cluster'],['intersecting']
figure_category_based_markersize160_n100-d5-c5-spr0.1-out0_umap.png,n100-d5-c5-spr0.1-out0_umap,100,5,160,0.9414402135193424,1.3458561897277832,0.9518510820340482,0.8528599739074707,0.9620557268698268,1.2804749011993408,0.9473460916248682,0.8926358222961426,0.9518286466702458,0.8524959087371826,0.8589281408272432,1.3819022178649902,0.8420745534453542,0.8768942356109619,0.7841884150953561,1.2991328239440918,0.8742758237820394,0.868138313293457,0.8632484519367001,0.8745131492614746,0.7897140356901288,0.8765890598297119,0.7550006865214529,0.8784325122833252,0.6618279744435229,1.29211688041687,0.8116704294059742,1.3955726623535156,0.7897516563185364,0.8773176670074463,1.0,0.7014968395233154,919,0.1290919780731201,0.0,0.6651945114135742,0.0296189151170205,0.0122768878936767,28.668423537521107,0.0018699169158935,0.01999608232706012,1.6207177639007568,0.32,0.0007960796356201,0,0,90,['cluster'],['intersecting']
figure_ascending_markersize10_n100-d5-c5-spr0.1-out0_umap.png,n100-d5-c5-spr0.1-out0_umap,100,5,10,1.0,0.8522121906280518,1.0,1.3920326232910156,1.0,1.307157278060913,1.0,0.9154021739959716,1.0,0.9507770538330078,1.0,0.8949568271636963,1.0,0.8687949180603027,1.0,1.3204748630523682,1.0,0.3212323188781738,1.0,1.426961898803711,1.0,0.8852803707122803,1.0,0.8837056159973145,1.0,1.3348214626312256,1.0,0.9123446941375732,1.0,0.8991498947143555,1.0,0.7297036647796631,0,0.1216511726379394,0.0,0.6928243637084961,0.0296189151170205,0.0123980045318603,28.668423537521104,0.0020270347595214,0.0037455547914624562,1.1990938186645508,0.32,0.0006735324859619,0,0,0,['cluster'],['intersecting']
figure_ascending_markersize60_n100-d5-c5-spr0.1-out0_umap.png,n100-d5-c5-spr0.1-out0_umap,100,5,60,1.0,0.901808738708496,1.0,0.8930935859680176,1.0,1.32273530960083,1.0,1.47411847114563,1.0,0.9129881858825684,0.9781784190236068,0.3287312984466553,0.9689885122843508,1.4677727222442627,0.9487854385736104,1.3466272354125977,0.9868002884637682,0.9499688148498536,0.9787861150225128,0.3370332717895508,0.9572888625907828,1.5101313591003418,0.9398425951890031,0.9231197834014891,0.9025611643794268,0.7691915035247803,0.973944501985264,1.4976515769958496,0.9584535907912084,0.9610533714294434,1.0,0.1276371479034423,64,0.7382504940032959,0.0,0.7385866641998291,0.0296189151170205,0.012491226196289,28.668423537521104,0.0019619464874267,0.011142632057025358,1.3303782939910889,0.32,0.0007214546203613,0,0,0,['cluster'],['intersecting']
figure_ascending_markersize110_n100-d5-c5-spr0.1-out0_umap.png,n100-d5-c5-spr0.1-out0_umap,100,5,110,0.9875443773236486,0.9377856254577636,0.9820503705441018,0.9140324592590332,0.9782299493609232,1.352088451385498,0.9858286822955772,0.9407596588134766,0.9832902169103652,1.543548345565796,0.9289646507085604,0.3454701900482178,0.9013739466630876,1.5395195484161377,0.844728253242607,0.756054162979126,0.9366682337334722,1.5509262084960938,0.91999641122862,0.3344082832336426,0.8769454924952098,1.5920820236206057,0.8329465512329837,0.3396394252777099,0.7432895157329475,2.01641583442688,0.892177881949726,0.3385131359100342,0.8643581893341302,1.5663719177246094,1.0,0.1286582946777343,390,0.7655951976776123,0.0,0.7638323307037354,0.0296189151170205,0.0124537944793701,28.668423537521104,0.0019018650054931,0.01676109612866484,1.422431707382202,0.32,0.0006790161132812,0,0,0,['cluster'],['intersecting']
figure_ascending_markersize160_n100-d5-c5-spr0.1-out0_umap.png,n100-d5-c5-spr0.1-out0_umap,100,5,160,0.9586636202285056,0.9825587272644044,0.9522526057913973,0.976189374923706,0.9461825190850448,1.404958963394165,0.9555568759207556,1.0077102184295654,0.953876966302354,0.984855890274048,0.8761892381173885,0.3452608585357666,0.842454859407819,1.0129106044769287,0.7684843940715541,2.051835775375366,0.8840310783770912,0.3442401885986328,0.8661587300664931,0.9523398876190186,0.8067813730084862,1.621478796005249,0.7553595114297862,0.3537395000457763,0.646978399066029,1.437471628189087,0.822467360511006,0.9925401210784912,0.7932149262580852,0.9701805114746094,1.0,0.7971560955047607,919,0.807086706161499,0.0,0.7884058952331543,0.0296189151170205,0.0121951103210449,28.668423537521104,0.0018317699432373,0.019996082327060117,1.628089189529419,0.32,0.0007023811340332,0,0,0,['cluster'],['intersecting']
figure_descending_markersize10_n100-d5-c5-spr0.1-out0_umap.png,n100-d5-c5-spr0.1-out0_umap,100,5,10,1.0,0.9941985607147216,1.0,0.3263921737670898,1.0,1.3858156204223633,1.0,0.9816100597381592,1.0,0.9766592979431152,1.0,0.9639732837677002,1.0,0.9912097454071044,1.0,1.4064435958862305,1.0,0.9909601211547852,1.0,0.9909734725952148,1.0,0.984325647354126,1.0,1.0056350231170654,1.0,1.4107751846313477,1.0,1.0240490436553955,1.0,1.797691822052002,1.0,0.110846996307373,0,0.806943416595459,0.0,0.8092222213745117,0.0296189151170205,0.0123031139373779,28.668423537521104,0.0018410682678222,0.0037455547914624562,1.3481135368347168,0.32,0.0007166862487792,0,0,0,['cluster'],['intersecting']
figure_descending_markersize60_n100-d5-c5-spr0.1-out0_umap.png,n100-d5-c5-spr0.1-out0_umap,100,5,60,1.0,0.3293602466583252,1.0,1.0218043327331543,1.0,1.4355158805847168,1.0,1.0278878211975098,1.0,1.041619062423706,0.9776754587086542,1.0888769626617432,0.968960713461512,1.0525929927825928,0.9501181289979176,0.7605562210083008,0.986211836459628,1.0077757835388184,0.9786216441794492,1.0070319175720217,0.956325921192997,1.0284287929534912,0.939790293262837,1.045694351196289,0.9049762218401362,1.4556772708892822,0.972798728499215,1.038367509841919,0.9581382242951956,1.034858226776123,1.0,0.8702750205993652,64,0.9085574150085448,0.0,0.1221377849578857,0.0296189151170205,0.012019395828247,28.668423537521104,0.0018510818481445,0.011142632057025358,1.4806621074676514,0.32,0.0006732940673828,0,0,0,['cluster'],['intersecting']
figure_descending_markersize110_n100-d5-c5-spr0.1-out0_umap.png,n100-d5-c5-spr0.1-out0_umap,100,5,110,0.9768423463330403,1.0571343898773191,0.9818170096272664,1.068650722503662,0.9879426527326368,0.7558975219726562,0.9807302988354306,1.0566167831420898,0.9820262365744472,1.066033124923706,0.9165237586438576,1.0409724712371826,0.9010849635511804,1.0699820518493652,0.8594059586350532,1.4824652671813965,0.9288170015812056,1.0646295547485352,0.9176270989054282,1.0489437580108645,0.8632211159280512,1.0524303913116455,0.832620893675622,0.3427114486694336,0.7604653010005573,1.4957432746887207,0.882123298855065,1.04378080368042,0.861154468055898,1.0883994102478027,1.0,0.8929500579833984,390,0.888404130935669,0.0,0.1174919605255127,0.0296189151170205,0.0123903751373291,28.668423537521104,0.0020296573638916,0.01676109612866484,1.5540733337402344,0.32,0.0006592273712158,0,0,36,['cluster'],['intersecting']
figure_descending_markersize160_n100-d5-c5-spr0.1-out0_umap.png,n100-d5-c5-spr0.1-out0_umap,100,5,160,0.9332543737755784,1.0867292881011963,0.9485105095220686,1.140147686004639,0.9874044302016908,1.527141571044922,0.93064897569419,1.0996556282043457,0.9408981515000432,0.343785285949707,0.8495844424519057,1.0935883522033691,0.8393432162895227,1.1283936500549316,0.8085561660266843,1.5553746223449707,0.8571917354699773,1.109945297241211,0.8531710507584034,1.091512680053711,0.7796828071018941,1.1541600227355957,0.7527111372416424,0.3495810031890869,0.6845617114122354,1.5209736824035645,0.7944822947430961,1.1002788543701172,0.780407697382991,1.12837815284729,1.0,0.9410362243652344,919,0.1268386840820312,0.0,0.9366328716278076,0.0296189151170205,0.0123045444488525,28.668423537521104,0.0019376277923583,0.01999608232706012,1.7480535507202148,0.32,0.0006914138793945,0,0,144,['cluster'],['intersecting']
figure_category_based_markersize10_olive_pca.png,olive_pca,572,3,10,0.9354992302035628,0.3298854827880859,0.9638128363156676,1.097752571105957,0.9833374305201364,1.4091105461120603,0.9243997892859958,1.1222500801086426,0.938003625972543,1.1128523349761963,0.7803344137519213,0.3449172973632812,0.7701632873262773,1.0952837467193604,0.7135586096982256,1.4327175617218018,0.7993412948590142,1.1235435009002686,0.7893965959526658,1.124218225479126,0.6693190681447749,1.1429035663604736,0.6413109158519228,0.3386800289154053,0.5599391828449352,1.3980989456176758,0.70408794327775,1.1494996547698977,0.6814371506947087,1.143562078475952,0.9615384615384616,0.14616060256958,500,0.9565439224243164,0.0052447552447552,0.9516234397888184,0.0307452794583399,0.0763049125671386,8.802240700975846,0.0062811374664306,-,15.0,0.1101398601398601,0.0021948814392089,0,0,33,['cluster'],"['intersecting','separated']"
figure_category_based_markersize60_olive_pca.png,olive_pca,572,3,60,0.8061935151449102,0.3736336231231689,0.8634646303785039,1.2157063484191897,0.904438754791582,1.467296838760376,0.7807601804316812,0.3736248016357422,0.8069326792227192,1.2371506690979004,0.4996359833064669,1.2085912227630615,0.4782971206140296,1.2154533863067627,0.4209954721230338,0.6539757251739502,0.505592047663057,1.21104097366333,0.4902255118826596,1.2018036842346191,0.3619886862984446,1.239739179611206,0.330756059518705,0.3738212585449219,0.2743494117674896,1.4673786163330078,0.373838009099157,1.2028028964996338,0.3520514041370856,1.2311248779296875,0.9283216783216784,1.0877089500427246,9247,0.1404762268066406,0.0052447552447552,1.001952886581421,0.0307452794583399,0.0776112079620361,8.802240700975846,0.0061380863189697,-,15.0,0.1101398601398601,0.0025250911712646,0,0,761,['cluster'],"['intersecting','separated']"
figure_category_based_markersize110_olive_pca.png,olive_pca,572,3,110,0.6752644159391853,0.4037537574768066,0.7532307906701295,1.337277889251709,0.8194771756466948,1.5360724925994873,0.6402304802824772,0.4161794185638428,0.6732077148584157,1.2509765625,0.3779269082927317,1.2875375747680664,0.3655422858283584,1.2956609725952148,0.3178009097323069,0.693812370300293,0.3730407188018942,1.2958412170410156,0.3629390270996546,1.2831766605377195,0.2623895622734952,0.4287700653076172,0.2413296944498926,1.2827117443084717,0.1971236525090187,1.548898458480835,0.263198932061979,1.2808430194854736,0.248438449988721,0.4095499515533447,0.8741258741258742,1.1498489379882812,23588,1.0575101375579834,0.0052447552447552,0.1248879432678222,0.0307452794583399,0.076509952545166,8.802240700975846,0.0063591003417968,-,15.0,0.1101398601398601,0.0022797584533691,0,0,2669,['cluster'],"['intersecting','separated']"
figure_category_based_markersize160_olive_pca.png,olive_pca,572,3,160,0.5802727332109209,1.3102283477783203,0.6682855289676998,1.356398344039917,0.749427418207315,0.7378764152526855,0.5415609620555486,1.3279197216033936,0.5761409609629675,1.353346586227417,0.3143489810427423,0.460057258605957,0.3096063216078308,1.3643503189086914,0.2699321216446345,1.60768723487854,0.3059560074338255,1.3812603950500488,0.3001946857010822,0.4427845478057861,0.2155623966341884,1.3900864124298096,0.2014727644371993,1.3293192386627195,0.1646112734218719,1.6671547889709473,0.2132026458918082,0.4499738216400146,0.2029774034194685,1.3314156532287598,0.8111888111888111,1.1867244243621826,37668,0.1649737358093261,0.0052447552447552,1.0660293102264404,0.0307452794583399,0.0760104656219482,8.802240700975846,0.0064518451690673,-,15.0,0.1101398601398601,0.0022435188293457,0,0,5378,['cluster'],"['intersecting','separated']"
figure_ascending_markersize10_olive_pca.png,olive_pca,572,3,10,0.968615314962458,1.2599334716796875,0.9640009093490176,0.3452579975128174,0.9561623492063892,1.5441405773162842,0.9749756225221818,1.2654902935028076,0.969265032689802,0.3313841819763183,0.8069401582568249,1.2146079540252686,0.7715915393788051,1.2440876960754397,0.6935277202358952,1.5352132320404053,0.839770936167739,0.3406779766082763,0.8135773793073957,1.2710812091827393,0.6915165748431704,1.2548267841339111,0.6432102506430974,0.3369140625,0.5440816691328111,1.5646536350250244,0.7374983907746158,1.2835280895233154,0.7009824634522006,1.2703237533569336,0.9615384615384616,0.1402449607849121,500,1.1020469665527344,0.0052447552447552,0.1272656917572021,0.0307452794583399,0.0775694847106933,8.802240700975847,0.0063533782958984,-,15.0,0.1101398601398601,0.0023860931396484,0,0,0,['cluster'],"['intersecting','separated']"
figure_ascending_markersize60_olive_pca.png,olive_pca,572,3,60,0.8859526583743867,1.390371561050415,0.8680146146207572,0.3850429058074951,0.834750766172642,1.5839776992797852,0.9019131654251764,1.3406784534454346,0.8826299170857009,0.3762378692626953,0.5359691768271622,1.333343505859375,0.4807603206835887,1.3747148513793943,0.3967250318769572,0.6572179794311523,0.5597647761523401,1.3389666080474854,0.5199457619232549,1.3283195495605469,0.3841972911698111,0.3817644119262695,0.332444292723322,1.3360507488250732,0.2601922051493724,0.6447958946228027,0.4058153065228553,1.3080103397369385,0.3685172238573533,1.323673963546753,0.9283216783216784,1.2032654285430908,9247,0.1414740085601806,0.0052447552447552,1.1105670928955078,0.0307452794583399,0.0773508548736572,8.802240700975847,0.0062661170959472,-,15.0,0.1101398601398601,0.0021140575408935,0,0,0,['cluster'],"['intersecting','separated']"
figure_ascending_markersize110_olive_pca.png,olive_pca,572,3,110,0.7980327904029699,1.3759901523590088,0.7647546396368746,1.3849127292633057,0.6961352570934126,0.7001585960388184,0.8197672795597348,1.3743741512298584,0.7881142160596553,1.3687400817871094,0.4240701415067004,1.4213316440582275,0.3707707705914163,0.418215274810791,0.2877226385396185,1.648956298828125,0.4379635101759636,0.4230003356933594,0.3993734930187191,1.401921272277832,0.2887569925660527,1.3835105895996094,0.2447046205221589,0.42964768409729,0.1813356191862761,1.66029691696167,0.2987989396041718,1.4035489559173584,0.2674517622418313,0.419933557510376,0.8741258741258742,1.2378871440887451,23588,1.198216676712036,0.0052447552447552,0.1267549991607666,0.0307452794583399,0.0782780647277832,8.802240700975847,0.0068085193634033,-,15.0,0.1101398601398601,0.0021655559539794,0,0,0,['cluster'],"['intersecting','separated']"
figure_ascending_markersize160_olive_pca.png,olive_pca,572,3,160,0.7318523522134617,1.4327752590179443,0.6842760634465416,1.447638988494873,0.5884097552604002,0.7340497970581055,0.7548328293124784,1.4764111042022705,0.7133922291275911,1.4360013008117676,0.3676074278448702,1.4711713790893557,0.3172075863008894,0.4632158279418945,0.2359705135868991,1.7473535537719729,0.3778577110094354,0.4647755622863769,0.3418634897680696,1.4304420948028564,0.2454475223205813,1.450222730636597,0.206457112838664,0.4642448425292969,0.1475766595923782,1.7388696670532229,0.2520033594742672,1.4802815914154053,0.2247931085367988,0.4592273235321045,0.8111888111888111,1.3439137935638428,37668,0.1616599559783935,0.0052447552447552,1.1636838912963867,0.0307452794583399,0.0766217708587646,8.802240700975847,0.0061783790588378,-,15.0,0.1101398601398601,0.0022778511047363,0,0,0,['cluster'],"['intersecting','separated']"
figure_descending_markersize10_olive_pca.png,olive_pca,572,3,10,0.9319685366891152,1.4254696369171145,0.9552013280819502,0.3309807777404785,0.9860935261306732,1.6585299968719482,0.923883110216296,1.3453962802886963,0.9379960955193516,0.3368275165557861,0.7762028469396549,1.373396396636963,0.7657064105372714,1.3644232749938965,0.7111785481041837,0.6044363975524902,0.7979213031883211,1.3497421741485596,0.7890376133255944,0.3320944309234619,0.6650490660800454,1.3452751636505127,0.6389500996971297,1.3728539943695068,0.5561330949764505,0.6176626682281494,0.7021856306477148,1.3490030765533447,0.6809062822794985,1.4036762714385986,0.9615384615384616,0.1375377178192138,500,1.202045202255249,0.0052447552447552,0.1238284111022949,0.0307452794583399,0.0758991241455078,8.802240700975846,0.006108283996582,-,15.0,0.1101398601398601,0.0020802021026611,0,0,33,['cluster'],"['intersecting','separated']"
figure_descending_markersize60_olive_pca.png,olive_pca,572,3,60,0.7851970925285194,1.4549226760864258,0.8398931369546524,0.3940503597259521,0.9279785791623264,1.7259626388549805,0.7760206431113037,0.3763701915740967,0.8053493897235714,1.408281326293945,0.4855000928473512,1.4763925075531006,0.4707738726360426,0.3708958625793457,0.4284385689851301,1.6748859882354736,0.4989242396853682,0.3803751468658447,0.4877733007682966,1.4402220249176023,0.3513829267422965,1.4637644290924072,0.3270435805854148,0.3790113925933838,0.27851253039662,1.7263710498809814,0.3676471771276842,0.3947045803070068,0.3498254670998962,1.5133171081542969,0.9283216783216784,1.3317687511444092,9247,0.1374437808990478,0.0052447552447552,1.267974853515625,0.0307452794583399,0.0764329433441162,8.802240700975846,0.0061719417572021,-,15.0,0.1101398601398601,0.0020945072174072,0,0,811,['cluster'],"['intersecting','separated']"
figure_descending_markersize110_olive_pca.png,olive_pca,572,3,110,0.6503266796669989,1.4886317253112793,0.7261950924439566,0.4159936904907226,0.8550835269293093,1.735032320022583,0.6343474024744515,1.499506950378418,0.6710923765066372,0.4100935459136963,0.3621973158920555,1.480591058731079,0.3579708126176332,0.411733865737915,0.328043243008127,1.76659893989563,0.3652727220581289,1.505422830581665,0.3597303937424561,0.4097375869750976,0.2509937247188125,1.4991421699523926,0.237529281688281,0.4100778102874756,0.2029516972463597,1.7687506675720217,0.2564801180096474,1.5035364627838137,0.2457237046792323,0.4201912879943847,0.8741258741258742,1.3568930625915527,23588,0.1507179737091064,0.0052447552447552,1.3065221309661863,0.0307452794583399,0.0760557651519775,8.802240700975846,0.0062253475189208,-,15.0,0.1101398601398601,0.0024287700653076,0,0,2795,['cluster'],"['intersecting','separated']"
figure_descending_markersize160_olive_pca.png,olive_pca,572,3,160,0.5543246634737736,0.778857946395874,0.6394313228401032,0.7254953384399414,0.794476125005391,1.0640170574188232,0.534812958236047,0.7816998958587646,0.5736284778067982,0.7206511497497559,0.2987282159489191,0.7057538032531738,0.3020795573570879,0.7862670421600342,0.2819042276144973,1.1595985889434814,0.2977832422938355,0.7573056221008301,0.2966858180486306,0.7392177581787109,0.204454996329002,0.8276293277740479,0.1977502817901919,0.9008939266204834,0.1713526775911383,1.044522762298584,0.206335231326545,0.7837786674499512,0.2000860676760244,0.7688376903533936,0.8111888111888111,0.5025649070739746,37668,0.4145905971527099,0.0052447552447552,0.390296459197998,0.0307452794583399,0.0780024528503418,8.802240700975846,0.0063738822937011,-,15.0,0.1101398601398601,0.0024538040161132,0,0,5582,['cluster'],"['intersecting','separated']"
figure_category_based_markersize10_spambase_pca.png,spambase_pca,4601,2,10,0.6547931572367824,0.8104391098022461,0.413348952264479,0.9226019382476808,0.0423179080443276,1.027878761291504,0.5546219143185689,0.8393688201904297,0.4690990472992788,0.9629778861999512,0.2909751406686823,0.8456990718841553,0.0107722321370856,0.8396415710449219,0.0332299880406488,0.9223151206970216,0.2661323906305782,1.0088346004486084,0.2405433119727763,0.9971706867218018,0.1870473601071649,0.8795742988586426,0.0054572260906573,0.8654491901397705,0.027355333657986,0.9411423206329346,0.1750692130362964,0.892789363861084,0.1617399339770153,0.9894914627075196,0.0256465985655292,0.5030553340911865,1568,0.5162878036499023,0.9128450336883286,0.5067462921142578,0.0193328218665847,1.0643706321716309,0.3205346103979226,0.045236587524414,-,15.0,0.3218865464029559,0.0121674537658691,976,0,23078,['cluster'],['intersecting']
figure_category_based_markersize60_spambase_pca.png,spambase_pca,4601,2,60,0.554419927553595,1.1660399436950684,0.4726882462202074,1.2914652824401855,-0.0555285128423095,1.3851511478424072,0.4401199966065864,1.0388243198394775,0.4046839737569535,1.320124626159668,0.2659856208063244,1.0418002605438232,0.0091143478459612,1.1839287281036377,-0.0499169439269246,1.3654420375823977,0.2329726494039344,1.2005741596221924,0.2195948365964911,1.3231699466705322,0.1749623156844704,1.0475680828094482,0.0046015372122242,1.169459581375122,-0.0453354588709931,1.561347484588623,0.1584135560766169,1.1014337539672852,0.1506791500754277,1.217763900756836,0.0134753314496848,0.6516549587249756,4554,0.6653618812561035,0.9128450336883286,0.3739228248596191,0.0193328218665847,1.0663137435913086,0.3205346103979226,0.0436975955963134,-,15.0,0.3218865464029559,0.0132105350494384,1094,0,146535,['cluster'],['intersecting']
figure_category_based_markersize110_spambase_pca.png,spambase_pca,4601,2,110,0.5627936274025659,1.523702621459961,0.5104464118990752,1.3317339420318604,-0.1066537559937821,1.7185521125793457,0.4515387448464985,1.535045862197876,0.4203936635040466,1.4745872020721436,0.2773055143894941,1.5353891849517822,0.0085065456023898,1.4398608207702637,-0.1052624675346969,1.7829608917236328,0.2428378114379213,1.4128942489624023,0.2306447031439035,1.7144198417663574,0.1839787053126123,1.4031047821044922,0.0042890107994492,1.3826584815979004,-0.1039070101234151,1.7855839729309082,0.16607708410943,1.3979718685150146,0.1589162401216715,1.518293857574463,0.0123886111714844,0.8309423923492432,6233,0.5737302303314209,0.9128450336883286,0.6768157482147217,0.0193328218665847,1.076829433441162,0.3205346103979226,0.0453021526336669,-,15.0,0.3218865464029559,0.0118019580841064,1096,0,293387,['cluster'],['intersecting']
figure_category_based_markersize160_spambase_pca.png,spambase_pca,4601,2,160,0.5706431977947557,1.90470027923584,0.530826200142438,1.674274206161499,-0.1422177934717281,1.894229888916016,0.4607398020981584,1.7104706764221191,0.4314612142014272,1.810880184173584,0.288839930184253,1.6820075511932373,0.0081912875765416,1.6922359466552734,-0.1488398186004813,1.898415327072144,0.2513566046163419,1.9192619323730469,0.2396095386531829,1.817115068435669,0.1933547127006926,1.4999406337738037,0.0041274898580269,1.9119043350219729,-0.1561086370228879,1.9117355346679688,0.1728190083605336,1.742781639099121,0.1658592725766754,1.8540363311767576,0.0119539230602043,0.9552223682403564,7458,0.6724197864532471,0.9128450336883286,0.4737505912780761,0.0193328218665847,1.0834176540374756,0.3205346103979226,0.0445730686187744,-,15.0,0.3218865464029559,0.0111992359161376,1096,0,435194,['cluster'],['intersecting']
figure_ascending_markersize10_spambase_pca.png,spambase_pca,4601,2,10,0.6608813343316322,1.1880571842193604,0.9994932606483944,0.958143949508667,0.0441144153042341,0.8883991241455078,0.5758853077540778,1.2148313522338867,0.4935608532021238,1.0999021530151367,0.2977196174610755,0.9644582271575928,0.9714893355053124,0.9926083087921144,0.0335682666884807,0.9083094596862792,0.271744528210383,0.9898393154144288,0.2452366522280262,1.3841030597686768,0.1921377600418192,0.731442928314209,0.9450118764864472,1.224329948425293,0.0270916425214092,1.2185256481170654,0.1778284570397857,0.7483747005462646,0.1631508959895378,1.1009252071380615,0.0256465985655292,0.7813472747802734,1568,0.5063526630401611,0.9128450336883286,0.4701399803161621,0.0193328218665847,1.084519386291504,0.3205346103979226,0.0439333915710449,-,15.0,0.3218865464029559,0.0117268562316894,775,0,0,['cluster'],['intersecting']
figure_ascending_markersize60_spambase_pca.png,spambase_pca,4601,2,60,0.5649343882444873,1.3033998012542725,0.9997516798158728,1.2598977088928225,-0.0574724308907492,1.1778349876403809,0.451763193624901,1.571685791015625,0.4189180531215905,1.1207563877105713,0.2773086213267908,1.2649681568145752,0.9791167746657774,1.263181209564209,-0.0477603772613342,1.5014874935150146,0.2386244587748284,1.2964136600494385,0.2238481970560917,1.439267635345459,0.1837538095061114,1.0142407417297363,0.9593164538130984,1.2852168083190918,-0.0408562334156821,1.500067949295044,0.1621318016333391,1.3335778713226318,0.152729474802966,1.4711496829986572,0.0134753314496848,0.6201610565185547,4554,0.9527013301849364,0.9128450336883286,0.529221773147583,0.0193328218665847,1.0861778259277344,0.3205346103979226,0.0448460578918457,-,15.0,0.3218865464029559,0.0115969181060791,709,0,0,['cluster'],['intersecting']
figure_ascending_markersize110_spambase_pca.png,spambase_pca,4601,2,110,0.5762153347504017,1.593571662902832,0.9998190289855728,1.5575273036956787,-0.1177243151508484,1.7996692657470703,0.4636402182215247,1.7057268619537354,0.4354748433734967,1.806079626083374,0.2912461717468221,1.6529157161712646,0.9810248411707162,1.3829562664031982,-0.1041872000879515,1.779179573059082,0.2491060496188943,1.717885971069336,0.2355668793831329,1.469499588012695,0.1948717270057134,1.6402945518493652,0.9629241874467086,1.6474828720092771,-0.0934422759059234,1.5163941383361816,0.1703036644401515,1.662165880203247,0.1614514096296688,1.8099257946014404,0.0123886111714844,0.6983461380004883,6233,1.079345464706421,0.9128450336883286,0.5695817470550537,0.0193328218665847,1.0820271968841553,0.3205346103979226,0.0444965362548828,-,15.0,0.3218865464029559,0.0121693611145019,625,0,0,['cluster'],['intersecting']
figure_ascending_markersize160_spambase_pca.png,spambase_pca,4601,2,160,0.585001615022817,1.927340269088745,0.9998470766616596,1.9353766441345213,-0.1600165034643228,1.777508020401001,0.4725881419449887,1.938541412353516,0.4474358139092681,2.1167593002319336,0.3037038947730699,1.639289140701294,0.9819500338043348,1.945580244064331,-0.1474674332916954,1.8146393299102783,0.2576058434761457,2.053744077682495,0.2450652379796909,1.8020861148834229,0.2050876200604076,2.008213996887207,0.9646824303844752,1.6122519969940186,-0.1367435146702003,2.1743452548980717,0.1770603559531938,1.6833951473236084,0.1687440535072384,2.114956378936768,0.0119539230602043,0.807744026184082,7458,0.803875207901001,0.9128450336883286,0.5884599685668945,0.0193328218665847,1.0812044143676758,0.3205346103979226,0.0433692932128906,-,15.0,0.3218865464029559,0.0111186504364013,552,0,0,['cluster'],['intersecting']
figure_descending_markersize10_spambase_pca.png,spambase_pca,4601,2,10,0.2840364104806621,1.2137880325317385,0.3569210545712891,1.2148091793060305,0.3795256193890566,1.043463945388794,0.4579673968410641,1.2791297435760498,0.4537317542020767,0.9905123710632324,0.1873969388780728,0.8860986232757568,0.010151513417004,1.3294546604156494,0.1383661477023222,1.0160024166107178,0.240419677556719,1.255246639251709,0.232419119497335,0.9691460132598876,0.1398238143238906,1.287410020828247,0.0051489801004882,0.8570976257324219,0.0846057020931232,1.4592421054840088,0.1629932051136783,0.8945364952087402,0.156220741232152,1.4009544849395752,0.0256465985655292,0.6286599636077881,1568,0.6405527591705322,0.9128450336883286,0.6506729125976562,0.0193328218665843,1.0907833576202393,0.3205346103979227,0.0437285900115966,-,15.0,0.3218865464029559,0.0116539001464843,901,0,24215,['cluster'],['intersecting']
figure_descending_markersize60_spambase_pca.png,spambase_pca,4601,2,60,0.2353233877228809,1.1076853275299072,0.3834368055021033,1.0964548587799072,-1.944426814610357,1.7519826889038086,0.3799335513120173,1.538853406906128,0.3828699721613697,1.265153884887695,0.1665795577596061,1.1234245300292969,0.0084363545141842,1.5356628894805908,0.1638065205258746,1.3361759185791016,0.2123618293008752,1.19327712059021,0.2086240079833469,1.6539554595947266,0.1289190796550422,1.1267595291137695,0.0042650974715725,1.581238031387329,0.0785927709577246,1.3193483352661133,0.1473654919881949,1.5607481002807615,0.1433738705333274,1.2675254344940186,0.0134753314496848,0.7174427509307861,4554,0.7017884254455566,0.9128450336883286,1.1369853019714355,0.0193328218665843,1.0817124843597412,0.3205346103979227,0.0441160202026367,-,15.0,0.3218865464029559,0.0117475986480712,925,0,156590,['cluster'],['intersecting']
figure_descending_markersize110_spambase_pca.png,spambase_pca,4601,2,110,0.2387079761247992,0.9602992534637452,0.4009311491168029,1.4738144874572754,-0.4597114843017014,2.03496527671814,0.3965862003923714,1.4471111297607422,0.397745982992194,1.9970879554748533,0.1715751579956624,1.4616367816925049,0.0078104289190444,1.4510095119476318,0.1450689919827755,1.6489653587341309,0.2224831858231447,1.8833441734313965,0.218789787575071,1.5907835960388184,0.1339139823330166,1.4271738529205322,0.0039436268115717,1.9278895854949951,0.06264949299742,1.7018921375274658,0.154609127005719,1.448305368423462,0.1508972263079174,1.5676352977752686,0.0123886111714844,0.8098709583282471,6233,0.8257415294647217,0.9128450336883286,1.1832313537597656,0.0193328218665843,1.0724847316741943,0.3205346103979227,0.0431592464447021,-,15.0,0.3218865464029559,0.0113940238952636,922,0,311228,['cluster'],['intersecting']
figure_descending_markersize160_spambase_pca.png,spambase_pca,4601,2,160,0.2394316299469542,2.168470621109009,0.4077882962482408,1.7159953117370603,-0.2286494541811441,1.9369111061096191,0.4085305421391418,2.182102680206299,0.408442207008133,1.8535101413726809,0.1742191161167209,1.7136647701263428,0.0075147613256195,1.7088525295257568,0.1156579842862842,1.9011545181274412,0.23003263169076,2.192984104156494,0.226256058031085,1.828579664230347,0.1369255499959742,1.712101936340332,0.0037923233092772,1.7227861881256104,0.0461555403522664,2.427070617675781,0.1600865431992115,1.7225782871246338,0.1564647595306011,1.837604522705078,0.0119539230602043,0.948476791381836,7458,0.935584306716919,0.9128450336883286,0.7223505973815918,0.0193328218665843,1.0825326442718506,0.3205346103979227,0.0444049835205078,-,15.0,0.3218865464029559,0.0119295120239257,921,0,462540,['cluster'],['intersecting']
figure_category_based_markersize10_ms_interleaved_40_80_3d_0_tsne.png,ms_interleaved_40_80_3d_0_tsne,185,3,10,1.0,1.269195795059204,1.0,0.8447957038879395,1.0,1.0719528198242188,1.0,0.8126091957092285,1.0,0.8041610717773438,0.9662636087320136,1.2944281101226809,0.9711081214874312,0.8197221755981445,0.9624370016980802,1.099174737930298,0.9703826332757336,0.8191843032836914,0.97121415343351,1.340127944946289,0.9347292181005542,0.8256430625915527,0.9438388442635256,0.8377120494842529,0.9275937974592472,1.1183605194091797,0.9424691780044576,0.8669381141662598,0.9440391862649338,0.8475520610809326,1.0,0.681971549987793,18,0.6857509613037109,0.0,0.7229537963867188,0.0297726059721937,0.0199460983276367,16.21323949916942,0.0027477741241455,0.0072267654716796316,2.737964868545532,0.0378378378378378,0.0009655952453613,0,0,0,['lip_cluster'],['touching']
figure_category_based_markersize60_ms_interleaved_40_80_3d_0_tsne.png,ms_interleaved_40_80_3d_0_tsne,185,3,60,1.0,0.8675503730773926,1.0,0.8700768947601318,1.0,1.122650146484375,1.0,0.8440101146697998,1.0,1.3970186710357666,0.8716154287231364,0.8921265602111816,0.8798334692945105,0.9071364402770996,0.8554613799007382,1.1352784633636477,0.8774162578029107,0.8764805793762207,0.8785126513555375,0.8594975471496582,0.7724453620779563,0.867201566696167,0.7854488106695925,0.8771200180053711,0.7474290206358847,1.159681797027588,0.7816042802166867,0.8728618621826172,0.7833460202804716,0.8811092376708984,1.0,0.6926836967468262,504,0.671518087387085,0.0,0.6795332431793213,0.0297726059721937,0.0204865932464599,16.21323949916942,0.0026772022247314,0.015236847092998681,3.121825695037842,0.0378378378378378,0.0010147094726562,0,0,0,['lip_cluster'],['touching']
figure_category_based_markersize110_ms_interleaved_40_80_3d_0_tsne.png,ms_interleaved_40_80_3d_0_tsne,185,3,110,1.0,0.902862787246704,1.0,0.908456802368164,1.0,1.145737886428833,1.0,1.455336570739746,1.0,0.9210147857666016,0.7469347109431381,0.3430492877960205,0.7510830063208298,1.4299423694610596,0.7084998189260499,1.1905322074890137,0.7513671795958461,0.9223084449768066,0.7505133709972271,0.9066476821899414,0.5960860279717185,0.924931526184082,0.6013874501845178,0.9060707092285156,0.5485866973219431,1.1925256252288818,0.6017519060188132,0.9183118343353271,0.6006573848623086,0.9192831516265868,1.0,0.7414062023162842,2309,0.7756788730621338,0.0,0.1130335330963134,0.0297726059721937,0.0201194286346435,16.21323949916942,0.0025947093963623,0.021966873127106046,3.334359169006348,0.0378378378378378,0.0008835792541503,0,0,0,['lip_cluster'],['touching']
figure_category_based_markersize160_ms_interleaved_40_80_3d_0_tsne.png,ms_interleaved_40_80_3d_0_tsne,185,3,160,1.0,1.53056001663208,1.0,0.356844425201416,1.0,1.7751121520996094,1.0,0.9442601203918456,1.0,0.9643356800079346,0.6481462512790006,0.9682159423828124,0.649800412507626,0.3650355339050293,0.6050711577525427,1.8101577758789065,0.6454608857223988,0.9531028270721436,0.6470012925466224,0.3589096069335937,0.4794499788843411,1.5451040267944336,0.481262487803342,0.9682338237762452,0.4337648913887785,1.2303571701049805,0.4765169782982856,0.3637208938598633,0.4781980122984834,1.5554132461547852,1.0,0.1510109901428222,5302,0.7480928897857666,0.0,0.7549910545349121,0.0297726059721937,0.0200629234313964,16.21323949916942,0.0026850700378417,0.027157364000296787,3.8510334491729736,0.0378378378378378,0.0009071826934814,0,0,0,['lip_cluster'],['touching']
figure_ascending_markersize10_ms_interleaved_40_80_3d_0_tsne.png,ms_interleaved_40_80_3d_0_tsne,185,3,10,1.0,1.5557942390441897,1.0,0.942225217819214,1.0,0.5841128826141357,1.0,1.525756597518921,1.0,0.315786600112915,0.9662636087320136,1.5616841316223145,0.9711154454388334,0.3212084770202636,0.9620038200936472,1.8566107749938965,0.970433852642408,0.3237230777740478,0.9712213169977316,0.9183495044708252,0.9347292181005542,1.5613446235656738,0.9438526811718224,0.9686577320098876,0.9267893646587776,0.5739331245422363,0.9425658129232892,0.9330785274505616,0.9440527229466228,1.6000304222106934,1.0,0.1189017295837402,18,0.7683918476104736,0.0,0.7655782699584961,0.0297726059721937,0.0200166702270507,16.21323949916942,0.0026764869689941,0.007226765471679631,2.4884049892425537,0.0378378378378378,0.0008521080017089,0,0,0,['lip_cluster'],['touching']
figure_ascending_markersize60_ms_interleaved_40_80_3d_0_tsne.png,ms_interleaved_40_80_3d_0_tsne,185,3,60,1.0,0.986433744430542,1.0,0.9690802097320556,1.0,1.2982492446899414,1.0,0.3442995548248291,1.0,1.6635665893554688,0.8737625244015258,0.3352377414703369,0.8800164080165764,0.9496903419494628,0.8501012886222034,1.2439014911651611,0.879147038892083,1.6577274799346924,0.8791173175802951,0.3327012062072754,0.7758244094454545,0.985222101211548,0.7857404468382615,1.0385751724243164,0.739283625775718,1.9379258155822756,0.7843553698810611,0.3328166007995605,0.7843080559354356,1.0538640022277832,1.0,0.8200678825378418,504,0.7974581718444824,0.0,0.8122217655181885,0.0297726059721937,0.0199189186096191,16.21323949916942,0.0027592182159423,0.015236847092998681,2.8161933422088623,0.0378378378378378,0.0008211135864257,0,0,0,['lip_cluster'],['touching']
figure_ascending_markersize110_ms_interleaved_40_80_3d_0_tsne.png,ms_interleaved_40_80_3d_0_tsne,185,3,110,1.0,0.3455913066864013,1.0,1.0189146995544434,1.0,1.2775123119354248,1.0,1.0391335487365725,1.0,1.0130839347839355,0.7536139861543009,1.0317168235778809,0.7516194660527054,1.0265061855316162,0.6945076453591663,1.2630960941314695,0.7559841551744287,1.005455493927002,0.7521846470950129,1.041486740112305,0.6046393154148448,0.9993205070495604,0.6020756056457686,1.00856614112854,0.5319890559989062,1.2791986465454102,0.6076965645726389,1.7147941589355469,0.6028012440653843,0.3380827903747558,1.0,0.8698532581329346,2309,0.8529300689697266,0.0,0.8585410118103027,0.0297726059721937,0.0204055309295654,16.21323949916942,0.0026533603668212,0.021966873127106046,2.3685803413391118,0.0378378378378378,0.0008902549743652,0,0,0,['lip_cluster'],['touching']
figure_ascending_markersize160_ms_interleaved_40_80_3d_0_tsne.png,ms_interleaved_40_80_3d_0_tsne,185,3,160,1.0,1.040493726730347,1.0,1.0471715927124023,1.0,1.3244564533233645,1.0,1.0538227558135986,1.0,1.0562551021575928,0.6577655740469568,1.0742912292480469,0.650713086873171,1.056180477142334,0.5871768146708507,1.3386790752410889,0.6517397491488399,1.059887170791626,0.6494313624118464,1.0629048347473145,0.4900526773331085,1.0688858032226562,0.4822644320808037,1.0639076232910156,0.415605307704555,1.3447730541229248,0.4833931347730492,1.08978009223938,0.480857724914745,1.0903570652008057,1.0,0.9172153472900392,5302,0.129042387008667,0.0,0.8647072315216064,0.0297726059721937,0.0196664333343505,16.21323949916942,0.0026609897613525,0.02715736400029679,3.478157520294189,0.0378378378378378,0.0008718967437744,0,0,0,['lip_cluster'],['touching']
figure_descending_markersize10_ms_interleaved_40_80_3d_0_tsne.png,ms_interleaved_40_80_3d_0_tsne,185,3,10,1.0,1.0727150440216064,1.0,1.0578787326812744,1.0,1.3142268657684326,1.0,1.0547688007354736,1.0,1.0682225227355957,0.9654433386696584,0.3245766162872314,0.9708561426559124,1.0734491348266602,0.9630263091143052,1.306552171707153,0.9702485102670464,1.051210641860962,0.9711356003336026,1.067091941833496,0.9331952272466062,1.0591773986816406,0.9433629086232918,1.0885581970214844,0.928689240217628,1.3507611751556396,0.9422161753984564,0.3259871006011963,0.9438907601900572,1.0751123428344729,1.0,0.8897581100463867,18,0.9195146560668944,0.0,0.1163558959960937,0.0297726059721937,0.0207219123840332,16.213239499169422,0.002751350402832,0.007226765471679631,2.6004953384399414,0.0378378378378378,0.0008449554443359,0,0,0,['lip_cluster'],['touching']
figure_descending_markersize60_ms_interleaved_40_80_3d_0_tsne.png,ms_interleaved_40_80_3d_0_tsne,185,3,60,1.0,1.1206603050231934,1.0,1.098843336105347,1.0,0.5979688167572021,1.0,1.0866787433624268,1.0,1.1098051071166992,0.868825788703771,1.119352102279663,0.8790516891751919,1.089857816696167,0.8598930111369749,1.4568302631378174,0.8761306752299681,0.3519814014434814,0.8778154244390685,1.0847218036651611,0.7680742541930574,1.112272024154663,0.7842035896627334,1.106889247894287,0.7542213314510998,1.3965539932250977,0.7795663213863796,1.121910810470581,0.7822380057222642,0.3281459808349609,1.0,0.9336268901824952,504,0.9301531314849854,0.0,0.9558801651000975,0.0297726059721937,0.019655704498291,16.213239499169422,0.0026171207427978,0.015236847092998683,2.134032964706421,0.0378378378378378,0.0008797645568847,0,0,0,['lip_cluster'],['touching']
figure_descending_markersize110_ms_interleaved_40_80_3d_0_tsne.png,ms_interleaved_40_80_3d_0_tsne,185,3,110,1.0,1.142859697341919,1.0,1.1312713623046875,1.0,1.4203853607177734,1.0,0.3480262756347656,1.0,1.1645896434783936,0.7413998707173977,1.1705403327941897,0.7496527641715645,1.144369125366211,0.7175921231787725,1.417041301727295,0.7475044393103745,0.3418605327606201,0.7486697429545162,1.1802215576171875,0.5890670543153311,1.1421327590942385,0.5995556615717802,1.1737556457519531,0.5595662161382744,1.4488375186920166,0.5968120469016256,0.3398060798645019,0.5982990811092512,1.1499605178833008,1.0,0.9574356079101562,2309,0.966571569442749,0.0,0.1177961826324462,0.0297726059721937,0.0199432373046875,16.213239499169422,0.0025453567504882,0.021966873127106046,3.1979362964630127,0.0378378378378378,0.0009574890136718,0,0,0,['lip_cluster'],['touching']
figure_descending_markersize160_ms_interleaved_40_80_3d_0_tsne.png,ms_interleaved_40_80_3d_0_tsne,185,3,160,1.0,1.1679394245147705,1.0,1.181185245513916,1.0,0.6234908103942871,1.0,1.1607935428619385,1.0,1.2148356437683103,0.6401716144483809,1.2026960849761963,0.6478253240388266,0.3726801872253418,0.6181574482243385,1.4576976299285889,0.6392043797655289,1.1951751708984375,0.6439626359451858,1.2008116245269775,0.4707738279699853,1.2779316902160645,0.4790988439258631,0.3589513301849365,0.4473428954912475,1.4784862995147705,0.46972842230003,1.2079379558563232,0.4748856137854584,0.3600740432739258,1.0,1.0579733848571775,5302,0.9976167678833008,0.0,0.1164026260375976,0.0297726059721937,0.0188953876495361,16.213239499169422,0.0025558471679687,0.0271573640002968,3.655011177062988,0.0378378378378378,0.0008389949798583,0,0,0,['lip_cluster'],['touching']
figure_category_based_markersize10_ms_interleaved_120_240_3d_50_centeredClusters_pca.png,ms_interleaved_120_240_3d_50_centeredClusters_pca,571,3,10,0.8568892520043397,0.3350644111633301,0.8755586154685446,1.208160638809204,0.8973902858555522,0.6180195808410645,0.8604185429455432,1.178218126296997,0.8713637821539222,1.1723434925079346,0.8051539229809315,1.1942250728607178,0.8139577770319293,0.3315377235412597,0.8096644507270949,1.452260971069336,0.8080838914670732,1.177475929260254,0.8117200413134548,1.1800143718719482,0.7593100134173243,0.3332569599151611,0.7604551619665484,1.1713252067565918,0.737562808493376,1.5032930374145508,0.7617506777531704,1.225562572479248,0.7597182920435888,0.3313584327697754,0.9964973730297724,1.0069105625152588,291,1.017017841339111,0.0,0.1162250041961669,0.0307701101780084,0.0856587886810302,9.586235550255113,0.0060572624206542,-,15.0,0.2819614711033275,0.002169132232666,0,0,71,['cluster'],['intersecting']
figure_category_based_markersize60_ms_interleaved_120_240_3d_50_centeredClusters_pca.png,ms_interleaved_120_240_3d_50_centeredClusters_pca,571,3,60,0.549530979765926,1.260917901992798,0.5632894270559485,1.2564890384674072,0.5928212692051469,0.653705358505249,0.5580522422555825,1.2737655639648438,0.5640504887739796,1.306272029876709,0.4504689557466355,1.3043169975280762,0.4429247890628005,0.3798446655273437,0.4262884644891246,1.5326390266418457,0.4560572921905809,1.2824466228485107,0.4470189258157068,0.3741853237152099,0.3816671551510482,1.28558349609375,0.364943124622746,1.247196912765503,0.3327997797667541,1.577611207962036,0.3855842392256589,0.3861346244812011,0.3702068538677171,1.2495276927947998,0.9929947460595446,1.154381275177002,8443,0.1310446262359619,0.0,1.0337677001953125,0.0307701101780084,0.0869989395141601,9.586235550255113,0.0067975521087646,-,15.0,0.2819614711033275,0.0022079944610595,0,0,2080,['cluster'],['intersecting']
figure_category_based_markersize110_ms_interleaved_120_240_3d_50_centeredClusters_pca.png,ms_interleaved_120_240_3d_50_centeredClusters_pca,571,3,110,0.4146291400596084,0.4112958908081054,0.4181555977756671,1.3024623394012451,0.4285026655640735,1.63069748878479,0.4231216956557065,1.371417760848999,0.422440763806286,0.4199607372283935,0.3169334996669366,1.339067459106445,0.3050258418405405,1.329782485961914,0.2814948000373979,0.6963365077972412,0.3215297267669529,1.3312180042266846,0.3102890457631007,1.362720966339111,0.2564971858417209,0.4089076519012451,0.2400748718950854,1.3042960166931152,0.2095900346599087,1.6581017971038818,0.259277035050066,1.3589935302734375,0.2451937614973719,0.4264934062957763,0.9632224168126094,1.202094316482544,24847,1.139270305633545,0.0,0.1211419105529785,0.0307701101780084,0.086003303527832,9.586235550255113,0.0062716007232666,-,15.0,0.2819614711033275,0.0022845268249511,1,0,6759,['cluster'],['intersecting']
figure_category_based_markersize160_ms_interleaved_120_240_3d_50_centeredClusters_pca.png,ms_interleaved_120_240_3d_50_centeredClusters_pca,571,3,160,0.3523079533769456,1.388095140457153,0.3506676430282984,0.4486520290374756,0.3496898195661734,1.683760166168213,0.3608262255486137,1.3978347778320312,0.3563756063803649,1.411304235458374,0.2579567768245846,0.4583721160888672,0.2455302362987845,1.386810302734375,0.2193267217550289,1.6614165306091309,0.2619567209841162,0.4685952663421631,0.2506107899887414,1.3961308002471924,0.203466621441668,1.418893575668335,0.1888954703350164,1.4336531162261963,0.1597663902878972,0.7404530048370361,0.2056161254021868,1.4056923389434814,0.1932563520672089,0.4619708061218261,0.9089316987740804,1.3061914443969729,41715,1.138023853302002,0.0,0.1201128959655761,0.0307701101780084,0.0841572284698486,9.586235550255113,0.0061068534851074,-,15.0,0.2819614711033275,0.002542495727539,5,0,12743,['cluster'],['intersecting']
figure_ascending_markersize10_ms_interleaved_120_240_3d_50_centeredClusters_pca.png,ms_interleaved_120_240_3d_50_centeredClusters_pca,571,3,10,0.8893295707813103,0.6829569339752197,0.8821292445710519,0.5791361331939697,0.8493375457820538,0.963576078414917,0.8847786616712091,0.6391613483428955,0.8807400387645172,0.6009600162506104,0.8345750134907426,0.5785856246948242,0.820129406050962,0.6575682163238525,0.7696007771720326,0.8607869148254395,0.830316291505257,0.7101919651031494,0.8203735191515951,0.701310396194458,0.7861717154893427,0.6199102401733398,0.7662724794384939,0.607795238494873,0.7035506473375718,1.0015559196472168,0.7821699779500163,0.7495155334472656,0.7677513227669798,0.6346757411956787,0.9964973730297724,0.3743410110473633,291,0.3504619598388672,0.0,0.3552312850952148,0.0307701101780084,0.0888383388519287,9.586235550255116,0.0062673091888427,-,15.0,0.2819614711033275,0.0025849342346191,0,0,0,['cluster'],['intersecting']
figure_ascending_markersize60_ms_interleaved_120_240_3d_50_centeredClusters_pca.png,ms_interleaved_120_240_3d_50_centeredClusters_pca,571,3,60,0.6341909043353697,0.6135959625244141,0.5813751097947533,0.6909947395324707,0.4892467759276236,0.9984989166259766,0.6290892124480567,0.719689130783081,0.5915535655472246,0.8426413536071777,0.5100311488795513,0.7163243293762207,0.4573855975311789,0.8296587467193604,0.368067059603189,0.9917235374450684,0.504805457133906,0.7458879947662354,0.4651048623252481,0.7412858009338379,0.4265271103425804,0.7681612968444824,0.3769860206587497,0.7768199443817139,0.2949996838631016,0.9264423847198486,0.4215278236105815,0.8981356620788574,0.3831943875796982,0.7776410579681396,0.9929947460595446,0.5115575790405273,8443,0.2882859706878662,0.0,0.437089204788208,0.0307701101780084,0.0861306190490722,9.586235550255116,0.0060780048370361,-,15.0,0.2819614711033275,0.002253770828247,0,0,0,['cluster'],['intersecting']
figure_ascending_markersize110_ms_interleaved_120_240_3d_50_centeredClusters_pca.png,ms_interleaved_120_240_3d_50_centeredClusters_pca,571,3,110,0.5038263801077183,0.6906695365905762,0.4369698891598268,0.958477258682251,0.3333601186725399,1.0029547214508057,0.4984817882610504,0.8424968719482422,0.4509263981351236,0.8443822860717773,0.3716568628952914,0.8554716110229492,0.3187395716682376,0.8554232120513916,0.2352291497076477,1.137214422225952,0.367131633830853,0.8795690536499023,0.3274362030016443,0.873445987701416,0.2944209745121471,0.8786571025848389,0.2508637310183272,0.9161815643310548,0.1817326464171879,1.147676706314087,0.290567087749165,0.9034874439239502,0.2570427619411344,0.8900806903839111,0.9632224168126094,0.6191258430480957,24847,0.5322318077087402,0.0,0.317889928817749,0.0307701101780084,0.0858783721923828,9.586235550255116,0.0059890747070312,-,15.0,0.2819614711033275,0.0023953914642333,0,0,0,['cluster'],['intersecting']
figure_ascending_markersize160_ms_interleaved_120_240_3d_50_centeredClusters_pca.png,ms_interleaved_120_240_3d_50_centeredClusters_pca,571,3,160,0.4411415749956995,0.8105201721191406,0.3692339335045629,1.11352276802063,0.2608853670455452,1.0707318782806396,0.4352646234628181,0.828557014465332,0.3841792251325296,0.9737660884857178,0.3095001302993326,1.0430908203125,0.2595337609277832,0.8533327579498291,0.1797285354626865,1.2794139385223389,0.3053231634576794,0.9978768825531006,0.2683141740624185,0.8333663940429688,0.2383684052209362,0.9984571933746338,0.2000873819755106,1.0254313945770264,0.1370840940993906,1.1273534297943115,0.2351290540991023,1.019453763961792,0.2061432084898188,1.013007879257202,0.9089316987740804,0.7089712619781494,41715,0.3827953338623047,0.0,0.5743622779846191,0.0307701101780084,0.0879018306732177,9.586235550255116,0.0060875415802001,-,15.0,0.2819614711033275,0.0021808147430419,1,0,0,['cluster'],['intersecting']
figure_descending_markersize10_ms_interleaved_120_240_3d_50_centeredClusters_pca.png,ms_interleaved_120_240_3d_50_centeredClusters_pca,571,3,10,0.8286108658742001,0.9309134483337402,0.8637699579521207,0.7408571243286133,0.9209602756557024,1.0425705909729004,0.8337885202307659,0.9438877105712892,0.8562776394462691,0.752852201461792,0.7796653560307562,0.9616122245788574,0.8035962663445183,0.7858428955078125,0.8298017423949637,1.0468525886535645,0.7840742858727932,0.7858314514160156,0.7984002874724485,0.7567863464355469,0.7361796958337247,0.7658736705780029,0.7512604405275672,0.7641360759735107,0.7550639654980861,1.062671184539795,0.7399548390465238,1.0028152465820312,0.7478516443126507,0.778470516204834,0.9964973730297724,0.6292862892150879,291,0.3675928115844726,0.0,0.6202244758605957,0.0307701101780084,0.0863041877746582,9.586235550255116,0.0060529708862304,-,15.0,0.2819614711033275,0.0022644996643066,0,0,127,['cluster'],['intersecting']
figure_descending_markersize60_ms_interleaved_120_240_3d_50_centeredClusters_pca.png,ms_interleaved_120_240_3d_50_centeredClusters_pca,571,3,60,0.4857645162437732,0.8388924598693848,0.542858195213066,1.0585298538208008,0.6472679259575792,1.1179218292236328,0.4930137902068318,1.0917770862579346,0.5286231271150754,0.6157960891723633,0.4011612468244555,1.0766973495483398,0.4247127717770371,0.8690204620361328,0.4526034165223002,1.1399078369140625,0.4069836546578734,0.8770537376403809,0.4200840241110649,0.8696119785308838,0.3416565659873044,0.8622498512268066,0.3488011294734052,0.8696858882904053,0.3479562757990269,1.1608989238739014,0.3465169829270073,0.871605396270752,0.348523688284489,1.1334314346313477,0.9929947460595446,0.5190176963806152,8443,0.4150738716125488,0.0,0.6708025932312012,0.0307701101780084,0.0707900524139404,9.586235550255116,0.0061631202697753,-,15.0,0.2819614711033275,0.0023396015167236,0,0,4029,['cluster'],['intersecting']
figure_descending_markersize110_ms_interleaved_120_240_3d_50_centeredClusters_pca.png,ms_interleaved_120_240_3d_50_centeredClusters_pca,571,3,110,0.3454339415645692,0.7040543556213379,0.3980935131539895,0.9281411170959472,0.4849275496383358,1.2230441570281982,0.3510243744118865,0.9408290386199952,0.3830106346083599,0.9578182697296144,0.2687198260119396,0.942491054534912,0.2874668025658978,0.9572029113769532,0.3028150232857999,1.2371737957000732,0.2725473713236411,0.9991331100463868,0.2832343450397546,1.004245042800903,0.2198871867603549,1.0250418186187744,0.2249540395834895,0.9453272819519044,0.2201417163991563,1.2352705001831057,0.2227484602571565,0.9530882835388184,0.2246990562586015,0.9648373126983644,0.9632224168126094,0.8784708976745605,24847,0.4607114791870117,0.0,0.42665696144104,0.0307701101780084,0.0724005699157714,9.586235550255116,0.0058817863464355,-,15.0,0.2819614711033275,0.0021250247955322,2,0,13780,['cluster'],['intersecting']
figure_descending_markersize160_ms_interleaved_120_240_3d_50_centeredClusters_pca.png,ms_interleaved_120_240_3d_50_centeredClusters_pca,571,3,160,0.2836107139422257,1.0524470806121826,0.3316453746840158,0.7396488189697266,0.4044288440502571,1.2980239391326904,0.2884304501499023,1.0321083068847656,0.3170265442062029,1.0135416984558103,0.2125282945855749,1.0352270603179932,0.2288568794308734,1.0341167449951172,0.2374655404390908,1.6307294368743896,0.2155035455098018,0.7549364566802979,0.2247072326452541,1.0741817951202393,0.1699364766375407,1.0611419677734375,0.1747085823185209,0.7900733947753906,0.1680770630373751,1.330711841583252,0.1720119538632661,1.0808863639831543,0.1740292625905984,1.0729448795318604,0.9089316987740804,0.5952651500701904,41715,0.4827432632446289,0.0,0.8052780628204346,0.0307701101780084,0.0873529911041259,9.586235550255116,0.0060505867004394,-,15.0,0.2819614711033275,0.0022566318511962,5,0,26440,['cluster'],['intersecting']
figure_category_based_markersize10_grid10_4d_tsne.png,grid10_4d_tsne,10000,16,10,0.6927992509263032,0.7263739109039307,0.7830255486528539,1.3331174850463867,0.982576306024955,2.9820034503936768,0.7082978397392337,1.400956392288208,0.7380598737677928,1.084751844406128,0.2643368570036943,1.383039951324463,0.2718618041054508,1.0196855068206787,0.2795070323951943,2.9838266372680664,0.2638562351095436,1.1142828464508057,0.2670530814857453,1.4333345890045166,0.1633270676524816,1.078171730041504,0.1644850096008975,1.39062762260437,0.1629268873087316,2.65838360786438,0.1621257971545588,1.4604685306549072,0.163019268618679,1.0807373523712158,0.8664,2.518704891204834,48764,1.0828704833984375,0.0,0.6459822654724121,0.0306523578452299,1.1262130737304688,1.696225009546931,0.0933701992034912,-,15.0,0.692,0.1077663898468017,0,0,1359,['cluster'],['intersecting']
figure_category_based_markersize60_grid10_4d_tsne.png,grid10_4d_tsne,10000,16,60,0.3082152545862375,1.994062900543213,0.3720221444367673,1.6099083423614502,0.6181744867239378,3.228104591369629,0.3121194508447165,2.0437676906585693,0.3347919777453804,2.0705745220184326,0.1294315392284433,1.667891263961792,0.1388316551192917,1.6479523181915283,0.1582322297668335,3.599975109100342,0.1299518178037173,2.0900955200195312,0.1334327449386575,1.650859832763672,0.0819155219555545,1.6642816066741943,0.0853393455004427,2.018037796020508,0.0907277695041836,3.239113569259644,0.0820585674428563,2.0845744609832764,0.0833201747842865,1.698530197143555,0.2059,1.0622782707214355,185710,0.9237592220306396,0.0,0.7320005893707275,0.0306523578452299,1.109382152557373,1.696225009546931,0.0905683040618896,-,15.0,0.692,0.1061317920684814,120,0,46068,['cluster'],['intersecting']
figure_category_based_markersize110_grid10_4d_tsne.png,grid10_4d_tsne,10000,16,110,0.2230926575546092,1.90614652633667,0.2653573634431754,2.360114574432373,0.4380339507838262,4.346343517303467,0.2263656469299804,2.4160609245300293,0.2413786823915866,2.346613883972168,0.1094540977998469,2.767510414123535,0.1184598028307538,2.300389051437378,0.1402583435936256,4.016292095184326,0.1101641375513147,2.794346332550049,0.113455925942584,2.458148002624512,0.0725160136726338,2.3583905696868896,0.0762493765845951,2.7822132110595703,0.0834970349445748,3.9333479404449454,0.0727955841826791,2.434532642364502,0.0741557953294596,2.4415671825408936,0.0958,1.1800816059112549,211234,1.2122979164123535,0.0,0.8159949779510498,0.0306523578452299,1.13081693649292,1.696225009546931,0.09440279006958,-,15.0,0.692,0.1037800312042236,224,0,141052,['cluster'],['intersecting']
figure_category_based_markersize160_grid10_4d_tsne.png,grid10_4d_tsne,10000,16,160,0.1908061438987177,3.012136697769165,0.2241454942037062,3.5150978565216064,0.3568956738927905,4.657158136367798,0.1939427500492874,3.0822055339813232,0.2056319407037086,3.067734956741333,0.1005932903282098,3.417588710784912,0.1090165671742127,3.0269217491149902,0.1301320825758845,4.609363079071045,0.1014013770558373,3.086289882659912,0.1044201643569147,3.55654239654541,0.0683007839415237,3.1381735801696777,0.072023031494199,3.0464441776275635,0.079573100393267,4.717658519744873,0.0686462541662751,3.57551908493042,0.0699773853990245,3.3702359199523926,0.0752,1.470433473587036,223941,1.469717502593994,0.0,0.908405065536499,0.0306523578452299,1.124953269958496,1.696225009546931,0.0947070121765136,-,15.0,0.692,0.1037302017211914,283,0,258941,['cluster'],['intersecting']
figure_ascending_markersize10_grid10_4d_tsne.png,grid10_4d_tsne,10000,16,10,0.7273881447806693,0.7288167476654053,0.7957104884532938,0.7196078300476074,0.9276410361453288,2.324955701828003,0.7351966016105403,1.2813568115234375,0.7603409011284415,1.25608491897583,0.2714704483013235,1.2730326652526855,0.2748894227102699,1.2420237064361572,0.2640034288278836,2.8135650157928467,0.2694003965085073,1.8264353275299072,0.2708969853050592,1.3128221035003662,0.1668751888712134,1.2728464603424072,0.1661429200980736,1.2566003799438477,0.153901653409293,2.866236925125122,0.1649154390255922,1.2917675971984863,0.164807617380238,1.289759635925293,0.8664,2.7327558994293213,48764,0.8941152095794678,0.0,0.8555943965911865,0.0306523578452299,1.1232421398162842,1.696225009546931,0.0934159755706787,-,15.0,0.692,0.1061944961547851,0,0,0,['cluster'],['intersecting']
figure_ascending_markersize60_grid10_4d_tsne.png,grid10_4d_tsne,10000,16,60,0.3585849570835173,1.873176336288452,0.3892829670541996,1.947300672531128,0.4726269324829264,4.0391271114349365,0.3514730491119533,2.0328197479248047,0.3633871198333617,1.922133207321167,0.1410642919300019,1.888471603393555,0.1431945247670943,1.941288471221924,0.1296671684683705,3.555210828781128,0.139077027776578,1.935781478881836,0.138959869881999,1.8854200839996336,0.0878025332773532,1.9018845558166504,0.0877332354709521,1.970868825912476,0.0751412404593363,3.549534797668457,0.0866900306755322,1.964894771575928,0.0859050569099423,1.958191156387329,0.2059,1.2568905353546145,185710,1.134871006011963,0.0,0.2775793075561523,0.0306523578452299,1.1130099296569824,1.696225009546931,0.092742919921875,-,15.0,0.692,0.1086196899414062,129,0,0,['cluster'],['intersecting']
figure_ascending_markersize110_grid10_4d_tsne.png,grid10_4d_tsne,10000,16,110,0.2731367096498255,2.0050880908966064,0.2818258815368414,2.731076240539551,0.2914418469715708,4.2699244022369385,0.2646519966540028,2.6650118827819824,0.2681585630455499,2.5787956714630127,0.1242399497669075,2.611265182495117,0.1238976292167439,2.719978809356689,0.1017248552126821,4.317655563354492,0.1215812399652207,2.604917287826538,0.1204506586026801,2.597320556640625,0.0804071087631084,2.611844301223755,0.0794024567048046,2.7527899742126465,0.0616155774345167,4.891759634017944,0.0789181316192403,2.920285701751709,0.07766886261318,1.9613943099975584,0.0958,1.3925960063934326,211234,1.4067153930664062,0.0,1.0130937099456787,0.0306523578452299,1.11419677734375,1.696225009546931,0.0927934646606445,-,15.0,0.692,0.1051149368286132,197,0,0,['cluster'],['intersecting']
figure_ascending_markersize160_grid10_4d_tsne.png,grid10_4d_tsne,10000,16,160,0.2404935354687964,3.357748508453369,0.2403811916132195,4.111786603927612,0.2143765206140064,4.455058813095093,0.2316845836405666,3.397001028060913,0.2316797698193831,3.967944860458374,0.1170059290182523,2.727457046508789,0.1151342225039486,4.177473306655884,0.0855725005073494,4.339705228805542,0.1140459943393258,3.371933460235596,0.1121715651887855,3.2522592544555664,0.0773094160648724,4.15392017364502,0.0756946662594925,2.803391218185425,0.0534550556989118,5.108471393585205,0.0756396963071813,3.455085277557373,0.0739999211075488,3.335777759552002,0.0752,1.665621042251587,223941,1.7378199100494385,0.0,1.0816514492034912,0.0306523578452299,1.1173043251037598,1.696225009546931,0.0955832004547119,-,15.0,0.692,0.1058082580566406,246,0,0,['cluster'],['intersecting']
figure_descending_markersize10_grid10_4d_tsne.png,grid10_4d_tsne,10000,16,10,0.6680586632116176,0.7237141132354736,0.773916557229985,0.7160441875457764,1.0555768150047302,2.2904129028320312,0.6741917176465722,1.4534912109375,0.7099592758609751,1.4508335590362549,0.2586903146844163,1.4325249195098877,0.2692445941333785,0.7106451988220215,0.2951059832866737,3.001185655593872,0.2569522822712682,1.4633607864379885,0.262147912218838,1.4724204540252686,0.160400940324445,1.412700891494751,0.1629709996858596,1.4083518981933594,0.1715302098426367,3.027543306350708,0.1587228842222744,1.458146333694458,0.1607523421108933,1.452098369598389,0.8664,2.904322624206543,48764,0.313896894454956,0.0,0.9913523197174072,0.0306523578452299,1.0961496829986572,1.696225009546931,0.090585708618164,-,15.0,0.692,0.1060070991516113,1,0,3324,['cluster'],['intersecting']
figure_descending_markersize60_grid10_4d_tsne.png,grid10_4d_tsne,10000,16,60,0.2694053255255164,2.050074815750122,0.356507242700194,2.019089698791504,0.8517657086559451,3.631860017776489,0.2744789796108229,2.006126642227173,0.3056614652835197,2.041919946670532,0.1189308033560667,2.0281357765197754,0.1335374189932158,2.1637325286865234,0.1891362104032099,3.5870354175567627,0.1202384339641067,2.05024790763855,0.1271668484739975,2.114348888397217,0.0763089535471801,1.3282454013824463,0.0821552047568343,2.0781900882720947,0.1063789277406905,3.652003288269043,0.0769802183482237,2.079345703125,0.080284037891279,2.091596364974976,0.2059,1.3915531635284424,185710,0.4956793785095215,0.0,1.092496395111084,0.0306523578452299,1.121424913406372,1.696225009546931,0.0952622890472412,-,15.0,0.692,0.1080005168914794,112,0,98708,['cluster'],['intersecting']
figure_descending_markersize110_grid10_4d_tsne.png,grid10_4d_tsne,10000,16,110,0.1846431372342615,1.964515686035156,0.2504898248696653,2.9090511798858643,0.6618893181362747,3.63239312171936,0.1908017348858273,2.7793188095092773,0.2147617691230323,2.8173415660858154,0.0960199672540257,2.8012945652008057,0.1120742183171439,2.9519948959350586,0.1797326203423681,3.646150588989258,0.0981034555948702,2.830569267272949,0.105698580177574,2.7114951610565186,0.0648796705735,2.800608396530152,0.0721858041838202,2.871989488601685,0.1039845424648653,4.344554662704468,0.0660257798580736,2.858266592025757,0.0700996433632753,1.9800968170166016,0.0958,1.580143690109253,211234,1.7258522510528564,0.0,0.2768080234527588,0.0306523578452299,1.111870050430298,1.696225009546931,0.0942385196685791,-,15.0,0.692,0.1027779579162597,216,0,302988,['cluster'],['intersecting']
figure_descending_markersize160_grid10_4d_tsne.png,grid10_4d_tsne,10000,16,160,0.1526836915040084,2.654380798339844,0.2096767340174632,2.783787965774536,0.5643417554117776,4.339040756225586,0.1589906228708496,2.589679718017578,0.1799858262790649,3.357062101364136,0.0855353867593061,3.4897685050964355,0.1021554929700604,3.5665769577026367,0.1742711537894432,5.173704624176025,0.0879552439670037,2.7372376918792725,0.0958214773655663,3.2850797176361084,0.0594083610552182,3.505972146987915,0.0675276382944322,3.5217411518096924,0.103046118506671,4.244626998901367,0.0607933838573994,3.36181378364563,0.0652905407552709,3.402207612991333,0.0752,1.7610480785369873,223941,0.861504077911377,0.0,1.2021865844726562,0.0306523578452299,1.1119279861450195,1.696225009546931,0.0923538208007812,-,15.0,0.692,0.1084225177764892,282,0,554834,['cluster'],['intersecting']
figure_category_based_markersize10_twosquare_tsne.png,twosquare_tsne,968,4,10,1.0,0.3400797843933105,1.0,0.361424446105957,1.0,0.7198855876922607,1.0,1.167804718017578,1.0,1.165450096130371,1.0,0.3495490550994873,1.0,1.1593234539031982,1.0,1.546644687652588,1.0,1.176659107208252,1.0,0.3428361415863037,1.0,1.1839210987091064,1.0,1.178856611251831,1.0,1.54858136177063,1.0,0.3495936393737793,1.0,1.173053741455078,1.0,1.048872947692871,0,1.0177299976348877,0.0,0.1279740333557129,0.0294714162120531,0.1039483547210693,8.773577577908025,0.0094807147979736,-,15.0,0.1363636363636363,0.0044167041778564,0,0,0,['cluster'],['intersecting']
figure_category_based_markersize60_twosquare_tsne.png,twosquare_tsne,968,4,60,0.7990364886321758,0.4051973819732666,0.8471633493447368,1.2751548290252686,1.2127473298721791,1.661158561706543,0.8580242690594231,1.2710301876068115,0.8751287722576406,0.4069380760192871,0.5527652541349646,1.2545099258422852,0.5819012928202236,1.2721710205078125,0.7046777088102083,0.794968843460083,0.5821429679696974,1.271820068359375,0.58849408787694,1.2843010425567627,0.4225354868512704,1.301680326461792,0.4431447228845048,0.3992354869842529,0.4966222638126105,1.646332025527954,0.4405065181173617,1.3167638778686523,0.4432985954772962,1.289283275604248,1.0,0.4549102783203125,10610,1.0520241260528564,0.0,0.1339888572692871,0.0294714162120531,0.1044657230377197,8.773577577908025,0.0099775791168212,-,15.0,0.1363636363636363,0.0044615268707275,0,0,44,['cluster'],['intersecting']
figure_category_based_markersize110_twosquare_tsne.png,twosquare_tsne,968,4,110,0.5966223057861257,0.4765577316284179,0.6736026564594375,1.3972411155700684,1.7558867685707913,0.8695249557495117,0.7012376474092534,1.3663997650146484,0.7259007017613512,1.365856409072876,0.2799354724821172,1.3775415420532229,0.2913392703057946,0.4807088375091553,0.3330977538324006,1.7708072662353516,0.298591158062693,1.4871165752410889,0.2995346657377064,1.479487657546997,0.1828688008421742,0.4818201065063476,0.1858634509385797,1.3906736373901367,0.184001759998953,1.7671198844909668,0.1896787481994543,0.4981169700622558,0.1886997315212123,1.3973796367645264,0.9710743801652892,1.4068429470062256,56385,0.1726279258728027,0.0,1.1066486835479736,0.0294714162120531,0.1029424667358398,8.773577577908025,0.0098285675048828,-,15.0,0.1363636363636363,0.0047316551208496,0,0,177,['cluster'],['intersecting']
figure_category_based_markersize160_twosquare_tsne.png,twosquare_tsne,968,4,160,0.5187292656908078,1.5179696083068848,0.6033679979626503,0.5477652549743652,2.3229847964696795,1.8350188732147217,0.6289189548101526,1.480273723602295,0.6569520986727562,0.5656957626342773,0.2137085545119817,1.461519479751587,0.2210107308525501,1.4896321296691897,0.2456891440243219,1.875502586364746,0.2271323287276738,0.5603253841400146,0.2279787046725473,1.4887871742248535,0.1345758842690475,0.5659754276275635,0.1352819156896982,1.4603052139282229,0.1297035843174186,1.8715157508850095,0.1385922706106674,1.5162882804870603,0.1379202251884373,0.5549793243408203,0.8853305785123967,1.3960518836975098,99387,0.188392162322998,0.0,1.1136524677276611,0.0294714162120531,0.102959394454956,8.773577577908025,0.0093414783477783,-,15.0,0.1363636363636363,0.004669189453125,2,0,725,['cluster'],['intersecting']
figure_ascending_markersize10_twosquare_tsne.png,twosquare_tsne,968,4,10,1.0,0.3460497856140136,1.0,1.3088891506195068,1.0,0.7329497337341309,1.0,1.3091139793395996,1.0,1.3235158920288086,1.0,0.3547601699829101,1.0,1.3097236156463623,1.0,1.7161376476287842,1.0,0.3448631763458252,1.0,1.3175902366638184,1.0,0.3509459495544433,1.0,1.2889420986175537,1.0,1.7038002014160156,1.0,1.3408856391906738,1.0,0.3492937088012695,1.0,1.2015628814697266,0,0.135063886642456,0.0,1.1291680335998535,0.0294714162120531,0.1022753715515136,8.773577577908025,0.0096409320831298,-,15.0,0.1363636363636363,0.0043272972106933,0,0,0,['cluster'],['intersecting']
figure_ascending_markersize60_twosquare_tsne.png,twosquare_tsne,968,4,60,0.8245149198255092,1.4158146381378174,0.8842326132142427,1.4931349754333496,1.1450996151091637,0.8190279006958008,0.8583272675355981,1.4165527820587158,0.8752942773453807,1.449446439743042,0.5715067155738882,0.4303624629974365,0.6015386138948183,1.4072473049163818,0.6144419177274356,1.7932422161102295,0.5848609710242485,0.4222722053527832,0.5896938635726181,1.3804771900177002,0.4373138759084454,1.4168498516082764,0.4558127775992754,0.4171969890594482,0.4198681982480999,1.7879700660705566,0.4435456562877546,1.417799949645996,0.4446188514081747,0.4128880500793457,1.0,1.4921793937683103,10610,1.208536148071289,0.0,0.1332278251647949,0.0294714162120531,0.1014225482940673,8.773577577908025,0.0095317363739013,-,15.0,0.1363636363636363,0.0043764114379882,0,0,0,['cluster'],['intersecting']
figure_ascending_markersize110_twosquare_tsne.png,twosquare_tsne,968,4,110,0.6398428883498899,1.5441792011260986,0.7380122161115901,0.4940865039825439,1.463434354605323,1.882352590560913,0.7026047363457385,1.52059006690979,0.726491333732439,0.4929063320159912,0.3002796049076148,1.5190231800079346,0.3080568978737977,1.5406010150909424,0.2588039576197348,0.8752388954162598,0.302580825585372,1.5499331951141355,0.3012572824044441,0.4836480617523193,0.1961716959217009,1.5083224773406982,0.1946541724851525,1.5838706493377686,0.1419540520756506,0.8713622093200684,0.1928071810410939,1.540752410888672,0.1900286367996722,0.4933774471282959,0.9710743801652892,1.523813247680664,56385,1.2867884635925293,0.0,0.1357579231262207,0.0294714162120531,0.1045310497283935,8.773577577908025,0.0099914073944091,-,15.0,0.1363636363636363,0.0044858455657958,0,0,0,['cluster'],['intersecting']
figure_ascending_markersize160_twosquare_tsne.png,twosquare_tsne,968,4,160,0.5662959973642732,0.5422623157501221,0.6719209145013432,0.5814075469970703,1.725274881092691,1.9784376621246336,0.6316786865050847,1.6416687965393066,0.6581805665688159,0.5598146915435791,0.2362786176343579,1.6234514713287354,0.2372854828045584,0.5718898773193359,0.1786041972296556,2.0052804946899414,0.2316517117036092,1.6543011665344238,0.2299491006252165,0.5513222217559814,0.1492822029086463,1.6484107971191406,0.144084012668428,0.576608419418335,0.0941767914596144,2.052354335784912,0.1418325540544852,1.6877856254577637,0.1393099715413562,0.5563879013061523,0.8853305785123967,1.5374367237091064,99387,0.1979424953460693,0.0,1.2633390426635742,0.0294714162120531,0.1031756401062011,8.773577577908025,0.009765625,-,15.0,0.1363636363636363,0.0044517517089843,2,0,0,['cluster'],['intersecting']
figure_descending_markersize10_twosquare_tsne.png,twosquare_tsne,968,4,10,1.0,1.4358680248260498,1.0,1.4382309913635254,1.0,0.7202699184417725,1.0,1.432145357131958,1.0,0.3470861911773681,1.0,1.449477195739746,1.0,0.3539695739746094,1.0,1.7942101955413818,1.0,1.4550189971923828,1.0,0.3441874980926513,1.0,1.4459049701690674,1.0,0.3543820381164551,1.0,1.825392484664917,1.0,1.4670584201812744,1.0,0.3454756736755371,1.0,1.3407776355743408,0,0.1367363929748535,0.0,1.2624552249908447,0.0294714162120531,0.103086233139038,8.773577577908027,0.0098028182983398,-,15.0,0.1363636363636363,0.0046525001525878,0,0,0,['cluster'],['intersecting']
figure_descending_markersize60_twosquare_tsne.png,twosquare_tsne,968,4,60,0.7984262610970234,0.773914098739624,0.8469985514682831,0.709143877029419,1.2112025006324665,1.2185842990875244,0.8154699265255931,0.803229808807373,0.8388394075776306,0.7289493083953857,0.5466531872517109,0.7063682079315186,0.5804949253210983,0.7909588813781738,0.7790859401318747,1.2707946300506592,0.5586279805721104,0.7483208179473877,0.569876360901671,0.7704637050628662,0.4155994446883895,0.7675824165344238,0.4415603047445966,0.928076982498169,0.5742225360939301,1.275770664215088,0.4248244656837643,0.8178911209106445,0.4315162393220588,0.8139541149139404,1.0,0.7311835289001465,10610,0.3038387298583984,0.0,0.6294052600860596,0.0294714162120531,0.1054255962371826,8.773577577908027,0.009723424911499,-,15.0,0.1363636363636363,0.0045621395111083,0,0,1111,['cluster'],['intersecting']
figure_descending_markersize110_twosquare_tsne.png,twosquare_tsne,968,4,110,0.5932002418261513,0.661973237991333,0.6728919579321705,0.9440970420837402,1.685285424806202,1.4341590404510498,0.6255871435521896,0.924541711807251,0.6608549470862344,0.9100222587585448,0.2718287794553357,0.9575183391571044,0.2895762754915835,0.9584078788757324,0.4028232213792305,1.3712093830108645,0.2791685323011625,0.9655420780181884,0.2853195566420304,1.1099247932434082,0.1763108315818694,0.9703247547149658,0.1844841293871508,0.975998878479004,0.2287499439997938,1.3764641284942627,0.1796740850853392,0.8205742835998535,0.1819341937871021,1.0235085487365725,0.9710743801652892,0.8138442039489746,56385,0.5314760208129883,0.0,0.3196864128112793,0.0294714162120531,0.1027603149414062,8.773577577908027,0.0095279216766357,-,15.0,0.1363636363636363,0.004723310470581,0,0,5972,['cluster'],['intersecting']
figure_descending_markersize160_twosquare_tsne.png,twosquare_tsne,968,4,160,0.5124997992175808,1.1116211414337158,0.6020827589902391,1.1108691692352295,2.066671811190158,1.3289785385131836,0.5478540890038883,1.1285982131958008,0.5873003411335094,0.939932107925415,0.2048560879681572,1.142137050628662,0.219092218526491,1.1290671825408936,0.3107539942676173,1.5055358409881592,0.2128473413688036,1.127793550491333,0.2184316690248572,1.1460225582122805,0.128012600980519,1.1629745960235596,0.1339104891756116,1.173673391342163,0.1680082307147145,1.567760705947876,0.1320811632628756,0.9865093231201172,0.134165604569907,1.00714373588562,0.8853305785123967,0.8676645755767822,99387,0.6544845104217529,0.0,0.3675720691680908,0.0294714162120531,0.1019086837768554,8.773577577908027,0.009570837020874,-,15.0,0.1363636363636363,0.0044374465942382,0,0,12599,['cluster'],['intersecting']
figure_category_based_markersize10_interleaved_100_200_6d_25_cramped_rotated_umap.png,interleaved_100_200_6d_25_cramped_rotated_umap,1034,6,10,0.8998871047304856,0.370668888092041,0.9196862988839812,1.0042965412139893,0.9834790181194192,1.3491389751434326,0.8991338077830126,1.0243213176727295,0.9172793683446564,0.7940928936004639,0.7042121764677531,1.0194785594940186,0.7180772341615627,0.8292417526245117,0.7100208415837823,1.3844916820526123,0.7066552338728653,0.8266775608062744,0.7157320412092454,1.0513501167297363,0.5784350292480822,0.7632200717926025,0.5889668460545878,0.7608556747436523,0.5555493170975622,1.5189571380615234,0.5820542363548449,0.7633287906646729,0.5867988646648681,0.8346219062805176,0.986460348162476,0.7115237712860107,1111,0.4183206558227539,0.0,0.6496145725250244,0.0301424725916556,0.1036159992218017,5.895093851513247,0.0098581314086914,-,15.0,0.0986460348162475,0.0066940784454345,0,0,49,['cluster'],['intersecting']
figure_category_based_markersize60_interleaved_100_200_6d_25_cramped_rotated_umap.png,interleaved_100_200_6d_25_cramped_rotated_umap,1034,6,60,0.599914782741718,0.6809687614440918,0.6605170555741926,1.1891305446624756,0.9071978234521711,1.5073368549346924,0.6050064923224008,0.9568629264831544,0.654377141010579,0.949005126953125,0.3394077599379377,0.9658856391906738,0.3489926955127149,1.2220458984375,0.3477858974826909,1.2522273063659668,0.3401920199815976,1.193321704864502,0.3475529556532057,0.946631908416748,0.2366464113899686,0.9771132469177246,0.2371458910587768,0.9883906841278076,0.2151292184905233,1.5781497955322266,0.2366215452220412,1.002145767211914,0.2366108984987521,0.9741039276123048,0.9497098646034816,0.9523091316223145,23207,0.4776110649108886,0.0,0.4460647106170654,0.0301424725916556,0.1067242622375488,5.895093851513247,0.0102102756500244,-,15.0,0.0986460348162475,0.0070550441741943,0,0,1604,['cluster'],['intersecting']
figure_category_based_markersize110_interleaved_100_200_6d_25_cramped_rotated_umap.png,interleaved_100_200_6d_25_cramped_rotated_umap,1034,6,110,0.4700119374844526,1.1001648902893066,0.5334569435860959,1.1096751689910889,0.8314756157175653,1.647190809249878,0.4750291406921445,1.1018826961517334,0.5253454765034464,1.087672233581543,0.2503135366109063,0.8310143947601318,0.2579572011837715,1.0951876640319824,0.2586976823073356,1.942768096923828,0.2507642573847798,1.1456794738769531,0.2564651060388689,0.8458399772644043,0.1705793632167043,1.1552200317382812,0.1701068332866155,1.1125695705413818,0.1531780459553019,2.0139191150665283,0.1703436975201211,0.839381217956543,0.1696403911467225,1.1523902416229248,0.8520309477756286,1.0563170909881592,53633,0.5383601188659668,0.0,0.4945466518402099,0.0301424725916556,0.1053576469421386,5.895093851513247,0.0102441310882568,-,15.0,0.0986460348162475,0.007082462310791,0,0,4345,['cluster'],['intersecting']
figure_category_based_markersize160_interleaved_100_200_6d_25_cramped_rotated_umap.png,interleaved_100_200_6d_25_cramped_rotated_umap,1034,6,160,0.3947866427144538,1.2633121013641355,0.4551171727162678,1.249274969100952,0.75925059810275,1.49625825881958,0.3993725950748276,1.2656376361846924,0.4456313078605722,1.2508869171142578,0.2097026001097117,1.2842023372650146,0.2167216977007395,0.9306981563568116,0.2187177956677036,1.817809581756592,0.2100455085570365,1.2533583641052246,0.2149538245742932,1.2448968887329102,0.1427693924900362,1.304964303970337,0.1422234571300508,0.9384207725524902,0.1277609924143569,1.860069990158081,0.1424944202607571,1.282897710800171,0.1416367127392143,1.2826108932495115,0.7688588007736944,0.7254858016967773,80041,0.9609296321868896,0.0,0.5135893821716309,0.0301424725916556,0.1065433025360107,5.895093851513247,0.0098628997802734,-,15.0,0.0986460348162475,0.0066964626312255,1,0,7321,['cluster'],['intersecting']
figure_ascending_markersize10_interleaved_100_200_6d_25_cramped_rotated_umap.png,interleaved_100_200_6d_25_cramped_rotated_umap,1034,6,10,0.9352912940041792,1.0841152667999268,0.9435245095324954,1.0901319980621338,0.9443233101184072,1.2886865139007568,0.9319852252883672,1.0936620235443115,0.9371859114115432,1.0855154991149902,0.7284737216288508,1.1133785247802734,0.7341951027630429,1.1233088970184326,0.6863715010585196,1.310338020324707,0.7292492606285782,1.1150753498077393,0.7293668436663479,0.7671236991882324,0.5965588306044108,1.1177160739898682,0.6008836544163019,1.1340622901916504,0.5391083933380485,1.298949956893921,0.5989572967165211,1.1084697246551514,0.5969863385556828,1.0903337001800537,0.986460348162476,0.599064826965332,1111,0.5555689334869385,0.0,0.95039701461792,0.0301424725916556,0.1047561168670654,5.895093851513247,0.0101380348205566,-,15.0,0.0986460348162475,0.0069661140441894,0,0,0,['cluster'],['intersecting']
figure_ascending_markersize60_interleaved_100_200_6d_25_cramped_rotated_umap.png,interleaved_100_200_6d_25_cramped_rotated_umap,1034,6,60,0.7038521190015409,0.840890645980835,0.7356242305472176,1.2620742321014404,0.7524299727276762,1.812910556793213,0.6975684039915145,0.849372148513794,0.7162507084903718,1.2307353019714355,0.3817349008362311,0.8559958934783936,0.3756925991636648,1.2467598915100098,0.3147738405363097,1.803142786026001,0.3787860476734987,0.8574357032775879,0.3712849416145384,1.2800745964050293,0.261883965842853,1.290881633758545,0.2522633384435497,0.8876757621765137,0.1990152403856865,1.4305968284606934,0.2599783352839552,1.2748610973358154,0.250592700599989,0.8700351715087891,0.9497098646034816,1.251901626586914,23207,0.6202325820922852,0.0,0.609046220779419,0.0301424725916556,0.1045918464660644,5.895093851513247,0.0100007057189941,-,15.0,0.0986460348162475,0.0069422721862792,0,0,0,['cluster'],['intersecting']
figure_ascending_markersize110_interleaved_100_200_6d_25_cramped_rotated_umap.png,interleaved_100_200_6d_25_cramped_rotated_umap,1034,6,110,0.5843334299261858,1.418043851852417,0.6188572970535124,0.9725179672241212,0.6204148847244022,1.9620490074157717,0.5767649646900452,0.9702014923095704,0.5951554886070674,0.9633622169494628,0.2940676845556961,1.422400712966919,0.2851008023687185,0.9735500812530518,0.2242580476323026,1.9845175743103027,0.2909817328989286,0.998875856399536,0.2810923840831592,1.4267315864562988,0.1964712334522707,0.9914534091949464,0.1852132663539706,1.45080828666687,0.1368649430083528,1.5589103698730469,0.1945723955896787,0.9986209869384766,0.1839971998555926,1.4458489418029783,0.8520309477756286,0.8683202266693115,53633,0.6883747577667236,0.0,0.6398210525512695,0.0301424725916556,0.1085152626037597,5.895093851513247,0.0103838443756103,-,15.0,0.0986460348162475,0.0068798065185546,0,0,0,['cluster'],['intersecting']
figure_ascending_markersize160_interleaved_100_200_6d_25_cramped_rotated_umap.png,interleaved_100_200_6d_25_cramped_rotated_umap,1034,6,160,0.5092288089088322,0.6018779277801514,0.5400991947808524,1.08547043800354,0.5223870824749489,2.063621759414673,0.5014115176089045,1.0814805030822754,0.5159401186404037,1.5863933563232422,0.2545794154945008,1.1292500495910645,0.2441392452769539,1.090806007385254,0.1825820146387268,2.17440128326416,0.2512277174448026,1.0970423221588137,0.2401227816487247,1.108551025390625,0.1697118364298289,1.089529514312744,0.1577154088797019,1.5962488651275637,0.1106232362532031,1.646545648574829,0.1676014579796297,1.625978946685791,0.1564733941825614,1.096180438995361,0.7688588007736944,0.8750972747802734,80041,0.7595734596252441,0.0,0.6743168830871582,0.0301424725916556,0.1066522598266601,5.895093851513247,0.0100176334381103,-,15.0,0.0986460348162475,0.0068156719207763,0,0,0,['cluster'],['intersecting']
figure_descending_markersize10_interleaved_100_200_6d_25_cramped_rotated_umap.png,interleaved_100_200_6d_25_cramped_rotated_umap,1034,6,10,0.8615345561085761,0.3784012794494629,0.8875618926917939,1.4074592590332031,1.0136349419708173,1.4509789943695068,0.8639680712229911,0.878662109375,0.8915990098360458,0.8713681697845459,0.6794815093447212,1.4387662410736084,0.6981393963400218,0.9155502319335938,0.7298518498244029,1.4468653202056885,0.6836336407630862,0.8544938564300537,0.6996839745729846,1.4127795696258545,0.5609464877946134,0.9004919528961182,0.5753490303870974,0.8972187042236328,0.570212004142071,1.471271514892578,0.5655809854725244,1.4145746231079102,0.5757539939137207,0.9082803726196288,0.986460348162476,0.7570335865020752,1111,0.6992993354797363,0.0,0.6940269470214844,0.0301424725916555,0.1048147678375244,5.895093851513247,0.0100884437561035,-,15.0,0.0986460348162475,0.0070123672485351,0,0,103,['cluster'],['intersecting']
figure_descending_markersize60_interleaved_100_200_6d_25_cramped_rotated_umap.png,interleaved_100_200_6d_25_cramped_rotated_umap,1034,6,60,0.5401845939981991,1.0041553974151611,0.6089168652916364,0.995807409286499,1.0313015533329584,2.0853688716888428,0.5414351757967965,1.008328914642334,0.6050181630440365,1.0173053741455078,0.3123822432573904,1.0103561878204346,0.3301374130550842,1.0044217109680176,0.3750061027377811,2.1423282623291016,0.3119341424783065,1.0208144187927246,0.3287490809518797,1.0156891345977783,0.2197225830493592,1.0249571800231934,0.2264583447104423,1.0307226181030271,0.2291686791115442,1.5715200901031494,0.2190740495424044,1.025019884109497,0.2256916415818326,1.0337092876434326,0.9497098646034816,0.9312164783477784,23207,0.7554717063903809,0.0,0.7432692050933838,0.0301424725916555,0.104663610458374,5.895093851513247,0.0102114677429199,-,15.0,0.0986460348162475,0.0069372653961181,0,0,2839,['cluster'],['intersecting']
figure_descending_markersize110_interleaved_100_200_6d_25_cramped_rotated_umap.png,interleaved_100_200_6d_25_cramped_rotated_umap,1034,6,110,0.4006937951318051,1.11173415184021,0.4731555222832235,1.108403205871582,1.0413057368984682,1.663482904434204,0.4029254984238443,1.681725025177002,0.4672604371597161,1.1066527366638184,0.2195190313652816,1.1267526149749756,0.2368447547216413,1.1227073669433594,0.288580463875172,1.6549179553985596,0.2194696807991571,1.1142103672027588,0.2352373647170834,1.0994930267333984,0.1511680128377333,1.1184580326080322,0.1579559243679863,1.1250739097595217,0.1675001663450267,1.6855545043945312,0.1508061872107869,1.7316749095916748,0.1571853366548187,1.1246120929718018,0.8520309477756286,1.006162405014038,53633,0.8576743602752686,0.0,0.1422605514526367,0.0301424725916555,0.104999303817749,5.895093851513247,0.0101442337036132,-,15.0,0.0986460348162475,0.0070760250091552,0,0,8006,['cluster'],['intersecting']
figure_descending_markersize160_interleaved_100_200_6d_25_cramped_rotated_umap.png,interleaved_100_200_6d_25_cramped_rotated_umap,1034,6,160,0.318032563058596,0.5942695140838623,0.3878291895139774,1.8676731586456297,1.076740624862666,1.780552864074707,0.3207948655750232,1.226003885269165,0.3816202332683942,1.2254648208618164,0.1752490630148707,1.2414612770080566,0.1927948767016573,0.6218411922454834,0.2544253948846511,2.4155852794647217,0.1755519990505629,1.236229419708252,0.1913537267420888,1.2484655380249023,0.1209482766486386,1.246746301651001,0.1282830036110143,1.267465114593506,0.1442559775009886,1.822672128677368,0.1208403870715548,1.2697491645812988,0.1276904127245715,0.6035029888153076,0.7688588007736944,1.028944969177246,80041,0.8853287696838379,0.0,0.8225193023681641,0.0301424725916555,0.1063017845153808,5.895093851513247,0.0104165077209472,-,15.0,0.0986460348162475,0.0067393779754638,1,0,14390,['cluster'],['intersecting']
figure_category_based_markersize10_cars03Cropped_d2_pca.png,cars03Cropped_d2_pca,7404,53,10,0.2286104812216505,1.4767966270446775,0.2099916656754045,1.393653154373169,0.163186046137826,6.14931583404541,0.3255810084612199,1.3905589580535889,0.3051929384143373,2.0845415592193604,0.162284121282934,1.422058343887329,0.1506985463287521,0.7380092144012451,0.1081502655170105,6.804452419281006,0.1838007268664575,1.4803378582000732,0.1774937363114189,0.7197961807250977,0.125789138159759,1.4259724617004397,0.1175166237329177,1.4490277767181396,0.0808746516360015,6.220090866088867,0.1280423246048434,0.7661936283111572,0.1251347157060762,1.414682149887085,0.0744192328471096,1.058441400527954,6461,1.0760202407836914,0.690032414910859,1.0433719158172607,0.0308632996641482,1.6802897453308103,0.4934103578403142,0.0687620639801025,-,15.0,0.9448946515397084,0.0820822715759277,4656,0,24165,['cluster'],['intersecting']
figure_category_based_markersize60_cars03Cropped_d2_pca.png,cars03Cropped_d2_pca,7404,53,60,0.1993637432815156,1.972726583480835,0.1993623131328727,1.915600061416626,0.1460264865919036,6.701672315597534,0.2558678526105786,1.9934954643249512,0.2429557395473494,1.1417808532714844,0.1391670754035434,1.8948376178741453,0.1382244257062715,1.8969953060150144,0.0943718992388282,6.634893417358398,0.1513120927643154,1.9277830123901367,0.1475194308755335,1.9021594524383545,0.106891759687277,1.9254860877990725,0.1057839540279885,1.9363937377929688,0.0697122724185875,6.671367168426514,0.1074177687352658,1.9748432636260984,0.1059147004623356,1.943589210510254,0.0366018368449486,1.257909059524536,17043,1.2263126373291016,0.690032414910859,1.1271607875823977,0.0308632996641482,1.6880698204040527,0.4934103578403142,0.0689103603363037,-,15.0,0.9448946515397084,0.0769355297088623,5270,0,151055,['cluster'],['intersecting']
figure_category_based_markersize110_cars03Cropped_d2_pca.png,cars03Cropped_d2_pca,7404,53,110,0.1948480468260565,2.260129928588867,0.2004800427148513,2.282465696334839,0.1376612685328505,7.228212594985962,0.2294330808871562,2.4982802867889404,0.2197078091881147,1.607567548751831,0.1337938067456533,2.4788818359375,0.1360762147408764,2.5083577632904053,0.0895793344246835,7.242909431457519,0.1391468490558008,2.5298311710357666,0.1363354807939327,2.485921621322632,0.1018727196109122,2.521834373474121,0.1029906625600984,1.638533592224121,0.0663906115318941,7.20943284034729,0.0998528678269745,2.5436325073242188,0.0988318470447756,2.5270209312438965,0.0251215559157212,0.5364174842834473,23398,1.4889681339263916,0.690032414910859,1.2290494441986084,0.0308632996641482,1.689101219177246,0.4934103578403142,0.0687971115112304,-,15.0,0.9448946515397084,0.0800843238830566,5492,0,306821,['cluster'],['intersecting']
figure_category_based_markersize160_cars03Cropped_d2_pca.png,cars03Cropped_d2_pca,7404,53,160,0.1968544530163557,3.0120296478271484,0.2043635608580158,2.9854023456573486,0.1316383237724679,7.7573041915893555,0.2192560519563587,3.043527126312256,0.210938009899657,3.0495994091033936,0.1339672519533357,2.094769239425659,0.1369979810220919,3.0618197917938232,0.0871164136345488,7.781505107879639,0.1347918895098219,3.0790607929229736,0.1324265745286653,2.082547187805176,0.1015318478618728,3.032073497772217,0.1030342022226038,3.0532243251800537,0.0650990204165729,7.876517057418823,0.0973064555079508,2.145869493484497,0.0965066561547088,3.071678638458252,0.0217450027012425,1.6955206394195557,27832,1.7065389156341553,0.690032414910859,0.2790579795837402,0.0308632996641482,1.6726062297821045,0.4934103578403142,0.0663206577301025,-,15.0,0.9448946515397084,0.078275442123413,5606,0,462101,['cluster'],['intersecting']
figure_ascending_markersize10_cars03Cropped_d2_pca.png,cars03Cropped_d2_pca,7404,53,10,0.3221159396108781,0.7243485450744629,0.2762007846502429,0.7355108261108398,0.0511665701426654,6.469865798950195,0.381062428763097,1.756176233291626,0.3497542442107602,0.7158794403076172,0.2083905652803473,1.7384896278381348,0.1856206265725252,1.7424156665802002,0.0435525931635638,5.414798736572266,0.1970762228972484,1.7737114429473877,0.1868015211503263,1.7345867156982422,0.1540145933718099,1.7375118732452393,0.1397797887896977,0.7304584980010986,0.037911127441229,6.485135555267334,0.1329059828593315,1.7602081298828125,0.1274307333779492,0.6956148147583008,0.0744192328471096,1.3825922012329102,6461,0.3088445663452148,0.690032414910859,1.3267722129821775,0.0308632996641482,1.6941728591918943,0.4934103578403141,0.0679075717926025,-,15.0,0.9448946515397084,0.0769898891448974,4777,0,0,['cluster'],['intersecting']
figure_ascending_markersize60_cars03Cropped_d2_pca.png,cars03Cropped_d2_pca,7404,53,60,0.2957198536547158,1.138777256011963,0.2756089784717194,2.216168165206909,-0.0136710540196107,5.868950605392456,0.2949924878472539,2.2171826362609863,0.2726538848206497,2.187537670135498,0.1830049210723771,1.1332590579986572,0.1723316160600346,2.186997652053833,-0.0123720294094671,6.95079493522644,0.164583924152178,1.14141583442688,0.1559897601109551,2.1500465869903564,0.1325014183444329,2.2212607860565186,0.1253572259953879,1.1383435726165771,-0.0112984498326451,6.954869747161865,0.114129998196497,2.237757444381714,0.1092454318714951,1.0956518650054932,0.0366018368449486,1.5348715782165527,17043,0.4068732261657715,0.690032414910859,1.4530160427093506,0.0308632996641482,1.6824758052825928,0.4934103578403141,0.0694622993469238,-,15.0,0.9448946515397084,0.0760352611541748,5557,0,0,['cluster'],['intersecting']
figure_ascending_markersize110_cars03Cropped_d2_pca.png,cars03Cropped_d2_pca,7404,53,110,0.2849498760652403,2.7269692420959477,0.2806214020304546,1.646174430847168,-0.0433885868571235,7.470317840576172,0.2650544677514793,2.7658166885375977,0.2473888424637214,1.5501279830932615,0.1760072600739626,2.8108930587768555,0.1709195051885306,1.629913330078125,-0.0407927888564438,7.525829315185547,0.1528266098589485,2.791744947433472,0.1451196702057936,1.574749231338501,0.1273272478051207,2.760295867919922,0.1228819066628159,1.61529278755188,-0.0384900541328392,7.489257335662842,0.1073662161758641,2.7510719299316406,0.1026745726378072,1.566063404083252,0.0251215559157212,1.7636406421661377,23398,0.5298097133636475,0.690032414910859,1.5448014736175537,0.0308632996641482,1.6654479503631592,0.4934103578403141,0.0680985450744628,-,15.0,0.9448946515397084,0.0778567790985107,5724,0,0,['cluster'],['intersecting']
figure_ascending_markersize160_cars03Cropped_d2_pca.png,cars03Cropped_d2_pca,7404,53,160,0.2815871473773556,3.2692832946777344,0.2867286576623629,3.327306032180786,-0.0589988080988097,6.807406187057495,0.2523108721373786,3.3058524131774902,0.2369688082461645,2.0392448902130127,0.1742939939970041,2.0699996948242188,0.1722279862565299,3.306962251663208,-0.0566426558697081,6.955718278884888,0.1480680664331116,3.323363304138184,0.14077699354478,2.0508053302764893,0.126205797719755,3.309885263442993,0.1230784883695124,3.409996271133423,-0.0544674654828789,6.791430234909058,0.1047785657508414,3.376671552658081,0.1001311502351118,2.035604953765869,0.0217450027012425,1.967880725860596,27832,0.63163161277771,0.690032414910859,1.635758876800537,0.0308632996641482,1.6327273845672607,0.4934103578403141,0.0674536228179931,-,15.0,0.9448946515397084,0.0759072303771972,5803,0,0,['cluster'],['intersecting']
figure_descending_markersize10_cars03Cropped_d2_pca.png,cars03Cropped_d2_pca,7404,53,10,0.1681676902906502,0.7165415287017822,0.166611981398336,0.7251183986663818,0.2639467122108202,6.75304102897644,0.2650901631195856,0.7290315628051758,0.2519309752991532,2.009578227996826,0.1279216658086363,0.726581335067749,0.1240746513331543,2.0173285007476807,0.1438419454435645,5.347692489624023,0.1623142543822906,2.0557987689971924,0.1591329602137011,0.6919875144958496,0.1032191720234734,2.03816556930542,0.0988400265593536,0.7190401554107666,0.098858123600676,6.710602283477783,0.1169662425067985,0.728384256362915,0.1162957656220062,2.037400245666504,0.0744192328471096,1.692833423614502,6461,0.3071942329406738,0.690032414910859,0.2636611461639404,0.0308632996641482,1.6922907829284668,0.4934103578403142,0.0683832168579101,-,15.0,0.9448946515397084,0.074765920639038,4685,0,92433,['cluster'],['intersecting']
figure_descending_markersize60_cars03Cropped_d2_pca.png,cars03Cropped_d2_pca,7404,53,60,0.1306549035465701,1.125748872756958,0.1338679277229697,2.562530279159546,0.3495195550347981,5.811911106109619,0.2047461683574866,2.5241525173187256,0.2004445057784565,1.105030536651611,0.1007676351927485,2.4858415126800537,0.1029248529645746,2.512932538986206,0.1608510329611102,5.789461374282837,0.1309047203460579,2.546225547790528,0.1310297616273699,1.119842767715454,0.0820082692346619,1.130805253982544,0.0836008310738632,2.570199966430664,0.1044627033908102,7.018814563751221,0.0962075782839931,1.1122500896453855,0.0973255347686767,2.522097110748291,0.0366018368449486,0.4131448268890381,17043,1.8881077766418457,0.690032414910859,0.2743208408355713,0.0308632996641482,1.6548032760620115,0.4934103578403142,0.0665161609649658,-,15.0,0.9448946515397084,0.0766730308532714,5309,0,637695,['cluster'],['intersecting']
figure_descending_markersize110_cars03Cropped_d2_pca.png,cars03Cropped_d2_pca,7404,53,110,0.1251095403749874,3.073390007019043,0.1253446972998859,1.5991733074188232,0.3808184243214612,7.83664059638977,0.1843849135224166,1.5693790912628174,0.1830207667784693,3.088821649551392,0.0954887862770625,1.6240134239196775,0.0970760534802787,3.0974133014678955,0.1678216137696684,6.281581878662109,0.1200355110627432,3.084880828857422,0.1210438188738212,3.057840585708618,0.077208915053029,1.6326355934143066,0.079211665144942,1.603487253189087,0.1076253332174769,7.806096076965332,0.0889814388478558,1.630079746246338,0.0904234252663721,3.079047918319702,0.0251215559157212,0.5278620719909668,23398,2.132995843887329,0.690032414910859,0.2722203731536865,0.0308632996641482,1.6489570140838623,0.4934103578403142,0.0655546188354492,-,15.0,0.9448946515397084,0.077430248260498,5434,0,1286560,['cluster'],['intersecting']
figure_descending_markersize160_cars03Cropped_d2_pca.png,cars03Cropped_d2_pca,7404,53,160,0.1254048514353677,2.0541229248046875,0.1250480628643203,2.079155683517456,0.3928902448463803,6.764846563339233,0.1759176462507995,2.1011059284210205,0.1761649404843334,3.6170690059661865,0.0951669386633643,2.0610930919647217,0.0969506337745048,3.671309471130371,0.171923957274271,6.773468971252441,0.115882746255977,3.669622182846069,0.1173236918803672,2.051295757293701,0.0766781280544338,3.647279500961304,0.0791632113506866,2.1064953804016118,0.1100375121892442,8.311769723892212,0.0863979655519777,2.0781588554382324,0.0879479867219238,3.589019536972046,0.0217450027012425,0.6377460956573486,27832,2.287383556365967,0.690032414910859,0.273494005203247,0.0308632996641482,1.6375985145568848,0.4934103578403142,0.0680980682373046,-,15.0,0.9448946515397084,0.0753960609436035,5582,0,1926150,['cluster'],['intersecting']
figure_category_based_markersize10_cars03Cropped_d3_umap.png,cars03Cropped_d3_umap,7404,12,10,0.1442428780209247,0.6132693290710449,0.1627345171237099,0.5944852828979492,0.1429620834990104,1.7415320873260498,0.1417714711673573,0.6367921829223633,0.1396794449870936,0.7034282684326172,0.1111429106867941,2.2107534408569336,0.1222500008265746,0.5978376865386963,0.1067186385457433,3.342424154281616,0.1101982837916123,0.6332311630249023,0.1089905295115292,2.308499336242676,0.0903987599668272,0.6220295429229736,0.0978958246085486,2.2092506885528564,0.085135313884807,1.7291202545166016,0.0901266467888893,0.6340744495391846,0.0893577694219617,2.3714401721954346,0.21677471636953,0.285956859588623,18508,1.894859313964844,0.3194219340896813,0.2152929306030273,0.0305899505892229,0.8522830009460449,0.6006150045184349,0.0689227581024169,-,15.0,0.7447325769854133,0.05415940284729,284,0,33470,['three_order'],"['intersecting','separated']"
figure_category_based_markersize60_cars03Cropped_d3_umap.png,cars03Cropped_d3_umap,7404,12,60,0.115627646281147,2.7357842922210693,0.1482738954957528,1.0459775924682615,0.0994460249849716,3.828420877456665,0.1083515016495888,1.0814716815948486,0.1056619136038552,1.130138635635376,0.0853287117106015,2.7300069332122803,0.1042958114317704,1.031275987625122,0.0726816324612639,3.9077260494232178,0.081458983034705,1.0775346755981443,0.0797779333625443,1.1656997203826904,0.0676117951761442,2.7285733222961426,0.0804379038400189,1.031910419464111,0.0572686437487949,3.785518169403076,0.0652613188915782,1.0792300701141355,0.0640802145627518,2.77549147605896,0.1126418152350081,0.3825383186340332,44099,0.3700325489044189,0.3194219340896813,1.904904127120972,0.0305899505892229,0.8633484840393066,0.6006150045184349,0.0687761306762695,-,15.0,0.7447325769854133,0.0536909103393554,1213,0,310908,['three_order'],"['intersecting','separated']"
figure_category_based_markersize110_cars03Cropped_d3_umap.png,cars03Cropped_d3_umap,7404,12,110,0.1145340118140115,2.0160679817199707,0.1573976150450058,1.9692838191986084,0.0899492484606826,3.1773440837860107,0.1041145766828427,2.0704329013824463,0.1010420407212018,2.0743348598480225,0.0825150702572111,2.1087050437927246,0.1074404542391771,2.080573797225952,0.0656505427286808,3.211386203765869,0.0769486346570447,1.9742133617401123,0.075188466580396,2.046680450439453,0.0644871482580166,1.9899671077728271,0.0815552532475243,1.9912846088409424,0.0516877262372793,3.1561245918273926,0.0610256160049258,2.113269329071045,0.0598696504228514,2.1545872688293457,0.0992706645056726,0.9188754558563232,57059,0.939777135848999,0.3194219340896813,0.6290831565856934,0.0305899505892229,0.8688509464263916,0.6006150045184349,0.06917405128479,-,15.0,0.7447325769854133,0.0559382438659668,1490,0,658118,['three_order'],"['intersecting','separated']"
figure_category_based_markersize160_cars03Cropped_d3_umap.png,cars03Cropped_d3_umap,7404,12,160,0.1150031047155291,2.723230123519897,0.1659311464052276,2.6197986602783203,0.0855531279890122,3.7798006534576416,0.1028194308192346,2.663347005844116,0.0994919551634372,2.7194321155548096,0.0818062119499222,2.6913483142852783,0.1112143695545161,2.6473021507263184,0.0625320015034927,3.786126375198364,0.0753349274767849,2.7440428733825684,0.0734983248648802,2.6960434913635254,0.0634815689551874,2.67065691947937,0.0836351757342879,2.6737406253814697,0.0492732679024967,3.841220378875733,0.0594448234721748,2.737391471862793,0.0582735619802264,2.7932567596435547,0.0937331172339276,1.2412590980529783,66385,1.2504937648773191,0.3194219340896813,0.7536942958831787,0.0305899505892229,0.8742449283599854,0.6006150045184349,0.0707190036773681,-,15.0,0.7447325769854133,0.056633710861206,1654,0,1002828,['three_order'],"['intersecting','separated']"
figure_ascending_markersize10_cars03Cropped_d3_umap.png,cars03Cropped_d3_umap,7404,12,10,0.1906081541827293,1.1731669902801514,0.1781975509017925,0.977504014968872,0.0775911155117365,2.3153319358825684,0.1869429954906929,1.2276232242584229,0.1647854915744441,1.087944507598877,0.1387377891985534,0.9979772567749025,0.1313114908626476,1.1528494358062744,0.0640423193914856,2.1269423961639404,0.1371620130065499,1.2215564250946045,0.1248520205210693,1.317936658859253,0.1090593674251467,1.0269315242767334,0.1039586399879063,1.2127809524536133,0.0545218325601307,2.1957035064697266,0.1083180411141269,1.302149772644043,0.1004977815026861,1.1347336769104004,0.21677471636953,0.8058671951293945,18508,0.5202486515045166,0.3194219340896813,0.4698779582977295,0.0305899505892229,0.872532844543457,0.6006150045184349,0.0704689025878906,-,15.0,0.7447325769854133,0.0563850402832031,303,0,0,['three_order'],"['intersecting','separated']"
figure_ascending_markersize60_cars03Cropped_d3_umap.png,cars03Cropped_d3_umap,7404,12,60,0.1694851594902228,1.554612636566162,0.1695026471018812,1.525826930999756,0.0139121447472402,2.677006721496582,0.1590080073625518,1.8355412483215328,0.1367956510835539,1.635718584060669,0.1169509363700964,1.567255973815918,0.1168616419595628,1.57771897315979,0.0123470401357184,2.699136734008789,0.1124272143545298,1.5726866722106934,0.1019043249213167,1.896977186203003,0.0892780074882175,1.593900442123413,0.0891691365326199,1.378671407699585,0.0110984714135176,2.960601568222046,0.0869542859125254,1.6105082035064695,0.0811946759123424,1.6900551319122314,0.1126418152350081,0.7091829776763916,44099,1.0197088718414309,0.3194219340896813,0.54856276512146,0.0305899505892229,0.8798494338989258,0.6006150045184349,0.0682220458984375,-,15.0,0.7447325769854133,0.055079698562622,1243,0,0,['three_order'],"['intersecting','separated']"
figure_ascending_markersize110_cars03Cropped_d3_umap.png,cars03Cropped_d3_umap,7404,12,110,0.1716063720534745,2.3844447135925293,0.1817000408079334,1.9329330921173096,-0.0077979616568328,3.628624677658081,0.1568308142804496,1.875915050506592,0.1349496179529677,2.206346035003662,0.115674165370924,2.4484376907348637,0.1216547067250011,1.968766212463379,-0.0072131196636244,3.667235612869263,0.1097293880265298,1.876023769378662,0.09958854337699,2.4825594425201416,0.0872398165176492,1.9054977893829343,0.0914377997361436,2.553100109100342,-0.0067098828639291,3.0447795391082764,0.084385623526733,2.175462007522583,0.0789112866705837,2.230560541152954,0.0992706645056726,1.27864408493042,57059,0.8987793922424316,0.3194219340896813,0.6163177490234375,0.0305899505892229,0.8723375797271729,0.6006150045184349,0.0686709880828857,-,15.0,0.7447325769854133,0.0555610656738281,1568,0,0,['three_order'],"['intersecting','separated']"
figure_ascending_markersize160_cars03Cropped_d3_umap.png,cars03Cropped_d3_umap,7404,12,160,0.1738822741890727,3.0316925048828125,0.1919816432865781,2.533991575241089,-0.0204660028746632,3.950871467590332,0.1565856485817702,2.8086743354797363,0.1349054593154295,2.777662754058838,0.1157246050533432,2.4021568298339844,0.1263140876059332,2.9054388999938965,-0.0194826191158974,4.055756807327271,0.1088563376193869,2.782552719116211,0.0989241270476685,2.513991117477417,0.0867198001257035,2.744948387145996,0.094120168842122,2.9589157104492188,-0.018589405172571,3.98286509513855,0.0834267851282035,2.468663454055786,0.0780950047285941,2.791006088256836,0.0937331172339276,1.5060949325561523,66385,1.1004362106323242,0.3194219340896813,0.6912693977355957,0.0305899505892229,0.867271900177002,0.6006150045184349,0.0690691471099853,-,15.0,0.7447325769854133,0.0570981502532959,1814,0,0,['three_order'],"['intersecting','separated']"
figure_descending_markersize10_cars03Cropped_d3_umap.png,cars03Cropped_d3_umap,7404,12,10,0.1043101576516359,0.6118168830871582,0.1227247906557885,0.6065433025360107,0.2418422837967381,1.7500402927398682,0.0983249664744206,1.4095690250396729,0.1122261551795847,1.0905430316925049,0.081745508682375,1.4155640602111816,0.0916252817583701,0.9926595687866212,0.1459998159708765,2.522672176361084,0.078525218763603,1.0321860313415527,0.086889554082072,1.4915316104888916,0.0672070927638935,1.0341789722442627,0.0731008920907465,1.410766363143921,0.1045618102642734,2.1566922664642334,0.065363032245903,1.4645323753356934,0.0708860511653103,1.120361089706421,0.21677471636953,0.7217555046081543,18508,1.1300673484802246,0.3194219340896813,0.6451609134674072,0.0305899505892229,0.8719298839569092,0.6006150045184349,0.0713305473327636,-,15.0,0.7447325769854133,0.0545711517333984,348,0,55554,['three_order'],"['intersecting','separated']"
figure_descending_markersize60_cars03Cropped_d3_umap.png,cars03Cropped_d3_umap,7404,12,60,0.0728876285836058,1.4890351295471191,0.0925624610941171,1.9271554946899412,0.2021748489920579,2.640842199325561,0.0667854521773991,1.880053758621216,0.0806701525600044,2.00260066986084,0.0567817544639632,1.5007719993591309,0.0669323776890363,1.9689359664916992,0.1139863184161046,2.646447896957397,0.053121278114379,1.5342047214508057,0.06160488618112,2.018761396408081,0.046505501008264,1.4987289905548096,0.052418074524322,1.9522247314453125,0.0793666430912257,2.645982503890991,0.0440987577556674,1.9715983867645264,0.0498285926859926,1.6027193069458008,0.1126418152350081,1.4059336185455322,44099,0.901097536087036,0.3194219340896813,0.2244496345520019,0.0305899505892229,0.8685548305511475,0.6006150045184349,0.0706126689910888,-,15.0,0.7447325769854133,0.0568625926971435,1054,0,436053,['three_order'],"['intersecting','separated']"
figure_descending_markersize110_cars03Cropped_d3_umap.png,cars03Cropped_d3_umap,7404,12,110,0.0686129845065288,2.4588639736175537,0.0894627248243822,2.0584371089935303,0.2004609076379574,3.6698226928710938,0.062283641297362,2.0567996501922607,0.076284769355558,2.082501173019409,0.0532340113734329,2.4633374214172363,0.0639138349479354,2.1385672092437744,0.1109551778527224,3.69203519821167,0.049505872509366,2.048391342163086,0.0581219790439058,2.5938570499420166,0.0434868349331409,2.054218292236328,0.0497158990706416,2.579312324523926,0.0767059819610446,3.3274624347686768,0.0410784449956385,2.050833225250244,0.0469447996483496,2.1192502975463867,0.0992706645056726,1.7019309997558594,57059,0.5062170028686523,0.3194219340896813,1.3946075439453125,0.0305899505892229,0.8657796382904053,0.6006150045184349,0.0709071159362793,-,15.0,0.7447325769854133,0.0554797649383544,1252,0,897675,['three_order'],"['intersecting','separated']"
figure_descending_markersize160_cars03Cropped_d3_umap.png,cars03Cropped_d3_umap,7404,12,160,0.0669326195784478,3.0189716815948486,0.0887930918301508,2.757530212402344,0.2019752576566668,4.337419271469116,0.0605124212622742,2.5848755836486816,0.0746832431902435,2.6610870361328125,0.0518121267963711,2.6107351779937744,0.0629880349385598,2.7243378162384038,0.1107498493277283,4.274078369140625,0.0480451711846892,2.586843729019165,0.0568497142787853,2.6488680839538574,0.042264348939921,2.562376976013184,0.0488044740066482,2.754244565963745,0.0762915366450897,3.818382024765015,0.0398375271492672,2.588767766952514,0.0458913658607867,3.224735975265503,0.0937331172339276,1.276071548461914,66385,1.272694110870361,0.3194219340896813,0.8786187171936035,0.0305899505892229,0.8730652332305908,0.6006150045184349,0.0698609352111816,-,15.0,0.7447325769854133,0.0576274394989013,1371,0,1352919,['three_order'],"['intersecting','separated']"
figure_category_based_markersize10_interleaved_100_200_15d_0_notcramped_notrotated_pca.png,interleaved_100_200_15d_0_notcramped_notrotated_pca,2049,15,10,0.6290017855311332,0.4372215270996094,0.6405654748156254,0.4419822692871094,0.6672233850405309,1.791285276412964,0.6238442348772316,1.0454063415527344,0.6316498166638816,1.0070595741271973,0.5641868894540952,1.0107710361480713,0.5556034096894625,0.9929535388946532,0.5426412386082162,2.9215569496154785,0.5598309344452741,1.0276257991790771,0.5530301117973584,0.9978821277618408,0.511481736093939,1.0395269393920898,0.4905401137019082,1.0248677730560305,0.4572624333822007,2.376246452331543,0.5077320273923176,1.0478167533874512,0.4918152308911289,1.5903234481811523,0.981942410932162,0.9760169982910156,3098,0.81520676612854,0.0,0.150754690170288,0.0308452890151542,0.2742993831634521,4.962620616262515,0.0193214416503906,-,15.0,0.3650561249389946,0.0270266532897949,0,0,941,['cluster'],['intersecting']
figure_category_based_markersize60_interleaved_100_200_15d_0_notcramped_notrotated_pca.png,interleaved_100_200_15d_0_notcramped_notrotated_pca,2049,15,60,0.2741644123020448,0.5614731311798096,0.2748427513560253,1.7797763347625732,0.2781433612771755,2.5600757598876958,0.2667907068691948,1.2245962619781494,0.2655452718899437,1.1901047229766846,0.2163093329555977,1.1974077224731443,0.2063746687042716,1.1176764965057373,0.1872878329497482,2.3942017555236816,0.211569814346244,1.6556086540222168,0.2033779950231435,1.2181127071380615,0.1786169867641379,1.248384714126587,0.1652164048967481,1.2292399406433103,0.1411735071581876,2.5707991123199463,0.175288282869826,1.2387771606445312,0.1647970612957631,1.2128052711486816,0.8252806246949732,1.2281816005706787,53723,0.8926167488098145,0.0,0.8254222869873047,0.0308452890151542,0.2741682529449463,4.962620616262515,0.0200376510620117,-,15.0,0.3650561249389946,0.027578592300415,25,0,23750,['cluster'],['intersecting']
figure_category_based_markersize110_interleaved_100_200_15d_0_notcramped_notrotated_pca.png,interleaved_100_200_15d_0_notcramped_notrotated_pca,2049,15,110,0.2110928833450204,0.7112042903900146,0.20878193899724,1.386596918106079,0.2058456988607453,2.718456268310547,0.2046235885673953,1.3969883918762207,0.2012926917587975,1.3617191314697266,0.1586608399295583,1.3987576961517334,0.150116345726378,1.367452621459961,0.1313688729775044,3.3887202739715576,0.1549105432672366,1.452284812927246,0.1476555044876777,1.404338836669922,0.1270930024965574,0.758765697479248,0.117187776870247,2.0455517768859863,0.0964664451823811,2.784789562225342,0.1246314806807485,1.4185421466827393,0.1165888206766014,1.422593355178833,0.5607613469985359,0.4829208850860595,100416,0.9612748622894288,0.0,0.8874549865722656,0.0308452890151542,0.2677371501922607,4.962620616262515,0.0198945999145507,-,15.0,0.3650561249389946,0.0288140773773193,131,0,62204,['cluster'],['intersecting']
figure_category_based_markersize160_interleaved_100_200_15d_0_notcramped_notrotated_pca.png,interleaved_100_200_15d_0_notcramped_notrotated_pca,2049,15,160,0.1903864570893984,0.8595519065856934,0.1859969519605995,1.5859520435333252,0.1779267420213346,2.9643592834472656,0.1842816115473812,0.897925615310669,0.17955301868077,2.2504584789276123,0.1393399364904082,0.8867213726043701,0.1311951162289476,2.311695337295532,0.1111591029400179,2.258888959884644,0.1359908119927281,2.2603468894958496,0.1290083206986311,0.8959512710571289,0.1098790939558792,2.281662940979004,0.1013372698615376,0.8907268047332764,0.0808280800850712,2.882520198822021,0.1077539931366243,2.3378617763519287,0.1006695492346483,0.8638756275177002,0.3616398243045388,1.169893741607666,128281,1.0722012519836426,0.0,0.9486212730407716,0.0308452890151542,0.2725512981414795,4.962620616262515,0.0193161964416503,-,15.0,0.3650561249389946,0.0265359878540039,247,0,101422,['cluster'],['intersecting']
figure_ascending_markersize10_interleaved_100_200_15d_0_notcramped_notrotated_pca.png,interleaved_100_200_15d_0_notcramped_notrotated_pca,2049,15,10,0.7144024848774857,1.1567468643188477,0.6687749538132113,1.1808557510375977,0.5995623016712734,2.5363011360168457,0.7146388871282523,1.175577163696289,0.6771532681231212,0.4396655559539795,0.6359789942135334,1.1945126056671145,0.5791461860845464,0.4515612125396728,0.4962369047895686,3.258854389190674,0.6353642192486133,0.4532186985015869,0.5902700585933078,1.175112247467041,0.573070242162222,1.1624860763549805,0.5107022194753341,1.1416826248168943,0.4232894407205755,3.30020809173584,0.5719211817216368,0.4437155723571777,0.5231468796876619,1.1679039001464844,0.981942410932162,1.1704776287078855,3098,0.9625191688537598,0.0,0.9828240871429444,0.0308452890151542,0.2751615047454834,4.962620616262514,0.0200927257537841,-,15.0,0.3650561249389946,0.0280125141143798,0,0,0,['cluster'],['intersecting']
figure_ascending_markersize60_interleaved_100_200_15d_0_notcramped_notrotated_pca.png,interleaved_100_200_15d_0_notcramped_notrotated_pca,2049,15,60,0.3628612745620805,0.5821306705474854,0.3015325545124889,1.3420400619506836,0.2131522665802134,2.724680662155152,0.3639561236745584,1.3465776443481443,0.3130415664710694,1.3265650272369385,0.2804930191045148,1.4032268524169922,0.2291814880495872,2.19897985458374,0.155975539950311,1.9591996669769287,0.2801645835408396,1.3565406799316406,0.2388387381059791,1.3701064586639404,0.2286013113585099,1.3623511791229248,0.1848320591265299,1.3793878555297852,0.1229854758702816,2.747715711593628,0.2277345568911372,1.397923231124878,0.193073040456286,1.3730685710906982,0.8252806246949732,1.4279813766479492,53723,0.215400218963623,0.0,0.99131178855896,0.0308452890151542,0.2762510776519775,4.962620616262514,0.0202023983001709,-,15.0,0.3650561249389946,0.026824951171875,10,0,0,['cluster'],['intersecting']
figure_ascending_markersize110_interleaved_100_200_15d_0_notcramped_notrotated_pca.png,interleaved_100_200_15d_0_notcramped_notrotated_pca,2049,15,110,0.2913344067103997,1.5622656345367432,0.2356305085483497,0.7673664093017578,0.1408442743859934,2.869520425796509,0.2925450340458972,1.532334804534912,0.2462612071266499,1.5531256198883057,0.2148780430893606,1.56170654296875,0.1736028619641002,1.5747709274291992,0.10134861124867,2.92348051071167,0.2139976306762555,1.5959839820861816,0.1808161630890943,1.553257942199707,0.1702091848093933,0.754016637802124,0.1374265409655207,1.570021629333496,0.0791525815489502,2.9170784950256348,0.1687017514771561,1.560092210769653,0.1428524658200548,1.574814796447754,0.5607613469985359,1.376349925994873,100416,0.2672848701477051,0.0,1.0489938259124756,0.0308452890151542,0.2710790634155273,4.962620616262514,0.0196928977966308,-,15.0,0.3650561249389946,0.0288546085357666,80,0,0,['cluster'],['intersecting']
figure_ascending_markersize160_interleaved_100_200_15d_0_notcramped_notrotated_pca.png,interleaved_100_200_15d_0_notcramped_notrotated_pca,2049,15,160,0.2662977881436822,0.8611650466918945,0.2138791089910169,1.764509201049805,0.1107962624477518,3.1185665130615234,0.2676753893877009,0.8943288326263428,0.2238583326261334,1.6992700099945068,0.1921655730112689,1.792164325714111,0.1557256838844011,1.792830467224121,0.0796561460208864,3.063114643096924,0.1910527914807421,0.8915646076202393,0.1615521035312299,1.7167465686798096,0.1503194975701414,1.746507167816162,0.1224356146469594,1.7833359241485596,0.0621799945164331,3.102842092514038,0.1485345027865273,1.7996444702148438,0.126377579079843,0.8907444477081299,0.3616398243045388,1.3407261371612549,128281,1.233036994934082,0.0,0.1639900207519531,0.0308452890151542,0.2740795612335205,4.962620616262514,0.0199425220489501,-,15.0,0.3650561249389946,0.0270555019378662,158,0,0,['cluster'],['intersecting']
figure_descending_markersize10_interleaved_100_200_15d_0_notcramped_notrotated_pca.png,interleaved_100_200_15d_0_notcramped_notrotated_pca,2049,15,10,0.5632230648099577,0.4330418109893799,0.6183872953936846,0.4442784786224365,0.7476689377455383,2.648280382156372,0.5583269958706027,1.3223273754119873,0.6000051147668137,1.3367669582366943,0.508347211556085,1.3339664936065674,0.5364346456658069,1.3466250896453855,0.5946452502155082,1.7581491470336914,0.5043667133003371,1.330458164215088,0.5263254718226151,1.316227912902832,0.4632152979284913,1.3436145782470703,0.4736619294665085,0.4394586086273193,0.4936176561099681,2.645847082138061,0.4599173652132349,1.3505973815917969,0.4687622385856193,1.338267803192139,0.981942410932162,1.3416450023651123,3098,0.1677210330963134,0.0,1.1092417240142822,0.0308452890151542,0.2692170143127441,4.962620616262514,0.0197093486785888,-,15.0,0.3650561249389946,0.0281898975372314,0,0,1690,['cluster'],['intersecting']
figure_descending_markersize60_interleaved_100_200_15d_0_notcramped_notrotated_pca.png,interleaved_100_200_15d_0_notcramped_notrotated_pca,2049,15,60,0.2086683871692716,1.561950922012329,0.2523130015626386,0.5901503562927246,0.3822181297770628,2.881080150604248,0.2026558484389672,1.5410254001617432,0.2343551130637007,1.5265703201293943,0.1687203524810864,0.5871202945709229,0.1881416309958339,1.5371806621551514,0.2286631748762833,2.827586889266968,0.1649313583249272,0.5945913791656494,0.1796914378956744,1.50286865234375,0.1416101300622961,1.561365842819214,0.1499934398531239,1.5393962860107422,0.163127289424499,1.9154558181762693,0.1390475800006323,1.5346171855926514,0.145705431478242,1.5157098770141602,0.8252806246949732,1.590101957321167,53723,0.2058072090148925,0.0,1.1563901901245115,0.0308452890151542,0.2699582576751709,4.962620616262514,0.019345998764038,-,15.0,0.3650561249389946,0.0276763439178466,38,0,43769,['cluster'],['intersecting']
figure_descending_markersize110_interleaved_100_200_15d_0_notcramped_notrotated_pca.png,interleaved_100_200_15d_0_notcramped_notrotated_pca,2049,15,110,0.151223009612776,0.7148392200469971,0.1871087317049974,1.7293014526367188,0.3103786038086323,3.109628438949585,0.1465474882404328,0.747532844543457,0.1728612946606179,1.7005271911621094,0.116265103010315,1.7266507148742676,0.131777321671267,0.7545986175537109,0.1665753135937268,3.026283264160156,0.1135612387201099,1.7436153888702393,0.1253887792277493,1.7285809516906738,0.0944348064644553,0.7514057159423828,0.1017021659390241,1.7026879787445068,0.1138341575094222,3.0945606231689453,0.0926963060173189,0.7491753101348877,0.0983728584552035,1.7199769020080566,0.5607613469985359,1.5386054515838623,100416,0.2546224594116211,0.0,1.2160701751708984,0.0308452890151542,0.2689874172210693,4.962620616262514,0.0191066265106201,-,15.0,0.3650561249389946,0.0275952816009521,138,0,112958,['cluster'],['intersecting']
figure_descending_markersize160_interleaved_100_200_15d_0_notcramped_notrotated_pca.png,interleaved_100_200_15d_0_notcramped_notrotated_pca,2049,15,160,0.1313775048128465,0.8510603904724121,0.1639799528201551,1.958134174346924,0.2867789246546822,2.2113189697265625,0.12732757972938,1.906853199005127,0.1515803298172124,1.92868447303772,0.0981379078902048,0.8880059719085693,0.1123831850625934,1.916166067123413,0.145625973623948,3.1812961101531982,0.0958969220237443,0.90419340133667,0.1068904657518767,1.921917200088501,0.0783218349141208,1.9072473049163816,0.0854850622783268,1.961930274963379,0.0975913749140072,2.216784954071045,0.0769114294921365,1.928837776184082,0.0825519745636018,1.9463260173797607,0.3616398243045388,0.4079229831695556,128281,1.3727312088012695,0.0,1.276644945144653,0.0308452890151542,0.273759126663208,4.962620616262514,0.0201754570007324,-,15.0,0.3650561249389946,0.0275835990905761,241,0,183681,['cluster'],['intersecting']
figure_category_based_markersize10_interleaved_100_200_5d_25_cramped_rotated_tsne.png,interleaved_100_200_5d_25_cramped_rotated_tsne,696,5,10,0.9924672835454228,0.3486254215240478,0.9943906156239422,0.3503336906433105,0.9961570114341004,1.822768211364746,0.9922912768563154,1.4190056324005127,0.9937744547604196,0.3480510711669922,0.9165495625105264,1.3930747509002686,0.9134757040096454,1.410074234008789,0.9024269257486192,0.7905011177062988,0.9139434099410232,1.3992302417755127,0.9116153301070876,1.402914047241211,0.8514210239190813,0.3483362197875976,0.8447382112883122,1.4007742404937744,0.8248183795984276,1.853562355041504,0.8470623164682793,1.4378530979156494,0.8420036747268678,0.3462481498718261,1.0,1.2756624221801758,210,0.1342663764953613,0.0,1.208454132080078,0.0303795589546178,0.0805811882019043,7.389902403027343,0.0071339607238769,-,15.0,0.0718390804597701,0.0042300224304199,0,0,6,['cluster'],['touching']
figure_category_based_markersize60_interleaved_100_200_5d_25_cramped_rotated_tsne.png,interleaved_100_200_5d_25_cramped_rotated_tsne,696,5,60,0.7937956121546661,0.4018032550811767,0.8187664009154041,1.5105764865875244,0.9718220279012184,0.8508789539337158,0.7913032690394243,1.5019490718841553,0.826436551390591,1.4975788593292236,0.4706065133537592,0.4018280506134033,0.4702148890357136,1.5101039409637451,0.4803003845603558,1.9283933639526367,0.4698596152933788,0.4076790809631347,0.4732019613627835,1.534836769104004,0.3344409119369548,0.4087734222412109,0.3298125970077461,1.4767391681671145,0.3189725714459028,1.9621355533599851,0.3341293891341882,0.393190860748291,0.3315088276125096,1.4823429584503174,1.0,1.4367656707763672,11671,0.1522319316864013,0.0,1.291421890258789,0.0303795589546178,0.0800108909606933,7.389902403027343,0.0073428153991699,-,15.0,0.0718390804597701,0.0042090415954589,0,0,463,['cluster'],['touching']
figure_category_based_markersize110_interleaved_100_200_5d_25_cramped_rotated_tsne.png,interleaved_100_200_5d_25_cramped_rotated_tsne,696,5,110,0.6288369814763819,0.4478681087493896,0.666874537342163,1.6030807495117188,0.919087558774808,0.905665159225464,0.6278371982215841,1.5711073875427246,0.676423894233567,0.4545550346374511,0.2984089170383863,1.5871813297271729,0.2974613210669452,1.4097609519958496,0.3014563426190327,0.8649258613586426,0.298435837043874,1.423253059387207,0.3002886354355273,1.5741395950317385,0.1956190975948537,0.4482316970825195,0.1914230677447036,1.622504711151123,0.1802963421380853,0.8991460800170898,0.195739210397174,1.592642307281494,0.1929795656523055,1.6185462474822998,0.978448275862069,0.2868502140045166,38176,1.3638761043548584,0.0,0.1332476139068603,0.0303795589546178,0.0795717239379882,7.389902403027343,0.0072765350341796,-,15.0,0.0718390804597701,0.0043892860412597,0,0,1419,['cluster'],['touching']
figure_category_based_markersize160_interleaved_100_200_5d_25_cramped_rotated_tsne.png,interleaved_100_200_5d_25_cramped_rotated_tsne,696,5,160,0.5265886102743671,0.49934983253479,0.5660624527789488,0.5209290981292725,0.8576487672436691,2.093459129333496,0.525230594312281,1.6623449325561523,0.5757067335095628,0.5048015117645264,0.2345534640017667,1.6740422248840332,0.233007148935843,1.67651629447937,0.2357415312392646,0.95237135887146,0.2340275263577766,1.677558422088623,0.2357709240034304,0.510216474533081,0.150879059709579,1.6646475791931152,0.1466955771590834,1.707899570465088,0.1366514232726855,0.9416289329528807,0.1505553022067413,1.6900618076324463,0.1482400632756785,0.5018494129180908,0.9066091954022988,1.4980366230010986,63471,0.1766877174377441,0.0,1.36150860786438,0.0303795589546178,0.0803339481353759,7.389902403027343,0.0071728229522705,-,15.0,0.0718390804597701,0.0046179294586181,0,0,2573,['cluster'],['touching']
figure_ascending_markersize10_interleaved_100_200_5d_25_cramped_rotated_tsne.png,interleaved_100_200_5d_25_cramped_rotated_tsne,696,5,10,0.9924690686954658,1.612619400024414,0.9943910506985356,0.3507449626922607,0.99615501015812,1.974790334701538,0.9934169955364212,1.5548250675201416,0.9939189110101536,0.3407931327819824,0.9175719356541522,1.5639030933380127,0.9138074176302332,0.3503093719482422,0.9002574685409103,1.9862382411956787,0.915809608654804,1.5668978691101074,0.912114892223722,0.3473196029663086,0.8531858728128892,1.5753746032714844,0.8453054121882335,0.3665890693664551,0.8212022271834714,2.018333196640014,0.8494492234240645,0.3589954376220703,0.8427525483412104,1.5549895763397217,1.0,1.3924157619476318,210,0.1320307254791259,0.0,1.3935306072235107,0.0303795589546177,0.0800440311431884,7.389902403027343,0.0071785449981689,-,15.0,0.0718390804597701,0.0041549205780029,0,0,0,['cluster'],['touching']
figure_ascending_markersize60_interleaved_100_200_5d_25_cramped_rotated_tsne.png,interleaved_100_200_5d_25_cramped_rotated_tsne,696,5,60,0.8514058572057184,1.7019784450531006,0.8705617083489496,0.4024190902709961,0.8919653667312979,2.08723258972168,0.8521309668538122,0.3999040126800537,0.8630766397820967,1.6184861660003662,0.4988621998991173,1.650649070739746,0.4899903279910818,0.3965096473693847,0.4487776401405549,2.122019529342652,0.4986984485482834,0.4004015922546386,0.4887124578159438,1.633044719696045,0.3527840609701078,0.3998157978057861,0.340944397411218,1.6304523944854736,0.2998113956900541,2.1113979816436768,0.352496070394645,0.4011580944061279,0.3408618000136117,1.640510320663452,1.0,0.2653248310089111,11671,1.4340403079986572,0.0,0.1335258483886718,0.0303795589546177,0.0812156200408935,7.389902403027343,0.007087230682373,-,15.0,0.0718390804597701,0.0040400028228759,0,0,0,['cluster'],['touching']
figure_ascending_markersize110_interleaved_100_200_5d_25_cramped_rotated_tsne.png,interleaved_100_200_5d_25_cramped_rotated_tsne,696,5,110,0.7117701036200619,1.7444772720336914,0.7425150245067469,0.4611237049102783,0.7674045885977496,2.185344934463501,0.7135138842578927,0.4574894905090332,0.7302792948310401,1.7361335754394531,0.328900399884672,1.746791124343872,0.3169625847110573,0.4553701877593994,0.2699381169838561,2.209764003753662,0.3285823255637303,0.4628279209136963,0.3164399983482796,1.732388973236084,0.2138616466654536,0.4644107818603515,0.2014862056747691,1.739954710006714,0.1637730169715358,0.8984179496765137,0.2134362274574059,1.7500879764556885,0.2019804420665413,1.7502944469451904,0.978448275862069,0.2872099876403808,38176,1.501152753829956,0.0,0.1404445171356201,0.0303795589546177,0.0811648368835449,7.389902403027343,0.0074634552001953,-,15.0,0.0718390804597701,0.0041015148162841,0,0,0,['cluster'],['touching']
figure_ascending_markersize160_interleaved_100_200_5d_25_cramped_rotated_tsne.png,interleaved_100_200_5d_25_cramped_rotated_tsne,696,5,160,0.6160926982351848,0.8420743942260742,0.6490215613551638,0.8151388168334961,0.6642131317089179,1.3015646934509275,0.6171534261985896,0.9110724925994872,0.6346522074000083,0.7884318828582764,0.2656752883633396,0.8856260776519775,0.2524397409624236,0.8063344955444336,0.2040734256303183,1.3688313961029053,0.2643611249053448,0.9373557567596436,0.2521674689233151,0.8038394451141357,0.1693521918593895,1.0013587474822998,0.1566930995896776,0.9550349712371826,0.1205566834368609,1.3246409893035889,0.1682067041121335,0.8756382465362549,0.1573422747403149,0.845893383026123,0.9066091954022988,0.5921635627746582,63471,0.4643635749816894,0.0,0.4301433563232422,0.0303795589546177,0.0828227996826171,7.389902403027343,0.0073592662811279,-,15.0,0.0718390804597701,0.0042243003845214,0,0,0,['cluster'],['touching']
figure_descending_markersize10_interleaved_100_200_5d_25_cramped_rotated_tsne.png,interleaved_100_200_5d_25_cramped_rotated_tsne,696,5,10,0.9906155214342628,0.6285483837127686,0.9921037933817264,0.7422881126403809,0.9971476649026432,1.1957998275756836,0.9922899901800932,0.8768093585968018,0.9937740335485002,0.7508747577667236,0.9141735449510586,0.7885956764221191,0.911343705606638,0.7789173126220703,0.9046240052671972,1.2528836727142334,0.9132282232922366,0.7775428295135498,0.9113270383692874,0.918921947479248,0.8486838850582217,0.8016278743743896,0.8427420880568822,0.675067663192749,0.8278126570408171,1.2578685283660889,0.8458353838919062,0.9697649478912354,0.8415122197274854,0.6489222049713135,1.0,0.5104076862335205,210,0.5263979434967041,0.0,0.5062320232391357,0.0303795589546177,0.0828974246978759,7.389902403027343,0.0075974464416503,-,15.0,0.0718390804597701,0.0043413639068603,0,0,6,['cluster'],['touching']
figure_descending_markersize60_interleaved_100_200_5d_25_cramped_rotated_tsne.png,interleaved_100_200_5d_25_cramped_rotated_tsne,696,5,60,0.7579693770944723,0.5918526649475098,0.7913900746584669,1.0758163928985596,1.0300051917702884,1.207591533660889,0.7560787780686984,0.9284319877624512,0.8007819915530692,0.7504348754882812,0.449994086205179,0.9306375980377196,0.4589084776095611,0.9412367343902588,0.5057913884627963,1.2191364765167236,0.4502590767688467,0.95367693901062,0.461572035463194,0.7593677043914795,0.3199807151925489,0.9573748111724854,0.3231468712127088,0.9505674839019777,0.3351958493103523,1.245537519454956,0.3205874565148344,0.9889662265777588,0.3242291093087538,0.7945747375488281,1.0,0.7084107398986816,11671,0.3725333213806152,0.0,0.5736875534057617,0.0303795589546177,0.0809113979339599,7.389902403027343,0.0073671340942382,-,15.0,0.0718390804597701,0.0042324066162109,0,0,871,['cluster'],['touching']
figure_descending_markersize110_interleaved_100_200_5d_25_cramped_rotated_tsne.png,interleaved_100_200_5d_25_cramped_rotated_tsne,696,5,110,0.5687730733309388,1.0853140354156494,0.6196361725417499,0.878093957901001,1.059004169462512,1.5305638313293457,0.5660078678983,0.8768806457519531,0.6289093128944556,0.8939111232757568,0.2730875880421201,1.1052570343017578,0.2836970633855213,0.8838238716125488,0.3303544998725027,1.3335797786712646,0.2739343846725925,1.1032745838165283,0.2853024227087741,0.8873622417449951,0.1796787887521764,1.1384215354919434,0.1839613956999616,0.9062042236328124,0.1957016426351842,1.5921897888183594,0.1806926776924703,0.927588701248169,0.1845001143061775,1.0298762321472168,0.978448275862069,0.729888916015625,38176,0.3875718116760254,0.0,0.3493993282318115,0.0303795589546177,0.0787105560302734,7.389902403027343,0.0071156024932861,-,15.0,0.0718390804597701,0.0041055679321289,0,0,3351,['cluster'],['touching']
figure_descending_markersize160_interleaved_100_200_5d_25_cramped_rotated_tsne.png,interleaved_100_200_5d_25_cramped_rotated_tsne,696,5,160,0.4544389876033364,0.995569944381714,0.5097800806001889,0.9955925941467284,1.0899744504892277,1.4429113864898682,0.4504131890880855,0.9939088821411132,0.5169079680253341,1.0331079959869385,0.2062159913138624,1.0289692878723145,0.217641898772398,1.02573823928833,0.2678437766927911,1.4721193313598633,0.206652819097207,1.0218725204467771,0.2186290639147792,1.2932193279266355,0.133367947133145,1.0581786632537842,0.138355129065459,0.7868938446044922,0.152681392675385,1.7339167594909668,0.1340862873070544,1.0471835136413574,0.138632145637187,1.0652823448181152,0.9066091954022988,0.5572831630706787,63471,0.5056819915771484,0.0,0.7401583194732666,0.0303795589546177,0.0822224617004394,7.389902403027343,0.0076050758361816,-,15.0,0.0718390804597701,0.004108190536499,1,0,6758,['cluster'],['touching']
figure_category_based_markersize10_ms_interleaved_40_80_3d_50_pca.png,ms_interleaved_40_80_3d_50_pca,205,3,10,0.9956482583521582,0.5970687866210938,0.9968216149146816,1.1567347049713137,0.998301450465266,0.873828649520874,0.9959751479807518,1.170426845550537,0.9964961773109032,0.6134347915649414,0.9587648551422256,1.1937174797058103,0.962979526999943,0.608992338180542,0.9630278481833652,1.151697874069214,0.9574428882429156,1.1692380905151367,0.9619427769804724,0.6074442863464355,0.9245165002954364,1.214268445968628,0.9313598651030894,0.6256637573242188,0.9301618640316324,1.4695780277252195,0.921781047855248,0.633040189743042,0.929705341857314,0.919034481048584,0.9902439024390244,0.7781708240509033,24,0.4826397895812988,0.0,0.4542152881622314,0.0305004830480307,0.0263690948486328,17.596352223130292,0.0029537677764892,0.00984766266484987,2.9964332580566406,0.448780487804878,0.0009608268737792,0,0,1,['cluster'],['intersecting']
figure_category_based_markersize60_ms_interleaved_40_80_3d_50_pca.png,ms_interleaved_40_80_3d_50_pca,205,3,60,0.7645851890366453,0.9463849067687988,0.7750507324321827,0.963853359222412,0.7799919125259535,1.250619649887085,0.7670976788638966,0.9756488800048828,0.7708965787463966,0.6660521030426025,0.6909196473049004,0.9836111068725586,0.6937169673020667,0.9803643226623536,0.6740630376934386,1.578824758529663,0.6917824950323914,0.6784024238586426,0.6928721455629654,0.9895164966583252,0.6302015730538226,1.003636360168457,0.6278322939503969,0.6665968894958496,0.5934658328779228,1.270977020263672,0.6299342872330962,0.998892068862915,0.6291901826165643,1.007450819015503,0.9902439024390244,0.4925346374511719,1173,0.4854733943939209,0.0,0.8520801067352295,0.0305004830480307,0.0254766941070556,17.596352223130292,0.0029444694519042,0.020182525683156528,3.5130677223205566,0.448780487804878,0.0010397434234619,0,0,326,['cluster'],['intersecting']
figure_category_based_markersize110_ms_interleaved_40_80_3d_50_pca.png,ms_interleaved_40_80_3d_50_pca,205,3,110,0.6236457006470908,0.7143912315368652,0.6239395239532471,1.0403296947479248,0.6152791625535717,1.3250200748443604,0.6258511262026425,1.0433001518249512,0.6219724322204248,1.056623935699463,0.5499329996463054,1.062762975692749,0.5430684641266523,0.7246544361114502,0.5107981728432355,1.3125522136688232,0.5506886569790554,0.7141451835632324,0.5443371179190883,1.0487065315246582,0.4918035691015399,1.0758123397827148,0.4807559460359142,0.7143409252166748,0.4366502800027867,1.365802764892578,0.4916439829498723,1.0881953239440918,0.4839321503559995,0.7186269760131836,0.9902439024390244,0.9274184703826904,3955,0.52842116355896,0.0,0.5249941349029541,0.0305004830480307,0.025874376296997,17.596352223130292,0.0032858848571777,0.026381244855108957,3.8655216693878174,0.448780487804878,0.0010597705841064,0,0,1392,['cluster'],['intersecting']
figure_category_based_markersize160_ms_interleaved_40_80_3d_50_pca.png,ms_interleaved_40_80_3d_50_pca,205,3,160,0.5367293198525647,1.1263360977172852,0.5354093643189572,1.1308212280273438,0.5256243410498864,1.026268482208252,0.5385063140750783,1.160515546798706,0.5333863211248294,0.7645153999328613,0.4622516608390373,1.1484160423278809,0.4545266583528639,0.7610528469085693,0.4225024347711497,1.4213097095489502,0.4626173663346175,0.7781882286071777,0.4555811011277366,1.1681597232818604,0.4059247163426247,0.7799744606018066,0.3948741853877275,1.181403636932373,0.3532069810549255,1.0529181957244873,0.4054757389173579,1.1671769618988037,0.3975852268152504,0.7842998504638672,0.9902439024390244,0.5798306465148926,7774,0.9931926727294922,0.0,0.559027910232544,0.0305004830480307,0.0259864330291748,17.596352223130292,0.0028517246246337,0.031017904559224242,4.363969564437866,0.448780487804878,0.0010628700256347,0,0,2965,['cluster'],['intersecting']
figure_ascending_markersize10_ms_interleaved_40_80_3d_50_pca.png,ms_interleaved_40_80_3d_50_pca,205,3,10,0.9984399950712198,0.7520263195037842,0.997191735711,1.1508731842041016,0.9954198759253486,0.9933557510375975,0.9986708410772736,1.1516170501708984,0.997648892845316,0.7362172603607178,0.9614333928488794,0.735694408416748,0.9633408462315184,1.172684907913208,0.9601945379498916,1.0075020790100098,0.960022264711074,1.155923843383789,0.9630648476196596,0.7525954246520996,0.9270720040284124,1.1679446697235107,0.9317127217290724,0.755042314529419,0.9273770594759384,1.0093584060668943,0.9242536353120584,1.1625094413757324,0.9307982176596034,1.1980359554290771,0.9902439024390244,0.574284553527832,24,0.5802021026611328,0.0,0.5884494781494141,0.0305004830480307,0.0260522365570068,17.596352223130292,0.0029582977294921,0.00984766266484987,2.611299991607666,0.448780487804878,0.000920295715332,0,0,0,['cluster'],['intersecting']
figure_ascending_markersize60_ms_interleaved_40_80_3d_50_pca.png,ms_interleaved_40_80_3d_50_pca,205,3,60,0.8299516649200073,0.8017573356628418,0.784277895396229,0.7783949375152588,0.7143674742618084,1.4870409965515137,0.8259815483820551,0.7856338024139404,0.7949490858761067,1.2251181602478027,0.7457509597899277,0.7982513904571533,0.7017467375502752,1.2382166385650637,0.622214123271314,1.0595214366912842,0.7412382708952261,0.7802700996398926,0.7132144173108647,1.219501256942749,0.6770613641349927,0.8292310237884521,0.6349315946442098,1.2641994953155518,0.5511197203770907,1.0794174671173096,0.6722657792159727,1.2692863941192627,0.6467202639522225,0.8222320079803467,0.9902439024390244,0.6205179691314697,1173,0.6312239170074463,0.0,0.6049187183380127,0.0305004830480307,0.0260117053985595,17.596352223130292,0.0032649040222167,0.020182525683156524,3.086467027664185,0.448780487804878,0.0008766651153564,0,0,0,['cluster'],['intersecting']
figure_ascending_markersize110_ms_interleaved_40_80_3d_50_pca.png,ms_interleaved_40_80_3d_50_pca,205,3,110,0.7133321947831699,0.8275535106658936,0.6356660060793069,1.3038051128387451,0.5342161583114653,1.103102445602417,0.7071610897338538,0.8424863815307617,0.6538538868578885,0.828040599822998,0.6217886922254657,1.2879173755645752,0.5539073597499087,0.8459453582763672,0.452737626811571,1.6105051040649414,0.6159517310682283,0.8507804870605469,0.5714214674554932,0.8386297225952148,0.5510688097328664,1.359080791473389,0.4907833567302196,0.8666024208068848,0.3928241703569354,1.1321711540222168,0.5455826906405132,0.8525488376617432,0.507446823814388,1.354473352432251,0.9902439024390244,0.6717815399169922,3955,0.6749148368835449,0.0,0.1167800426483154,0.0305004830480307,0.0263795852661132,17.596352223130292,0.0029239654541015,0.026381244855108957,3.9186041355133057,0.448780487804878,0.0008659362792968,0,0,0,['cluster'],['intersecting']
figure_ascending_markersize160_ms_interleaved_40_80_3d_50_pca.png,ms_interleaved_40_80_3d_50_pca,205,3,160,0.6387119361319974,0.8771543502807617,0.5486721149733919,0.8857357501983643,0.4381634755350629,1.1584959030151367,0.6316573130472262,0.884183406829834,0.5695328450822483,1.3978240489959717,0.5403486120895784,0.9005663394927979,0.4674408461836197,0.8869163990020752,0.3646378468848568,1.668107271194458,0.5341618447193786,0.9041509628295898,0.4857682318501354,0.8965737819671631,0.4682386275348692,0.8853569030761719,0.4071604698617677,1.4152567386627195,0.3122423068927574,1.1574840545654297,0.4627387348526505,0.8985695838928223,0.4234839116778732,1.42551851272583,0.9902439024390244,0.7119996547698975,7774,0.7002060413360596,0.0,0.6998550891876221,0.0305004830480307,0.0248193740844726,17.596352223130292,0.0027244091033935,0.031017904559224246,3.854305028915405,0.448780487804878,0.0010254383087158,0,0,0,['cluster'],['intersecting']
figure_descending_markersize10_ms_interleaved_40_80_3d_50_pca.png,ms_interleaved_40_80_3d_50_pca,205,3,10,0.9956481328865696,0.8805351257324219,0.9968216046467628,0.8762760162353516,0.998301450465266,1.147594928741455,0.9959750287535196,0.8815608024597168,0.9964961303109447,0.8847956657409668,0.958630637760922,1.403026103973389,0.9629643850378368,0.8620655536651611,0.9630278481833652,1.1592135429382324,0.9573053719425044,0.910158395767212,0.9618800083370777,0.882831335067749,0.9242670412607472,0.8780562877655029,0.9313315466671198,1.4420301914215088,0.9301618640316324,1.16776442527771,0.921526257901862,0.9045822620391846,0.9295881258392796,0.9083600044250488,0.9902439024390244,0.7161178588867188,24,0.7219297885894775,0.0,0.1151902675628662,0.0305004830480307,0.026231050491333,17.596352223130292,0.0028696060180664,0.00984766266484987,2.7411205768585205,0.448780487804878,0.0008628368377685,0,0,1,['cluster'],['intersecting']
figure_descending_markersize60_ms_interleaved_40_80_3d_50_pca.png,ms_interleaved_40_80_3d_50_pca,205,3,60,0.7312797432866305,1.5050008296966553,0.7641020137946892,0.93278169631958,0.8175659611936166,1.1844782829284668,0.7404239452700458,0.9305250644683838,0.7577770447197409,0.9217908382415771,0.6624808547829768,0.925844430923462,0.6847020223231884,0.9100987911224364,0.7037631806069609,1.777857780456543,0.6689537492888795,0.9329862594604492,0.681776100349148,0.9310128688812256,0.6055140209581158,0.946138858795166,0.6202500893182069,0.9371588230133056,0.617771238602884,1.1958880424499512,0.6100664471951277,0.930976629257202,0.6196305074529305,0.9407713413238524,0.9902439024390244,0.7297582626342773,1173,0.759178876876831,0.0,0.7310807704925537,0.0305004830480307,0.0267486572265625,17.596352223130292,0.0031530857086181,0.02018252568315652,3.188607215881348,0.448780487804878,0.0008635520935058,0,0,582,['cluster'],['intersecting']
figure_descending_markersize110_ms_interleaved_40_80_3d_50_pca.png,ms_interleaved_40_80_3d_50_pca,205,3,110,0.5764461677163908,0.965480089187622,0.6102900251450338,1.0218226909637451,0.6720850392452156,1.2469067573547363,0.5852895109033645,0.9782578945159912,0.6034504567381744,0.946502685546875,0.5111777568792691,0.9505941867828368,0.5322553238214041,0.9566810131072998,0.5509278098414762,1.2134981155395508,0.5173736510945541,0.9591574668884276,0.528961965456658,0.9568803310394288,0.459186169089571,0.9764740467071532,0.4719140581002063,0.974766492843628,0.4667808982610488,1.866943120956421,0.4635806513245069,0.9975175857543944,0.4708423090078516,0.3648703098297119,0.9902439024390244,0.780855655670166,3955,0.7678446769714355,0.0,0.766671895980835,0.0305004830480307,0.0259890556335449,17.596352223130292,0.0030305385589599,0.026381244855108957,3.459494113922119,0.448780487804878,0.000864028930664,0,0,2331,['cluster'],['intersecting']
figure_descending_markersize160_ms_interleaved_40_80_3d_50_pca.png,ms_interleaved_40_80_3d_50_pca,205,3,160,0.4889011578222716,0.9839463233947754,0.5220242179964357,1.6216671466827393,0.5862218424109557,1.2932777404785156,0.4966310257601809,1.0158979892730713,0.5147392506297708,1.0489990711212158,0.4244279878556122,0.3882901668548584,0.4440839912308533,1.637392282485962,0.459827286209878,1.288374662399292,0.4295524355278374,0.3714234828948974,0.4404618444844008,1.6597051620483398,0.3749782457453113,1.0226244926452637,0.3863938942898163,0.3830084800720215,0.378269149345717,1.9335477352142332,0.3784378705308614,1.0420753955841064,0.3849178069126333,1.0530600547790527,0.9902439024390244,0.1473612785339355,7774,0.804086446762085,0.0,0.7866649627685547,0.0305004830480307,0.0262043476104736,17.596352223130292,0.0028965473175048,0.031017904559224246,4.033884763717651,0.448780487804878,0.0008947849273681,0,0,4860,['cluster'],['intersecting']
figure_category_based_markersize10_interleaved_100_500_3_25_cramped_rotated_tsne.png,interleaved_100_500_3_25_cramped_rotated_tsne,857,3,10,0.9908423653683502,1.0152275562286377,0.9939884165510212,1.6787185668945312,1.0017987610503545,0.647759199142456,0.9930164927748744,1.678978681564331,0.994183893973298,0.3610603809356689,0.9640855943704716,1.6962001323699951,0.9648848156559102,0.3501143455505371,0.9717417115162232,2.0241036415100098,0.9665194538826144,0.3635716438293457,0.9654441910340396,1.015683650970459,0.938735909461108,1.7260878086090088,0.9374370180915224,1.0522494316101074,0.943435732659662,0.6498994827270508,0.9413997249489772,1.7268612384796145,0.9383194093411574,0.3580939769744873,1.0,0.871483325958252,89,0.8510596752166748,0.0,0.847395658493042,0.0304120474585327,0.0924282073974609,7.529542027090305,0.0091979503631591,-,15.0,0.102683780630105,0.00327730178833,0,0,5,['cluster'],['touching']
figure_category_based_markersize60_interleaved_100_500_3_25_cramped_rotated_tsne.png,interleaved_100_500_3_25_cramped_rotated_tsne,857,3,60,0.7853464595767715,1.146226167678833,0.8176916630610942,0.4241969585418701,0.9307049055420048,2.129443407058716,0.8308994014416302,0.4271571636199951,0.8474079160292103,1.1119163036346436,0.4641228322713043,1.8480031490325928,0.4714368303457622,0.4312913417816162,0.4863347659344329,2.13535475730896,0.4754438402009712,0.4440889358520508,0.4780905980594986,1.113471746444702,0.3293937071441946,1.1292715072631836,0.3311921701147708,1.856191635131836,0.3291705089023448,0.7141585350036621,0.3329914019568931,1.1221885681152344,0.3329739090256458,1.1186299324035645,1.0,1.0875837802886963,14160,0.8799881935119629,0.0,0.9530348777770996,0.0304120474585327,0.0906429290771484,7.529542027090305,0.0091543197631835,-,15.0,0.102683780630105,0.0035188198089599,0,0,266,['cluster'],['touching']
figure_category_based_markersize110_interleaved_100_500_3_25_cramped_rotated_tsne.png,interleaved_100_500_3_25_cramped_rotated_tsne,857,3,110,0.6146305600499313,1.2145724296569824,0.6494926220334697,1.2097938060760498,0.8536690221120478,1.48186993598938,0.6824666498104015,1.945971965789795,0.7087051420024946,0.4970471858978271,0.2837988335937861,1.2140600681304932,0.2864728811003308,1.2483916282653809,0.2971362330060144,1.5120863914489746,0.2934673135584048,1.2211089134216309,0.2959993291979826,1.2280263900756836,0.1844932775455944,1.2280631065368652,0.1837627168740849,1.2516942024230957,0.1798721257102948,1.5214593410491943,0.1869230166130521,1.2316231727600098,0.1870645598142993,1.2617511749267578,0.9649941656942824,1.1529262065887451,46829,0.9677438735961914,0.0,0.9193522930145264,0.0304120474585327,0.0921084880828857,7.529542027090305,0.0094075202941894,-,15.0,0.102683780630105,0.0032689571380615,1,0,898,['cluster'],['touching']
figure_category_based_markersize160_interleaved_100_500_3_25_cramped_rotated_tsne.png,interleaved_100_500_3_25_cramped_rotated_tsne,857,3,160,0.5236123121626902,1.3412861824035645,0.5587175488101122,0.5668933391571045,0.7991645667402116,1.6329779624938965,0.5969847269906067,1.3533740043640137,0.6264089383756659,1.341294765472412,0.2267286875252435,1.3507168292999268,0.2286541718829695,1.3514864444732666,0.2392770848763423,1.641617774963379,0.2356787570696875,1.3647096157073977,0.2384427165026873,1.3646187782287598,0.1446904573003666,0.5748996734619141,0.1437396941588086,1.355232000350952,0.1407023138388828,1.6390767097473145,0.1468203947927072,1.357696294784546,0.1472459645711737,1.369755744934082,0.8961493582263711,1.1852197647094729,75093,0.1842389106750488,0.0,0.9770181179046632,0.0304120474585327,0.0908644199371337,7.529542027090305,0.0090832710266113,-,15.0,0.102683780630105,0.003237247467041,1,0,1556,['cluster'],['touching']
figure_ascending_markersize10_interleaved_100_500_3_25_cramped_rotated_tsne.png,interleaved_100_500_3_25_cramped_rotated_tsne,857,3,10,0.9950761993471872,1.1525559425354004,0.9955344147081964,1.1420142650604248,0.996589300776856,1.4406523704528809,0.995941204147496,1.178317308425903,0.995361918651557,1.167057752609253,0.968364966475782,1.184204339981079,0.9663776410233448,1.1870346069335938,0.9655680765897754,0.6364052295684814,0.9695539165398908,1.1923675537109375,0.9666691505615208,1.1634151935577393,0.9430502862316904,1.2470662593841553,0.9388801330008492,1.1922824382781982,0.936419772787777,1.4798991680145264,0.944528791784836,1.2042300701141355,0.9395842554714864,0.3682203292846679,1.0,1.0506503582000732,89,0.9913203716278076,0.0,0.1315360069274902,0.0304120474585327,0.0927481651306152,7.529542027090305,0.0092437267303466,-,15.0,0.102683780630105,0.0031836032867431,0,0,0,['cluster'],['touching']
figure_ascending_markersize60_interleaved_100_500_3_25_cramped_rotated_tsne.png,interleaved_100_500_3_25_cramped_rotated_tsne,857,3,60,0.8307899786225232,1.2726688385009766,0.8469765012900503,1.2433977127075195,0.8479933316922069,1.56587553024292,0.8488563969444222,1.3101520538330078,0.8547803392187551,0.4186363220214844,0.4855348124117309,1.256028652191162,0.4832164432738004,1.2460167407989502,0.4521763333835535,1.5706274509429932,0.4853033396674948,1.2964379787445068,0.4819259707289012,0.4196624755859375,0.3429948741306249,1.2785897254943848,0.3380363542704619,1.2935199737548828,0.308280536195593,1.5906829833984375,0.3397802969128216,0.4110324382781982,0.3355565317201506,1.2677202224731443,1.0,1.2323899269104004,14160,1.0775642395019531,0.0,0.1328878402709961,0.0304120474585327,0.0912489891052246,7.529542027090305,0.0093598365783691,-,15.0,0.102683780630105,0.0033235549926757,0,0,0,['cluster'],['touching']
figure_ascending_markersize110_interleaved_100_500_3_25_cramped_rotated_tsne.png,interleaved_100_500_3_25_cramped_rotated_tsne,857,3,110,0.6841995597284465,0.4873180389404297,0.7071113338201531,1.427513837814331,0.6997877354038309,1.649411916732788,0.7105551526863172,1.371779441833496,0.7217540945921328,1.37734055519104,0.3071588956568928,0.5003757476806641,0.3012355173101858,1.2511537075042725,0.2630791461916888,1.53106689453125,0.3048269820080113,1.2436485290527344,0.3011093968752589,0.4936497211456299,0.1980305462062125,1.3973805904388428,0.191383205435962,1.387401819229126,0.1619886980344296,1.687794208526611,0.1940335201736763,1.3861629962921145,0.1902373685774219,0.4914145469665527,0.9649941656942824,1.303161382675171,46829,1.135188102722168,0.0,0.1322202682495117,0.0304120474585327,0.0895535945892334,7.529542027090305,0.008772850036621,-,15.0,0.102683780630105,0.0032112598419189,1,0,0,['cluster'],['touching']
figure_ascending_markersize160_interleaved_100_500_3_25_cramped_rotated_tsne.png,interleaved_100_500_3_25_cramped_rotated_tsne,857,3,160,0.6010516208095754,0.5433135032653809,0.6253418258577057,1.4913058280944824,0.6081794070127193,1.7543325424194336,0.6300847652683477,1.5234596729278564,0.6420778682079451,0.5554018020629883,0.251412017503128,1.46732497215271,0.2446985774780052,1.49485182762146,0.2045961164423708,1.8227388858795168,0.2482311127534392,0.5509600639343262,0.244254348922321,1.4716250896453855,0.1589491906289291,1.5108561515808103,0.1521098663823333,1.5048892498016355,0.1229845151163133,0.8672459125518799,0.1545614235638758,1.4977750778198242,0.150812676608266,1.491722822189331,0.8961493582263711,1.3222496509552002,75093,0.186464786529541,0.0,1.11488676071167,0.0304120474585327,0.0902633666992187,7.529542027090305,0.0087366104125976,-,15.0,0.102683780630105,0.0031707286834716,1,0,0,['cluster'],['touching']
figure_descending_markersize10_interleaved_100_500_3_25_cramped_rotated_tsne.png,interleaved_100_500_3_25_cramped_rotated_tsne,857,3,10,0.9908419785429732,1.3367586135864258,0.9939882464869508,0.3598470687866211,1.0016188077196573,1.5781912803649902,0.9930163657951464,1.3064069747924805,0.994151668367451,1.306227445602417,0.963886039544503,0.3621108531951904,0.9647513858215232,1.2868807315826416,0.9725917519249456,1.575993537902832,0.9664333435324278,1.3253884315490725,0.9653876218344076,1.3238565921783447,0.938357933389402,0.3649673461914062,0.9371853090639464,1.3167219161987305,0.9451997290701348,1.6184463500976562,0.9412364677913668,0.3559920787811279,0.9382412459674866,1.2970457077026367,1.0,1.218952178955078,89,0.1362171173095703,0.0,1.1433830261230469,0.0304120474585327,0.0914232730865478,7.529542027090305,0.0091943740844726,-,15.0,0.102683780630105,0.0032875537872314,0,0,6,['cluster'],['touching']
figure_descending_markersize60_interleaved_100_500_3_25_cramped_rotated_tsne.png,interleaved_100_500_3_25_cramped_rotated_tsne,857,3,60,0.7317499227085891,1.4378528594970703,0.8004033042865781,0.4318161010742187,1.0537596502016664,1.7100000381469729,0.7683307553867036,1.449399709701538,0.7998488859678811,0.4189798831939697,0.4386158319002586,1.414279222488403,0.4633586476529363,1.4405052661895752,0.5340901550431275,0.7130234241485596,0.4487685064208663,1.4194252490997314,0.4598074869561916,1.433063268661499,0.3131643160189427,1.4252004623413086,0.3260578113403355,0.4304063320159912,0.3576917693523188,1.6953957080841064,0.3169453651715632,1.436609983444214,0.3226420218224731,0.4283907413482666,1.0,1.3794479370117188,14160,1.1949989795684814,0.0,0.1360933780670166,0.0304120474585327,0.0898268222808837,7.529542027090305,0.0090541839599609,-,15.0,0.102683780630105,0.0032947063446044,0,0,1343,['cluster'],['touching']
figure_descending_markersize110_interleaved_100_500_3_25_cramped_rotated_tsne.png,interleaved_100_500_3_25_cramped_rotated_tsne,857,3,110,0.5370005822493435,1.526747465133667,0.6264251103302074,0.4912035465240478,1.1256118678248597,1.8202264308929443,0.5812016264789426,1.5573103427886963,0.6290814485293126,0.491539716720581,0.2568331936086834,1.4875199794769287,0.2781095219238469,1.527113437652588,0.342867997953773,1.804567813873291,0.264729244125692,0.5143997669219971,0.2763808285032142,1.5230655670166016,0.1687775089356645,1.5804154872894287,0.1787293668776136,0.4989509582519531,0.2022349816497434,1.8100018501281736,0.1713997127560353,1.5703792572021484,0.1770923074571518,1.5431132316589355,0.9649941656942824,0.3607618808746338,46829,1.2500104904174805,0.0,0.1343140602111816,0.0304120474585327,0.0932624340057373,7.529542027090305,0.0090374946594238,-,15.0,0.102683780630105,0.0032353401184082,0,0,5097,['cluster'],['touching']
figure_descending_markersize160_interleaved_100_500_3_25_cramped_rotated_tsne.png,interleaved_100_500_3_25_cramped_rotated_tsne,857,3,160,0.4400853094691378,0.5432651042938232,0.5337579992390584,1.6358637809753418,1.1833350728963412,1.9349210262298584,0.4834957458101452,0.5661766529083252,0.5355382093634561,1.6109390258789062,0.1995854648872519,0.5594966411590576,0.2198616307230929,1.605726957321167,0.2843970609047981,1.9141600131988523,0.2069313590548805,1.6073663234710691,0.2189227839949566,0.5486652851104736,0.1290575184569181,1.695624589920044,0.1384442864784582,1.6413459777832031,0.1616200196024821,0.836240291595459,0.1316348897817247,1.646397590637207,0.1375826035951918,0.5539464950561523,0.8961493582263711,1.4314420223236084,75093,1.311753749847412,0.0,0.1316809654235839,0.0304120474585327,0.0896749496459961,7.529542027090305,0.008599042892456,-,15.0,0.102683780630105,0.0032682418823242,1,0,9960,['cluster'],['touching']
figure_category_based_markersize10_n500-d5-c5-spr0.1-out0_tsne.png,n500-d5-c5-spr0.1-out0_tsne,500,5,10,0.974621064985783,0.7089729309082031,0.9793804960162232,0.613511323928833,0.9896239569259628,1.1641602516174316,0.9688214695160284,0.6920759677886963,0.9729932643168252,0.636336088180542,0.9474559091186154,0.7037980556488037,0.9448277460168194,0.6302952766418457,0.9414028540197265,1.2101240158081057,0.939931737121012,0.738396406173706,0.9391874299327956,0.631270170211792,0.921764013070612,0.7579536437988281,0.9126299686691416,0.7691342830657959,0.8976627181778217,1.1449718475341797,0.9127150673041384,0.6915078163146973,0.9076518288850394,0.6972885131835938,1.0,0.3752040863037109,77,0.3881380558013916,0.0,0.383486270904541,0.0302789374119043,0.0574543476104736,9.771028520790306,0.0056660175323486,-,15.0,0.184,0.0034632682800292,0,0,6,['cluster'],"['intersecting','separated']"
figure_category_based_markersize60_n500-d5-c5-spr0.1-out0_tsne.png,n500-d5-c5-spr0.1-out0_tsne,500,5,60,0.7979900865590501,0.6561388969421387,0.8231791170124206,0.7663156986236572,0.8683596416607181,1.2205893993377686,0.7494167900009882,0.9402990341186525,0.7714941496388525,0.7809240818023682,0.6247371176051435,0.8093516826629639,0.6266450646141905,0.8018789291381836,0.6174204882637662,1.1181085109710691,0.5967389935591164,0.946199893951416,0.6014025652949071,0.817133903503418,0.5132948171156646,0.8339512348175049,0.5058688525788416,0.829883337020874,0.4789990271678014,1.2924296855926514,0.4957420516011745,0.6844234466552734,0.4927629465457627,0.9721739292144777,0.998,0.5415427684783936,4548,0.306208848953247,0.0,0.4835600852966308,0.0302789374119043,0.0550348758697509,9.771028520790306,0.0055932998657226,-,15.0,0.184,0.0030968189239501,0,0,504,['cluster'],"['intersecting','separated']"
figure_category_based_markersize110_n500-d5-c5-spr0.1-out0_tsne.png,n500-d5-c5-spr0.1-out0_tsne,500,5,110,0.5942822159021314,0.936058521270752,0.643935821426093,0.903789758682251,0.7273993840215256,1.3575150966644287,0.5309946892858879,0.9160187244415284,0.5647737921337329,0.9237992763519288,0.3951473098537141,0.9421947002410888,0.4043314051229403,0.761052131652832,0.397233196157514,1.380737066268921,0.3704406793597875,0.9528002738952636,0.3791028286463095,0.9389057159423828,0.2959717056903574,0.9742445945739746,0.2946820805302075,0.7919988632202148,0.2732191647301039,1.418837308883667,0.2844369943282877,0.9596996307373048,0.285307266843351,0.960702896118164,0.996,0.6487183570861816,18976,0.5724163055419922,0.0,0.3392362594604492,0.0302789374119043,0.0572562217712402,9.771028520790306,0.0059106349945068,-,15.0,0.184,0.0032958984375,0,0,2674,['cluster'],"['intersecting','separated']"
figure_category_based_markersize160_n500-d5-c5-spr0.1-out0_tsne.png,n500-d5-c5-spr0.1-out0_tsne,500,5,160,0.4811387836872833,1.247666358947754,0.5323256114863774,0.869387149810791,0.6190184581557602,1.321584939956665,0.4189166492722203,1.0806849002838137,0.4505942012892771,0.8672890663146973,0.2957987039291108,1.0754075050354004,0.3037655983994026,0.8960020542144775,0.2942397304490012,1.3461313247680664,0.2749661794112027,0.8940789699554443,0.281639187649369,1.0883457660675049,0.2135404983272231,1.134005784988403,0.2125184162956986,0.9126789569854736,0.1929861913121224,1.371043682098389,0.2046449448308778,0.9237179756164552,0.2048343888630802,0.8941881656646729,0.982,0.7507519721984863,37490,0.4118192195892334,0.0,0.643280029296875,0.0302789374119043,0.0578365325927734,9.771028520790306,0.005540132522583,-,15.0,0.184,0.0030257701873779,0,0,5892,['cluster'],"['intersecting','separated']"
figure_ascending_markersize10_n500-d5-c5-spr0.1-out0_tsne.png,n500-d5-c5-spr0.1-out0_tsne,500,5,10,0.9804285184818712,0.5920486450195312,0.9817843877322494,0.8123812675476074,0.9852139179898366,1.5048186779022217,0.9801675285282034,0.8293261528015137,0.9794128385076176,0.825404167175293,0.9534222325918068,0.8415613174438477,0.9472005769149328,0.8349058628082275,0.9368465057185794,1.2971835136413574,0.9511092715599664,0.8567116260528564,0.9453662848758692,0.8488891124725342,0.9278638606995728,1.106227159500122,0.9149703225594474,0.608893632888794,0.8930058907129554,1.5501582622528076,0.923724341433288,0.8658454418182373,0.91360727788524,0.8584582805633545,1.0,0.7048366069793701,77,0.4055180549621582,0.0,0.4050209522247314,0.0302789374119043,0.0566956996917724,9.771028520790306,0.0058405399322509,0.00700701051753068,12.60372829437256,0.184,0.0029652118682861,0,0,0,['cluster'],"['intersecting','separated']"
figure_ascending_markersize60_n500-d5-c5-spr0.1-out0_tsne.png,n500-d5-c5-spr0.1-out0_tsne,500,5,60,0.8490041323269794,0.9482111930847168,0.8385041374147488,0.941026210784912,0.8174222840972181,1.3850500583648682,0.8382602233481833,0.9401977062225342,0.8263437963396827,0.9238510131835938,0.66233857150127,0.9474639892578124,0.6377633850495888,0.9412446022033693,0.5853215645110925,1.3976681232452393,0.658446463669087,1.233189344406128,0.6379562509166707,0.6841952800750732,0.5429609342843098,0.95987868309021,0.5145728810549829,1.262624740600586,0.455878421449422,1.1103713512420654,0.5421506579087987,1.2469820976257324,0.5195179931718312,0.9735000133514404,0.998,0.5229136943817139,4548,0.4570176601409912,0.0,0.7912600040435791,0.0302789374119043,0.056258201599121,9.771028520790306,0.0054109096527099,0.017288821888148294,14.711705207824709,0.184,0.003127098083496,0,0,0,['cluster'],"['intersecting','separated']"
figure_ascending_markersize110_n500-d5-c5-spr0.1-out0_tsne.png,n500-d5-c5-spr0.1-out0_tsne,500,5,110,0.6907388366949615,1.0595674514770508,0.6710866639834832,1.031952142715454,0.6185990632538827,1.798182725906372,0.6797100668700822,0.7452986240386963,0.6601932830566066,1.049694538116455,0.4488875208216994,1.0370776653289795,0.4194523035603831,1.051544189453125,0.3535675795389484,1.502107858657837,0.450107507024525,1.3872153759002686,0.4269476222617883,0.7463445663452148,0.3324762148575043,1.0750601291656494,0.3050638704992688,1.0763413906097412,0.2475203853579083,1.5354955196380615,0.336454806311669,1.105014085769653,0.3154865303040651,0.7550029754638672,0.996,0.9575014114379884,18976,0.5186614990234375,0.0,0.4786784648895263,0.0302789374119043,0.0572607517242431,9.771028520790306,0.0055487155914306,-,15.0,0.184,0.0028407573699951,0,0,0,['cluster'],"['intersecting','separated']"
figure_ascending_markersize160_n500-d5-c5-spr0.1-out0_tsne.png,n500-d5-c5-spr0.1-out0_tsne,500,5,160,0.5891796863095085,1.163787603378296,0.5629137959990045,1.1688766479492188,0.4918361845418212,1.260072946548462,0.5805293238059186,1.1817646026611328,0.5548230167431322,0.8252484798431396,0.3502707291218463,1.2214112281799316,0.3200064879231604,1.1898207664489746,0.2532593073872292,1.6108713150024414,0.3527796238984171,1.1764068603515625,0.3283973893627017,1.1970808506011963,0.2492153466033043,0.8436684608459473,0.2235434961311335,1.2044575214385986,0.1705365059542357,1.2685728073120115,0.2533765079951858,1.1949031352996826,0.2332195154862394,0.842390775680542,0.982,1.0396974086761477,37490,0.5711572170257568,0.0,0.5270481109619141,0.0302789374119043,0.0577597618103027,9.771028520790306,0.0057673454284667,-,15.0,0.184,0.0028910636901855,0,0,0,['cluster'],"['intersecting','separated']"
figure_descending_markersize10_n500-d5-c5-spr0.1-out0_tsne.png,n500-d5-c5-spr0.1-out0_tsne,500,5,10,0.9721089959937036,1.0965819358825684,0.9793802273413936,1.0955779552459717,0.994044616933023,1.5502986907958984,0.9618261816473782,0.7344353199005127,0.9700880118628732,1.131791114807129,0.944802742663528,0.7505486011505127,0.9447676718506924,1.1361196041107178,0.9460162674515268,1.1919221878051758,0.9330683525402697,1.1204371452331543,0.9363622014066084,1.1205601692199707,0.9189886248024404,0.7450382709503174,0.9125181095052696,1.145779371261597,0.9024150980778758,1.1932976245880127,0.9059802712303696,1.1611285209655762,0.9049026085808282,0.7579033374786377,1.0,0.5590651035308838,77,0.5510196685791016,0.0,1.0245237350463867,0.0302789374119043,0.0572588443756103,9.771028520790306,0.0056586265563964,0.007007010517530679,12.613213777542114,0.184,0.0027728080749511,0,0,14,['cluster'],"['intersecting','separated']"
figure_descending_markersize60_n500-d5-c5-spr0.1-out0_tsne.png,n500-d5-c5-spr0.1-out0_tsne,500,5,60,0.7422837990559947,0.8004119396209717,0.7890624630298044,0.8558964729309082,0.9513291207207382,1.678347110748291,0.7024095175375127,0.8316502571105957,0.7479792367380105,1.232689619064331,0.5841457921644044,0.8203732967376709,0.6047237448867069,1.2422962188720703,0.6675366219237054,1.2626237869262695,0.5620872888343266,1.2488901615142822,0.5848319321128126,0.8210539817810059,0.4815542615097581,1.262645244598389,0.4902036455492612,0.8348836898803711,0.5141574866380497,1.2643749713897705,0.4684948242727259,1.236921310424805,0.4801112933745343,0.8152577877044678,0.998,1.125244379043579,4548,0.6232974529266357,0.0,0.6090013980865479,0.0302789374119043,0.0557427406311035,9.771028520790306,0.00553560256958,0.017288821888148294,14.913691997528076,0.184,0.0028178691864013,0,0,909,['cluster'],"['intersecting','separated']"
figure_descending_markersize110_n500-d5-c5-spr0.1-out0_tsne.png,n500-d5-c5-spr0.1-out0_tsne,500,5,110,0.5234915564436706,0.8800363540649414,0.5909967262338969,0.8971521854400635,0.8717384905983269,1.7910420894622805,0.477032204268297,0.8927185535430908,0.5353367072001782,1.3331267833709717,0.3540519134473064,0.8979976177215576,0.3790793579064324,1.326998949050903,0.4513030915846824,1.3541324138641355,0.3376403219701595,1.362518072128296,0.3626482794163536,0.9026832580566406,0.2674770415622348,0.9053022861480712,0.2790269357868753,1.4298391342163086,0.3044623320616053,1.3565196990966797,0.2612897687636413,0.8954513072967529,0.2741978020016871,0.9027979373931884,0.996,1.247715711593628,18976,0.1450624465942382,0.0,1.1463429927825928,0.0302789374119043,0.0560543537139892,9.771028520790306,0.0054981708526611,-,15.0,0.184,0.0029096603393554,0,0,4163,['cluster'],"['intersecting','separated']"
figure_descending_markersize160_n500-d5-c5-spr0.1-out0_tsne.png,n500-d5-c5-spr0.1-out0_tsne,500,5,160,0.403120275162666,0.9688358306884766,0.4715826023421992,0.9760513305664062,0.8093937183128612,1.8615577220916748,0.3608562348594003,0.9824812412261964,0.4177756430851775,0.9453423023223876,0.2550148907173754,1.4500036239624023,0.278336001852277,0.9768075942993164,0.3484914338589064,1.4389410018920898,0.2426948511714988,1.4454758167266846,0.2652137134464309,0.9536783695220948,0.1864965302770505,0.9955861568450928,0.1974317847649761,1.4620530605316162,0.222048071344708,1.436591625213623,0.1828282443537298,0.9810776710510254,0.1942706126845245,0.978224277496338,0.982,0.7819409370422363,37490,0.7104451656341553,0.0,0.6646373271942139,0.0302789374119043,0.0565731525421142,9.771028520790306,0.0062072277069091,-,15.0,0.184,0.0029633045196533,0,0,9031,['cluster'],"['intersecting','separated']"
figure_category_based_markersize10_tse300_umap.png,tse300_umap,244,8,10,0.909644187719118,0.959263801574707,0.9181586014183823,0.8667562007904053,1.0101323218889862,2.114009380340576,0.9354079003387444,0.8775103092193604,0.9371698409990468,0.863964319229126,0.7795476973642308,0.8411049842834473,0.7784385915230689,1.396392822265625,0.7873073914119385,1.55759859085083,0.788482375987677,0.8789641857147217,0.7896387125115251,0.8831260204315186,0.6820075879600458,1.4288570880889893,0.6756258051151538,0.9194610118865968,0.6450220733939946,1.5921447277069092,0.6814467953700257,0.8856406211853027,0.6822392599145564,1.4261865615844729,0.9918032786885246,0.6909968852996826,179,0.1245884895324707,0.0,1.2732946872711182,0.0292595453371006,0.0284717082977294,6.913205455134554,0.0038115978240966,0.022147465839023037,3.796358346939087,0.3852459016393442,0.0021345615386962,0,0,5,"['cluster','lip_cluster']","['intersecting','separated']"
figure_category_based_markersize60_tse300_umap.png,tse300_umap,244,8,60,0.6163593794404387,1.479885816574097,0.614576898080602,0.9304525852203368,1.0489191260189754,1.625946283340454,0.6497131119791384,0.9365055561065674,0.6774936235114468,0.9251329898834229,0.3682334106912416,0.9394266605377196,0.3642025201700127,1.4955708980560305,0.4078611327821211,1.6232452392578125,0.3633916889728686,0.9549996852874756,0.3744188010903065,0.9478487968444824,0.2625424675828046,0.951690673828125,0.2587781084694345,0.953855276107788,0.2531474172403671,1.6274409294128418,0.2522346519122772,1.515873908996582,0.2586931603945624,0.9597110748291016,0.9590163934426228,0.7641808986663818,4748,0.742443323135376,0.0,0.1228334903717041,0.0292595453371006,0.0283150672912597,6.913205455134554,0.0033957958221435,0.04402041066259396,5.67217493057251,0.3852459016393442,0.0023856163024902,0,0,459,"['cluster','lip_cluster']","['intersecting','separated']"
figure_category_based_markersize110_tse300_umap.png,tse300_umap,244,8,110,0.4717748309069287,0.3903336524963379,0.4817618201278192,1.615635871887207,0.9019360327956922,1.6697909832000732,0.5123411681063237,1.0135152339935305,0.5364578316691131,0.974816083908081,0.2586411168845887,1.0080947875976562,0.2589119149563504,1.0113883018493652,0.288539422632257,1.6858234405517578,0.2577773309860276,1.014958381652832,0.2651583277681961,1.0075080394744873,0.1781557115722777,1.0103564262390137,0.1770249783299781,0.3931975364685058,0.1717405768055649,1.6997318267822266,0.1722116011352488,1.0259172916412354,0.1761002411239651,1.0310442447662354,0.9221311475409836,0.7811720371246338,12103,0.7934470176696777,0.0,0.1236112117767334,0.0292595453371006,0.0280747413635253,6.913205455134554,0.0031616687774658,0.056408174468179924,6.084398984909058,0.3852459016393442,0.002098798751831,0,0,1648,"['cluster','lip_cluster']","['intersecting','separated']"
figure_category_based_markersize160_tse300_umap.png,tse300_umap,244,8,160,0.3962544472134859,0.3899738788604736,0.4099632084377955,1.0116856098175049,0.7872177378457814,1.6967339515686035,0.4391717261836435,1.6669650077819824,0.4594392502541917,0.4008505344390869,0.2117061804360184,1.672351360321045,0.213058142781733,1.0642452239990234,0.2373234265351467,1.7566945552825928,0.213532344262557,1.087909698486328,0.2189761927903368,0.4017841815948486,0.1444371961072804,1.7146155834197998,0.1439290922383692,1.0732080936431885,0.1397229283010957,1.0963740348815918,0.1410586662626231,1.716754913330078,0.1437432863553802,1.1118452548980713,0.860655737704918,0.8546535968780518,19110,0.1380369663238525,0.0,0.8162546157836914,0.0292595453371006,0.0284702777862548,6.913205455134554,0.0034458637237548,0.06508847627559712,6.2098388671875,0.3852459016393442,0.0021131038665771,0,0,3206,"['cluster','lip_cluster']","['intersecting','separated']"
figure_ascending_markersize10_tse300_umap.png,tse300_umap,244,8,10,0.935462725633784,1.045708179473877,0.9329558973243136,1.0154292583465576,0.9548156038046696,1.701469659805298,0.9522110965056706,1.018294334411621,0.9473264417866196,1.6875474452972412,0.8023978084546555,1.0510752201080322,0.7897970684900681,0.3495142459869385,0.7434020051880642,2.388010025024414,0.8020012032477369,0.3545122146606445,0.7976113997148531,1.7381477355957031,0.7024743309060009,0.3549096584320068,0.6847279521651057,1.034576177597046,0.6086383645509499,2.4208786487579346,0.692724877550773,0.3493742942810058,0.6887600700046592,1.7386560440063477,0.9918032786885246,0.1200392246246337,179,0.8567006587982178,0.0,0.8665602207183838,0.0292595453371006,0.028365135192871,6.913205455134554,0.0032386779785156,0.022147465839023037,3.778282403945923,0.3852459016393442,0.0020937919616699,0,0,0,"['cluster','lip_cluster']","['intersecting','separated']"
figure_ascending_markersize60_tse300_umap.png,tse300_umap,244,8,60,0.7675685281616438,1.1005475521087646,0.7420925792729148,1.0874619483947754,0.705435419339751,1.777132272720337,0.8255782031813585,0.3734242916107178,0.7923855670543543,1.791874885559082,0.4394047278073922,0.3658840656280517,0.4128707639299532,1.082117795944214,0.3167117564274339,2.5403501987457275,0.4236166769274101,0.3646934032440185,0.4135397090633304,1.0899152755737305,0.3078062327933738,1.0935583114624023,0.285992918279619,1.8245704174041748,0.2041930596100868,1.0575146675109863,0.2849021392865805,1.079359531402588,0.2797763873633653,1.0725178718566897,0.9590163934426228,0.867100715637207,4748,0.8968408107757568,0.0,0.965862274169922,0.0292595453371006,0.0280261039733886,6.913205455134554,0.0035467147827148,0.04402041066259397,4.426852464675903,0.3852459016393442,0.0020666122436523,0,0,0,"['cluster','lip_cluster']","['intersecting','separated']"
figure_ascending_markersize110_tse300_umap.png,tse300_umap,244,8,110,0.6271667314922211,0.3830585479736328,0.5982020161319999,1.1106467247009275,0.5165268146034032,1.7852959632873535,0.7366353977705511,1.903608798980713,0.6814479300798456,0.3740015029907226,0.3249243415130366,1.1203052997589111,0.2975839392271352,1.1379449367523191,0.2063605431711401,1.8285763263702397,0.3185497872690445,1.1497271060943604,0.3045084561305949,1.15071439743042,0.2192594547881984,1.132716417312622,0.1980544424777066,1.1512300968170166,0.1289363075904827,1.8535470962524412,0.2032136313219011,1.1658320426940918,0.1960592655695444,1.175443172454834,0.9221311475409836,0.9491641521453856,12103,0.136223554611206,0.0,0.9233269691467284,0.0292595453371006,0.0278570652008056,6.913205455134554,0.0032334327697753,0.056408174468179924,4.859195232391357,0.3852459016393442,0.0019354820251464,0,0,0,"['cluster','lip_cluster']","['intersecting','separated']"
figure_ascending_markersize160_tse300_umap.png,tse300_umap,244,8,160,0.5444320197016185,1.1921851634979248,0.5087151121983963,1.1952295303344729,0.4063849609669896,1.100407361984253,0.6790826136443021,1.1978678703308103,0.612279255697782,1.2113399505615234,0.2741988366528892,1.189507007598877,0.2450315345814235,1.2051677703857422,0.1581620259676558,1.9011850357055664,0.274545668922002,1.2170660495758057,0.2583357205023087,0.4013955593109131,0.1832441424216734,1.217594861984253,0.1613819990250481,1.2093570232391355,0.0981880437822169,1.9159345626831052,0.172052256695426,1.1978564262390137,0.1637030342899227,1.233832836151123,0.860655737704918,0.9938104152679444,19110,1.0161874294281006,0.0,0.1249222755432128,0.0292595453371006,0.0283846855163574,6.913205455134554,0.0032734870910644,0.06508847627559713,5.571429967880249,0.3852459016393442,0.0021083354949951,0,0,0,"['cluster','lip_cluster']","['intersecting','separated']"
figure_descending_markersize10_tse300_umap.png,tse300_umap,244,8,10,0.9095777008234108,1.1660127639770508,0.9121512132132952,1.1848793029785156,1.0160490636319457,1.8620915412902832,0.8934662059442933,1.181302785873413,0.907928117600788,1.174778699874878,0.7772374859007811,1.218919277191162,0.7734135357053171,0.3556945323944092,0.7973287913962214,1.841684103012085,0.7568162316300693,1.1887123584747314,0.767976128264008,1.1941487789154053,0.6785159125641874,1.2101671695709229,0.6713079766453642,0.347059965133667,0.6560943395437079,1.8750889301300049,0.6564208387658554,1.2042031288146973,0.665407345631216,1.2056119441986084,0.9918032786885246,1.0039660930633545,179,1.0081429481506348,0.0,0.1190121173858642,0.0292595453371006,0.0282557010650634,6.913205455134554,0.0038197040557861,0.022147465839023037,3.958536386489868,0.3852459016393442,0.0020322799682617,0,0,26,"['cluster','lip_cluster']","['intersecting','separated']"
figure_descending_markersize60_tse300_umap.png,tse300_umap,244,8,60,0.5988045427118551,1.2432167530059814,0.6066508121945671,1.2510871887207031,1.1290533067704644,1.05928373336792,0.5961437516920459,1.225236415863037,0.6377682154064811,1.2371644973754885,0.3539403761494849,1.2672343254089355,0.3623316510090036,0.352647066116333,0.4446459028593521,1.9079492092132568,0.3436780005134113,1.2696216106414795,0.3617786231207277,1.252220869064331,0.2512136609520339,1.2467520236968994,0.258303814757774,1.2201261520385742,0.2768347414467031,1.0598299503326416,0.2414320036565811,1.2741563320159912,0.2525077267713326,1.256671667098999,0.9590163934426228,1.0380172729492188,4748,1.0391216278076172,0.0,0.1208298206329345,0.0292595453371006,0.0282621383666992,6.913205455134554,0.0036811828613281,0.04402041066259396,4.484808444976807,0.3852459016393442,0.0020089149475097,0,0,772,"['cluster','lip_cluster']","['intersecting','separated']"
figure_descending_markersize110_tse300_umap.png,tse300_umap,244,8,110,0.4330752123534878,1.3072023391723633,0.4678578420443916,0.3900289535522461,1.149969875929626,1.990177154541016,0.4423295882821928,1.2983224391937256,0.4875619903838264,1.2864527702331543,0.2355198684341612,1.1923370361328125,0.2546795396272819,1.1768240928649902,0.3412405670239403,1.042356014251709,0.2344983014784961,1.2321853637695312,0.2513586971927463,1.3045542240142822,0.1617394146557449,1.3334410190582275,0.1749596123376008,0.3911101818084717,0.2003454004376258,1.994495868682861,0.1595382637138158,1.320005178451538,0.1693269205981398,1.338744878768921,0.9221311475409836,0.1362380981445312,12103,1.0940985679626465,0.0,1.0831298828125,0.0292595453371006,0.0271294116973876,6.913205455134554,0.0035650730133056,0.056408174468179924,4.959485054016113,0.3852459016393442,0.0020813941955566,0,0,2731,"['cluster','lip_cluster']","['intersecting','separated']"
figure_descending_markersize160_tse300_umap.png,tse300_umap,244,8,160,0.3464123213440253,0.3873474597930908,0.392201375621438,1.3503532409667969,1.1693001554863616,2.029496431350708,0.3612276488273479,0.4080522060394287,0.4062698718560775,1.352869749069214,0.18443310994808,1.3543055057525637,0.2072105276393507,1.3860597610473633,0.2987826602746143,1.0955424308776855,0.1877931480162845,1.4120841026306152,0.2039363610869073,1.3718383312225342,0.1256706645082679,0.4080836772918701,0.1407992877589766,1.3353936672210691,0.1712734523089188,2.0726866722106934,0.1268765282331831,1.3751137256622314,0.1361366066159156,0.3953285217285156,0.860655737704918,1.1427459716796875,19110,1.1486024856567385,0.0,0.1228795051574707,0.0292595453371006,0.028566837310791,6.913205455134554,0.0032272338867187,0.06508847627559715,5.6770548820495605,0.3852459016393442,0.0020167827606201,0,0,5300,"['cluster','lip_cluster']","['intersecting','separated']"
figure_category_based_markersize10_ms_interleaved_120_240_3d_50_centeredClusters_umap.png,ms_interleaved_120_240_3d_50_centeredClusters_umap,571,3,10,0.7840536260127825,1.3289530277252195,0.8138941665494563,1.336228609085083,0.8966469437760293,1.631248950958252,0.7953387251063753,0.3445315361022949,0.8193457572231677,1.3103487491607666,0.659666678622781,1.3393163681030271,0.6883173916498637,1.3624672889709473,0.7360145182251878,0.6107535362243652,0.6611433594692449,1.3401355743408203,0.6829095147198816,1.3459019660949707,0.5693427467650968,0.3487932682037353,0.5963116953189388,1.3613908290863037,0.6241918526808696,1.6303439140319824,0.5656951389617335,1.3612918853759766,0.5854253518199841,0.3470375537872314,0.9807355516637478,1.1447596549987793,554,1.1584298610687256,0.0,0.119253396987915,0.0300958825904682,0.0662322044372558,6.700706330367703,0.0061509609222412,-,15.0,0.3029772329246935,0.002185583114624,0,0,71,['cluster'],['intersecting']
figure_category_based_markersize60_ms_interleaved_120_240_3d_50_centeredClusters_umap.png,ms_interleaved_120_240_3d_50_centeredClusters_umap,571,3,60,0.4103550058374902,1.4260852336883545,0.4513363201537043,0.389498233795166,0.5490333632630409,1.7046658992767334,0.4303920213795515,1.4828028678894043,0.4603640933843076,0.3842816352844238,0.3013343699310014,1.411482572555542,0.3231554507945768,1.4019253253936768,0.3564137983335724,1.7307617664337158,0.3094714108791813,0.3995912075042724,0.3242971926746132,1.4072918891906738,0.2380821455485734,1.4436006546020508,0.2516781117775816,0.4002590179443359,0.2638472241852286,1.6977624893188477,0.2415943665816142,1.4359490871429443,0.2503135896207212,0.3884286880493164,0.9614711033274956,1.265892744064331,11392,1.216320514678955,0.0,0.1192870140075683,0.0300958825904682,0.0674748420715332,6.700706330367703,0.0063638687133789,-,15.0,0.3029772329246935,0.0022406578063964,0,0,2300,['cluster'],['intersecting']
figure_category_based_markersize110_ms_interleaved_120_240_3d_50_centeredClusters_umap.png,ms_interleaved_120_240_3d_50_centeredClusters_umap,571,3,110,0.3021287612764313,0.4217870235443115,0.3381086279017591,1.4961817264556885,0.4169500803204979,1.7512574195861816,0.3215189477717602,1.484452724456787,0.3469959861534515,0.4352612495422363,0.2143438584952057,1.4672486782073977,0.230441567901573,1.4878690242767334,0.2502772114320812,0.7195131778717041,0.2219770646798891,1.4927234649658203,0.2325304508079279,1.4973907470703125,0.166086624870867,0.4372050762176513,0.1747836063052896,1.5015373229980469,0.1788022618891989,1.849778652191162,0.1695000509046504,0.4423205852508545,0.1748512699969073,1.505795955657959,0.915936952714536,1.3304567337036133,27832,0.1467313766479492,0.0,1.264110803604126,0.0300958825904682,0.0684950351715087,6.700706330367703,0.0063021183013916,-,15.0,0.3029772329246935,0.0022523403167724,2,0,6861,['cluster'],['intersecting']
figure_category_based_markersize160_ms_interleaved_120_240_3d_50_centeredClusters_umap.png,ms_interleaved_120_240_3d_50_centeredClusters_umap,571,3,160,0.2500057137509899,1.5781869888305664,0.2825661106501801,0.4777390956878662,0.3528558633279116,1.8530137538909912,0.2686243481274768,1.5777099132537842,0.2914556326311555,0.4774057865142822,0.1754467592297198,1.5767412185668943,0.1893155753064562,1.6151447296142578,0.2052433724228787,0.7643201351165771,0.1827126554711283,1.5611724853515625,0.1917243538093531,0.4823243618011474,0.1351431519025726,1.5772838592529297,0.1423411292982391,1.5983662605285645,0.144707106365614,0.7646667957305908,0.1384374571963608,0.4951846599578857,0.1428451238891394,1.6186153888702393,0.8669001751313485,1.379183292388916,43591,0.1616547107696533,0.0,1.2700841426849363,0.0300958825904682,0.0670924186706543,6.700706330367703,0.0064473152160644,-,15.0,0.3029772329246935,0.0022022724151611,5,0,12435,['cluster'],['intersecting']
figure_ascending_markersize10_ms_interleaved_120_240_3d_50_centeredClusters_umap.png,ms_interleaved_120_240_3d_50_centeredClusters_umap,571,3,10,0.8279025586948441,0.3534383773803711,0.8347519172306725,1.4803144931793213,0.8421689274750225,1.7546918392181396,0.8325624295654428,0.3496992588043213,0.8361207341402671,1.4410409927368164,0.6942418730149986,1.4936225414276123,0.7062080488890861,0.3441255092620849,0.6970086145204467,1.757282018661499,0.690655596267765,0.3528530597686767,0.6976060943310742,1.4535093307495115,0.5977398017079902,1.4952363967895508,0.6119704161517658,0.3560531139373779,0.5945321715339116,1.7327799797058103,0.5900790544508224,1.5002596378326416,0.5984627023839864,0.3498122692108154,0.9807355516637478,1.2825520038604736,554,1.2884228229522705,0.0,0.1166510581970214,0.0300958825904682,0.0686213970184326,6.700706330367702,0.0063123703002929,-,15.0,0.3029772329246935,0.0020937919616699,0,0,0,['cluster'],['intersecting']
figure_ascending_markersize60_ms_interleaved_120_240_3d_50_centeredClusters_umap.png,ms_interleaved_120_240_3d_50_centeredClusters_umap,571,3,60,0.4986733588095595,0.6142113208770752,0.4816589635057731,0.5938117504119873,0.4513633430937257,0.8986191749572754,0.5058225140238415,0.663374662399292,0.4905846240303835,0.5759027004241943,0.3552758063521586,0.5778069496154785,0.3441554281922803,0.6869301795959473,0.3101457692677206,0.919919729232788,0.355550593660191,0.6044785976409912,0.3455054217149323,0.6033787727355957,0.2759299269730458,0.6937236785888672,0.2677254309556716,0.6858730316162109,0.2362351322258616,0.8692436218261719,0.2741152579899057,0.6107242107391357,0.2666498239908644,0.7323153018951416,0.9614711033274956,0.3850693702697754,11392,0.3572795391082763,0.0,0.2344448566436767,0.0300958825904682,0.0635302066802978,6.700706330367702,0.0056779384613037,-,15.0,0.3029772329246935,0.0022835731506347,0,0,0,['cluster'],['intersecting']
figure_ascending_markersize110_ms_interleaved_120_240_3d_50_centeredClusters_umap.png,ms_interleaved_120_240_3d_50_centeredClusters_umap,571,3,110,0.3929810160474456,0.6928772926330566,0.3669553488981363,0.7701425552368164,0.321860212090533,0.9565505981445312,0.399101175307947,0.70806884765625,0.3769493613564122,0.6923811435699463,0.266034034675939,0.7040078639984131,0.2501742120460523,0.6878113746643066,0.2111032305002091,0.9393789768218994,0.2661513681874157,0.7077524662017822,0.2524545529516917,0.7360973358154297,0.2010784681131653,0.7397925853729248,0.1897784599073508,0.6993892192840576,0.1570573974734702,0.9600763320922852,0.1996450102743636,0.7226228713989258,0.1897770245329441,0.7319612503051758,0.915936952714536,0.4635109901428222,27832,0.4233729839324951,0.0,0.2591280937194824,0.0300958825904682,0.0638163089752197,6.700706330367702,0.0056631565093994,-,15.0,0.3029772329246935,0.0020804405212402,0,0,0,['cluster'],['intersecting']
figure_ascending_markersize160_ms_interleaved_120_240_3d_50_centeredClusters_umap.png,ms_interleaved_120_240_3d_50_centeredClusters_umap,571,3,160,0.3418083562468431,0.8122467994689941,0.3105607387954409,0.668280839920044,0.2590766303609094,1.0666184425354004,0.3457773961647227,0.7682318687438965,0.3207012582966398,0.825946569442749,0.2258221708909206,0.7914471626281738,0.2081616169892186,0.8011233806610107,0.1681129617790135,1.0674338340759275,0.2246315578357763,0.80942702293396,0.210261330775078,0.8131756782531738,0.16860818122925,0.8363430500030518,0.1565450585605043,0.715919017791748,0.1244260726243435,1.1171729564666748,0.1663496468517133,0.8488490581512451,0.156401372841981,0.8358590602874756,0.8669001751313485,0.5316386222839355,43591,0.4828758239746094,0.0,0.4826085567474365,0.0300958825904682,0.0644431114196777,6.700706330367702,0.0056273937225341,-,15.0,0.3029772329246935,0.0020172595977783,1,0,0,['cluster'],['intersecting']
figure_descending_markersize10_ms_interleaved_120_240_3d_50_centeredClusters_umap.png,ms_interleaved_120_240_3d_50_centeredClusters_umap,571,3,10,0.7411238273633027,0.7677311897277832,0.7964219789209869,0.6184585094451904,0.9860350693789972,1.0685710906982422,0.7385464929751923,0.6417105197906494,0.7768517523649475,0.6476128101348877,0.6276106316204735,0.8099215030670166,0.6751565116774099,0.6510622501373291,0.7988172286530908,1.0935258865356443,0.6199063358180286,0.836700439453125,0.6520799423544975,0.6572451591491699,0.5442511625695192,0.8145935535430908,0.585939676257802,0.8688578605651855,0.6713486876462651,0.9390594959259032,0.5341073034919692,0.856839656829834,0.5618414014885867,0.6648650169372559,0.9807355516637478,0.5440514087677002,554,0.3331401348114013,0.0,0.5245010852813721,0.0300958825904682,0.0630106925964355,6.700706330367702,0.005523681640625,0.01623949453338652,14.97313404083252,0.3029772329246935,0.0019731521606445,0,0,172,['cluster'],['intersecting']
figure_descending_markersize60_ms_interleaved_120_240_3d_50_centeredClusters_umap.png,ms_interleaved_120_240_3d_50_centeredClusters_umap,571,3,60,0.3526209244438406,0.8988938331604004,0.429011797534361,0.7335760593414307,0.7480835311568008,1.2167057991027832,0.3492204627004996,0.7749819755554199,0.3966714405198946,0.7410397529602051,0.2646494581279441,0.7463335990905762,0.3081653475874237,0.9348690509796144,0.4365130250858184,1.0264902114868164,0.2610415252743016,0.7580313682556152,0.2875347743047719,0.7606558799743652,0.2118078717104399,0.7748360633850098,0.2404375496991649,0.7679789066314697,0.3081649233899302,1.036552906036377,0.2084160202641549,0.7588639259338379,0.2254942765928929,0.7478559017181396,0.9614711033274956,0.647026777267456,11392,0.3584067821502685,0.0,0.5720374584197998,0.0300958825904682,0.064286470413208,6.700706330367702,0.0057594776153564,-,15.0,0.3029772329246935,0.0021722316741943,0,0,5281,['cluster'],['intersecting']
figure_descending_markersize110_ms_interleaved_120_240_3d_50_centeredClusters_umap.png,ms_interleaved_120_240_3d_50_centeredClusters_umap,571,3,110,0.2523247038477705,0.8181626796722412,0.3181642110721904,1.037642478942871,0.6058797793251262,1.1130530834197998,0.2487161244301596,0.605872631072998,0.2895192843393067,1.0497357845306396,0.1839267467729028,0.8482749462127686,0.2171481619528603,0.8127355575561523,0.311621956901945,1.101365327835083,0.1809007964480873,0.8504807949066162,0.2017623112304453,1.064021110534668,0.1447021603514153,0.8656868934631348,0.164818766995228,0.8630666732788086,0.2097517558581105,0.8957016468048096,0.1421436784749705,1.090806007385254,0.1548310523147945,0.6340937614440918,0.915936952714536,0.7048137187957764,27832,0.3965835571289062,0.0,0.6101992130279541,0.0300958825904682,0.0652306079864502,6.700706330367702,0.0058705806732177,-,15.0,0.3029772329246935,0.0020303726196289,2,0,15500,['cluster'],['intersecting']
figure_descending_markersize160_ms_interleaved_120_240_3d_50_centeredClusters_umap.png,ms_interleaved_120_240_3d_50_centeredClusters_umap,571,3,160,0.2045502245001476,0.666722297668457,0.2645886677849832,1.1446216106414795,0.5302810196591604,0.9344077110290528,0.2019550592790336,1.1299564838409424,0.2386793435030815,0.6586930751800537,0.1476516950675845,1.1927649974822998,0.1771489149076105,0.6769630908966064,0.2583858862805342,1.4493296146392822,0.1456089115660874,0.6743724346160889,0.1640843005056568,1.1773314476013184,0.1155185745565886,0.683845043182373,0.1331471910897725,1.197568655014038,0.1708067869176918,0.9534873962402344,0.1138456018434257,0.9228799343109132,0.125013517898281,0.9349546432495116,0.8669001751313485,0.7522492408752441,43591,0.4350473880767822,0.0,0.4004995822906494,0.0300958825904682,0.0648784637451171,6.700706330367702,0.0057427883148193,-,15.0,0.3029772329246935,0.0020656585693359,4,0,27951,['cluster'],['intersecting']
figure_category_based_markersize10_olive_umap.png,olive_umap,572,3,10,0.9392074591622828,0.8622877597808838,0.9315951440070253,0.8552539348602295,1.002919661518171,1.1491007804870603,0.930328435253194,0.5975790023803711,0.94049598509689,0.8577234745025635,0.4311242948906117,0.8714399337768555,0.4532952238921586,0.8470945358276367,0.4404802710900162,1.1593406200408936,0.4356254927531532,0.5903313159942627,0.447044194526211,0.8692617416381836,0.2797745988477482,0.859588623046875,0.2995170634507618,0.8885884284973145,0.2822140542374292,1.1558308601379397,0.2843970942369118,0.887047529220581,0.2932068219269969,0.5939431190490723,0.9370629370629372,0.742358922958374,1696,0.4306037425994873,0.0052447552447552,0.4502322673797607,0.0286871606443756,0.0565006732940673,3.099844765245244,0.0058152675628662,-,15.0,0.0891608391608391,0.0022120475769042,0,0,14,['cluster'],"['intersecting','separated']"
figure_category_based_markersize60_olive_umap.png,olive_umap,572,3,60,0.5357952152423966,0.9711267948150636,0.5785784546651676,0.9451227188110352,1.0361985771966018,0.91637921333313,0.4870490385942432,0.9514338970184326,0.5373034992489223,0.935293674468994,0.2202010427912456,0.9710292816162108,0.2347594183851504,0.6626651287078857,0.2473798695076706,1.214824914932251,0.2111298175162265,0.9987075328826904,0.2202012887230463,0.6724388599395752,0.1385766217248194,0.9989180564880372,0.1472540231741008,0.6563687324523926,0.1404560224902239,1.2332663536071775,0.1347770019738789,0.9963350296020508,0.1384762784429416,0.9853115081787108,0.7674825174825175,0.4827520847320556,14462,0.4720044136047363,0.0052447552447552,0.4567885398864746,0.0286871606443756,0.0559308528900146,3.099844765245244,0.0057008266448974,-,15.0,0.0891608391608391,0.0021657943725585,1,0,1254,['cluster'],"['intersecting','separated']"
figure_category_based_markersize110_olive_umap.png,olive_umap,572,3,110,0.3900864224230526,0.7030999660491943,0.4491972317947855,0.6993458271026611,1.0666702090018068,1.2880682945251465,0.3442138056414219,0.707726001739502,0.393920934466748,1.0600335597991943,0.1706075197870373,0.7253553867340088,0.1858701999284733,1.052318811416626,0.2079777724391044,0.9825873374938964,0.1605111800143818,1.047802448272705,0.1697958352652397,0.7326655387878418,0.1091789087998871,1.0722169876098633,0.1171782962898873,0.7249536514282227,0.1152217710811088,1.3270635604858398,0.1046570268479627,1.099205493927002,0.1082219291971811,0.7278554439544678,0.6416083916083916,0.5117907524108887,25738,0.5025019645690918,0.0052447552447552,0.4983091354370117,0.0286871606443756,0.0563929080963134,3.099844765245244,0.0057604312896728,-,15.0,0.0891608391608391,0.0024852752685546,1,0,3881,['cluster'],"['intersecting','separated']"
figure_category_based_markersize160_olive_umap.png,olive_umap,572,3,160,0.3191099149416451,1.1380956172943115,0.3856691450181062,0.7762947082519531,1.0871352102881977,1.0342183113098145,0.2760806677973011,1.1172842979431152,0.3225377457889968,0.7790827751159668,0.1492436716400329,1.131861925125122,0.1661548578026161,0.7823166847229004,0.195639587990774,1.4240713119506836,0.1382062946338145,0.7814149856567383,0.1480170788433135,1.1509060859680176,0.0973976635869796,0.8142945766448975,0.1058865767571179,0.7789444923400879,0.1074918479629253,1.4438610076904297,0.0921744690624725,0.7849466800689697,0.0960472526473059,0.7805037498474121,0.5262237762237763,0.9651265144348145,33296,0.5485525131225586,0.0052447552447552,0.1146721839904785,0.0286871606443756,0.0568103790283203,3.099844765245244,0.0056893825531005,-,15.0,0.0891608391608391,0.0021314620971679,1,0,7221,['cluster'],"['intersecting','separated']"
figure_ascending_markersize10_olive_umap.png,olive_umap,572,3,10,0.9748992337508184,0.3173987865447998,0.9629714679220984,1.085979700088501,0.971182256087616,0.9565529823303224,0.9717838744872088,1.0746479034423828,0.9701761296229968,0.7129900455474854,0.4422511341834596,1.1153795719146729,0.4625459862380713,0.7298800945281982,0.4227450123751373,0.9621474742889404,0.4469598583121911,1.1075913906097412,0.4550776531731635,0.7068164348602295,0.2859945305278772,1.1157453060150146,0.3043730461984598,0.7388818264007568,0.2701745107392227,0.9976251125335692,0.2902218981744657,1.155813694000244,0.2972551166149858,0.7294213771820068,0.9370629370629372,0.5793418884277344,1696,0.5559535026550293,0.0052447552447552,0.5667221546173096,0.0286871606443756,0.0575182437896728,3.099844765245244,0.005749225616455,-,15.0,0.0891608391608391,0.0021376609802246,0,0,0,['cluster'],"['intersecting','separated']"
figure_ascending_markersize60_olive_umap.png,olive_umap,572,3,60,0.760551287456668,0.8022277355194092,0.6620840343824892,0.7747442722320557,0.7251497716833417,1.0332362651824951,0.7746388274294904,1.207118272781372,0.7527887236707581,0.7859268188476562,0.2591402407367345,0.769716739654541,0.2530714337912261,1.2072904109954834,0.2039460369515382,1.0607457160949707,0.2588674049167103,0.7847084999084473,0.25378398038776,0.7858679294586182,0.1561769621695963,1.2156665325164795,0.1564327161531646,0.787330150604248,0.1186592899766502,1.043764591217041,0.1553992174297793,1.2180874347686768,0.1526176032449665,0.8100776672363281,0.7674825174825175,0.5999646186828613,14462,0.6046180725097656,0.0052447552447552,0.5850598812103271,0.0286871606443756,0.0562930107116699,3.099844765245244,0.0056319236755371,-,15.0,0.0891608391608391,0.0021278858184814,0,0,0,['cluster'],"['intersecting','separated']"
figure_ascending_markersize110_olive_umap.png,olive_umap,572,3,110,0.6490151709077969,1.3384854793548584,0.541862294614011,0.8662989139556885,0.5641155519171359,1.1314306259155271,0.6852037256161458,0.8633921146392822,0.652923159560315,0.842928409576416,0.2191577663566687,0.8582291603088379,0.20770092586867,1.2927513122558594,0.1530769759855316,1.1201121807098389,0.2201562465827105,0.8539390563964844,0.2119763849301247,0.8684296607971191,0.1318382897324473,0.8616032600402832,0.1284728997537193,1.327634572982788,0.0885532864270259,1.1202902793884275,0.1311469005782058,0.8670883178710938,0.1265271918303276,0.8657176494598389,0.6416083916083916,0.6296758651733398,25738,0.6496703624725342,0.0052447552447552,0.6333663463592529,0.0286871606443756,0.0577921867370605,3.099844765245244,0.0058441162109375,-,15.0,0.0891608391608391,0.0021421909332275,0,0,0,['cluster'],"['intersecting','separated']"
figure_ascending_markersize160_olive_umap.png,olive_umap,572,3,160,0.5848050134302119,0.9386858940124512,0.478850269515237,0.9003643989562988,0.4616986849192024,1.190242052078247,0.6339230360468417,0.9189839363098145,0.5960851767978317,0.903900146484375,0.203659329949175,0.9324831962585448,0.1896211017708703,0.8959712982177734,0.1305843256062383,1.6674044132232666,0.2056797396336001,0.9506335258483888,0.1960015484526277,0.9064617156982422,0.1232992507453567,0.9474256038665771,0.118217089644688,0.9132087230682372,0.0760464422754962,1.1614348888397217,0.122753961425109,0.9316904544830322,0.1172829515026416,0.920670747756958,0.5262237762237763,0.6685037612915039,33296,0.677264928817749,0.0052447552447552,0.6467044353485107,0.0286871606443756,0.0556073188781738,3.099844765245244,0.0055713653564453,-,15.0,0.0891608391608391,0.0022447109222412,0,0,0,['cluster'],"['intersecting','separated']"
figure_descending_markersize10_olive_umap.png,olive_umap,572,3,10,0.9101761445955298,0.3179426193237304,0.8969725838218253,0.8408699035644531,1.0337392178558744,1.0815017223358154,0.924279389253049,0.8275537490844727,0.9385609518636526,1.34877610206604,0.4217219932913912,0.848167896270752,0.4428596811238384,0.8644216060638428,0.4654881352548452,1.1191749572753906,0.4330129881157014,0.8559589385986328,0.4460119444313697,0.8403675556182861,0.2744408576522325,0.8463616371154785,0.2940102579825425,0.8609416484832764,0.3003721937157124,1.1250197887420654,0.2827354529335568,0.8519785404205322,0.2925068003258174,0.8300001621246338,0.9370629370629372,0.6664097309112549,1696,0.6632368564605713,0.0052447552447552,0.6636533737182617,0.0286871606443756,0.0562384128570556,3.099844765245244,0.0056173801422119,-,15.0,0.0891608391608391,0.0021193027496337,0,0,24,['cluster'],"['intersecting','separated']"
figure_descending_markersize60_olive_umap.png,olive_umap,572,3,60,0.4631341846911042,0.9190709590911864,0.4906824294486408,0.8820643424987793,1.2832858479412406,1.1394360065460205,0.4733139166975862,1.4489643573760986,0.5330880295518061,0.8947243690490723,0.2001168845587002,0.3529024124145508,0.2121790514253306,1.4702198505401611,0.281101983742676,1.2142126560211182,0.2044729691374215,0.9305803775787354,0.2167664734974617,0.9255692958831788,0.1276331070169782,0.3547327518463135,0.1353542036529129,1.4641542434692385,0.1578381002596796,1.207289457321167,0.1304039177564515,0.348095178604126,0.1360422747609964,1.4757614135742188,0.7674825174825175,0.1402497291564941,14462,0.6989278793334961,0.0052447552447552,0.7083029747009277,0.0286871606443756,0.0573387145996093,3.099844765245244,0.0057783126831054,-,15.0,0.0891608391608391,0.002166748046875,1,0,1558,['cluster'],"['intersecting','separated']"
figure_descending_markersize110_olive_umap.png,olive_umap,572,3,110,0.3229101358223062,0.9634015560150146,0.3550164660113801,0.9540295600891112,1.574214578823063,1.242154836654663,0.3256661641986779,0.382986307144165,0.3839695113591785,1.526909112930298,0.1492909165667588,0.9644989967346193,0.1604456970688,0.416351318359375,0.2482238623983446,1.8196451663970947,0.151815448121339,0.3811149597167969,0.1647643481008973,1.5363171100616455,0.0970890233429395,0.3932840824127197,0.103642990115789,0.9409232139587402,0.1347344698802988,1.8041212558746336,0.0989779457071804,0.3844537734985351,0.1048858463260873,1.571122646331787,0.6416083916083916,0.1432287693023681,25738,0.7408461570739746,0.0052447552447552,0.7228317260742188,0.0286871606443756,0.0569560527801513,3.099844765245244,0.0055935382843017,-,15.0,0.0891608391608391,0.0022344589233398,1,0,4658,['cluster'],"['intersecting','separated']"
figure_descending_markersize160_olive_umap.png,olive_umap,572,3,160,0.2579785913413095,0.4219963550567627,0.2927364429840562,1.0395090579986572,1.852791675346651,1.2637755870819092,0.2567280166745549,1.6220760345458984,0.3110145534772431,0.4173862934112549,0.127355333714542,1.0315814018249512,0.1392297486733991,1.6257646083831787,0.2406765903577278,0.6910817623138428,0.1286899242521948,1.0239191055297852,0.1424071723880746,1.606839895248413,0.0845465601327537,0.4156324863433838,0.0913350099483901,1.0292932987213137,0.1286971378769306,1.2798526287078855,0.0858659539864582,1.619385004043579,0.0923450324937197,0.4065079689025879,0.5262237762237763,0.7875320911407471,33296,0.795417308807373,0.0052447552447552,0.7739393711090088,0.0286871606443756,0.0567693710327148,3.099844765245244,0.0055780410766601,-,15.0,0.0891608391608391,0.00211763381958,1,0,8543,['cluster'],"['intersecting','separated']"
figure_category_based_markersize10_interleaved_100_200_10d_0_notcramped_notrotated_pca.png,interleaved_100_200_10d_0_notcramped_notrotated_pca,1490,10,10,0.6854563101717395,1.0034022331237793,0.6791957908592392,1.0003206729888916,0.67203925704053,1.854323387145996,0.6889165768456054,0.9994773864746094,0.6836113773140078,1.013859748840332,0.6165619252831831,1.0273747444152832,0.5964163787987398,1.0637705326080322,0.5675465910664712,1.8566217422485352,0.619028423442921,1.0079987049102783,0.6039157976189811,1.0023863315582275,0.5602517039680238,0.3732402324676513,0.531622935401852,1.0134809017181396,0.4911756723606479,1.8633899688720703,0.5620140801031726,1.003309726715088,0.5408619774798042,1.0100047588348389,0.9818791946308724,0.911430835723877,1925,0.8111860752105713,0.0,0.8297958374023438,0.0308133033236589,0.1971528530120849,5.609009836849995,0.0134952068328857,-,15.0,0.3134228187919463,0.0136675834655761,0,0,463,['cluster'],"['intersecting','separated']"
figure_category_based_markersize60_interleaved_100_200_10d_0_notcramped_notrotated_pca.png,interleaved_100_200_10d_0_notcramped_notrotated_pca,1490,10,60,0.3392413586020164,0.4600002765655517,0.3360787881711398,1.1620216369628906,0.3326901133279104,2.0162792205810547,0.3439593879508533,1.1774344444274902,0.3394321027889514,1.122410535812378,0.2599624122438976,1.1788907051086426,0.2437059995244552,1.1609196662902832,0.2185420498969316,2.061229467391968,0.2628046309676978,1.183013677597046,0.2493947160958957,1.1594963073730469,0.2107185741525191,0.4971168041229248,0.19116376603988,1.16137433052063,0.1627138931469518,2.0538201332092285,0.2126349383936197,1.1790196895599363,0.1971096317249028,1.1783392429351809,0.8583892617449664,1.1830477714538574,36094,0.9063029289245604,0.0,0.1413183212280273,0.0308133033236589,0.2066600322723388,5.609009836849995,0.0142841339111328,-,15.0,0.3134228187919463,0.0145280361175537,21,0,12189,['cluster'],"['intersecting','separated']"
figure_category_based_markersize110_interleaved_100_200_10d_0_notcramped_notrotated_pca.png,interleaved_100_200_10d_0_notcramped_notrotated_pca,1490,10,110,0.2709912341369944,0.6007945537567139,0.2677942932784476,1.2819929122924805,0.2626329706160324,2.137946128845215,0.2749563761411679,1.2814133167266846,0.2705531524724216,1.2730469703674316,0.1927068412938253,1.3033807277679443,0.1805208892053226,1.3127620220184326,0.1571819246139947,2.1755692958831787,0.1947351803870722,1.319810390472412,0.1845994683386812,0.5796568393707275,0.1495147691820526,1.2955358028411863,0.1361499914165987,1.2657430171966553,0.1121514489213799,2.196574687957764,0.1507518597548709,1.330593824386597,0.140092595640577,1.2918894290924072,0.6510067114093959,1.162363052368164,73137,0.1977057456970214,0.0,0.8945271968841553,0.0308133033236589,0.2037789821624755,5.609009836849995,0.014261245727539,-,15.0,0.3134228187919463,0.0148878097534179,77,0,32623,['cluster'],"['intersecting','separated']"
figure_category_based_markersize160_interleaved_100_200_10d_0_notcramped_notrotated_pca.png,interleaved_100_200_10d_0_notcramped_notrotated_pca,1490,10,160,0.2475241339880142,0.6455414295196533,0.2438738619640492,1.4359488487243652,0.2362304184021693,1.571817398071289,0.2512190241988037,1.4354710578918457,0.2463463383838686,1.4397435188293457,0.1673671865392144,1.440713882446289,0.1572729177310053,0.6888847351074219,0.1341061215109615,2.341161727905273,0.1691003515608976,1.4239978790283203,0.1604853590996265,1.4187557697296145,0.126426029005027,1.419804334640503,0.116059539517623,1.4584426879882812,0.0936293888127365,2.36794114112854,0.1274420076515113,0.6903295516967773,0.1190069528146638,1.3964228630065918,0.4859060402684563,1.181154489517212,99053,0.2247900962829589,0.0,0.9521749019622804,0.0308133033236589,0.2033219337463379,5.609009836849995,0.0142853260040283,-,15.0,0.3134228187919463,0.0143370628356933,138,0,54293,['cluster'],"['intersecting','separated']"
figure_ascending_markersize10_interleaved_100_200_10d_0_notcramped_notrotated_pca.png,interleaved_100_200_10d_0_notcramped_notrotated_pca,1490,10,10,0.7419271388062847,1.18044114112854,0.6936961640230511,1.143108606338501,0.6291826582098199,1.2804884910583496,0.7441447253309708,1.2119390964508057,0.7055733741183442,1.1425678730010986,0.665615273952517,1.1613702774047852,0.6107089115954081,0.3905930519104004,0.5366389820257762,2.077385663986206,0.6670432664676866,1.1872076988220217,0.6236694980620268,1.1644384860992432,0.6035376381966315,1.1930265426635742,0.5454557421148725,0.3943521976470947,0.4678282128828749,2.0782783031463623,0.6044189158656202,1.1693670749664309,0.5588029266683165,1.1833338737487793,0.9818791946308724,0.2510735988616943,1925,0.9750516414642334,0.0,0.954780101776123,0.0308133033236589,0.2014908790588379,5.609009836849995,0.0141777992248535,-,15.0,0.3134228187919463,0.0145983695983886,0,0,0,['cluster'],"['intersecting','separated']"
figure_ascending_markersize60_interleaved_100_200_10d_0_notcramped_notrotated_pca.png,interleaved_100_200_10d_0_notcramped_notrotated_pca,1490,10,60,0.4089695507582597,0.4847526550292969,0.3556366341148058,1.3335251808166504,0.275026066853819,2.2144198417663574,0.4124016001224262,0.498870849609375,0.3684263079720171,1.2986161708831787,0.3072171157158577,1.2938344478607178,0.259551365229975,1.2878499031066897,0.1913715627517099,2.2604317665100098,0.3088569488167804,0.4899933338165283,0.2705296488091201,1.2813358306884766,0.2460094714790741,1.3386907577514648,0.2043424799580062,0.4947259426116943,0.1467382748694816,2.2164461612701416,0.2468728080656147,1.3025970458984375,0.2137365018070649,1.2997288703918457,0.8583892617449664,1.3405373096466064,36094,0.177969217300415,0.0,1.0347850322723389,0.0308133033236589,0.2034924030303955,5.609009836849995,0.0141034126281738,-,15.0,0.3134228187919463,0.0141901969909667,8,0,0,['cluster'],"['intersecting','separated']"
figure_ascending_markersize110_interleaved_100_200_10d_0_notcramped_notrotated_pca.png,interleaved_100_200_10d_0_notcramped_notrotated_pca,1490,10,110,0.3370810803957846,1.3929691314697266,0.2879222732437488,1.4157721996307373,0.1999436078252454,1.484644651412964,0.3399100314095171,1.404237985610962,0.3000497851249135,1.4228675365447998,0.2347760920598877,1.4316606521606443,0.196300497395286,0.599132776260376,0.1303088680980737,2.3272817134857178,0.2355273127156999,1.4234142303466797,0.205413237643166,1.4188296794891355,0.1801117158563693,0.5998363494873047,0.1489136388361329,1.438014268875122,0.0966488052757539,2.3311474323272705,0.1801922184063911,1.4564976692199707,0.1561599496227501,0.5964827537536621,0.6510067114093959,1.3199036121368408,73137,1.109433650970459,0.0,0.1425225734710693,0.0308133033236589,0.2032864093780517,5.609009836849995,0.0141847133636474,-,15.0,0.3134228187919463,0.0146105289459228,38,0,0,['cluster'],"['intersecting','separated']"
figure_ascending_markersize160_interleaved_100_200_10d_0_notcramped_notrotated_pca.png,interleaved_100_200_10d_0_notcramped_notrotated_pca,1490,10,160,0.3116718786295025,0.677448034286499,0.2645137262956425,1.5417373180389404,0.1687136783592366,2.4205713272094727,0.3139819618791022,0.6821324825286865,0.2761432225108203,1.5203311443328855,0.207250159526696,1.5512101650238037,0.1735271657425541,1.5515079498291016,0.1060461576940672,1.5440692901611328,0.2073258651264745,1.516343593597412,0.1813069650488004,1.5535948276519775,0.1552392224201205,1.5614018440246582,0.1291147122016652,0.7085816860198975,0.0773245078505356,2.4516937732696533,0.1547567571332929,1.5773048400878906,0.134958110340486,0.6611654758453369,0.4859060402684563,1.2688932418823242,99053,0.2213110923767089,0.0,1.0644755363464355,0.0308133033236589,0.2035927772521972,5.609009836849995,0.0139803886413574,-,15.0,0.3134228187919463,0.0145263671875,78,0,0,['cluster'],"['intersecting','separated']"
figure_descending_markersize10_interleaved_100_200_10d_0_notcramped_notrotated_pca.png,interleaved_100_200_10d_0_notcramped_notrotated_pca,1490,10,10,0.6410680974003526,0.3754003047943115,0.6678877731224326,0.3897187709808349,0.714911197463678,2.1625866889953613,0.6404288194179577,1.2841594219207764,0.6594431102977378,1.2669217586517334,0.5790685003703314,0.3777666091918945,0.5862234595725004,1.276939868927002,0.5990279918426388,2.163625478744507,0.5779942656812487,0.380523681640625,0.5839769056308164,1.2742128372192385,0.5280036968526189,1.287212371826172,0.5223539336728554,0.3785920143127441,0.515472681775895,2.197270154953003,0.5266516926884113,1.2803623676300049,0.5240096147233526,0.3698239326477051,0.9818791946308724,1.188659906387329,1925,1.0802090167999268,0.0,0.1350061893463134,0.0308133033236589,0.2021808624267578,5.609009836849995,0.0142514705657958,-,15.0,0.3134228187919463,0.0143465995788574,0,0,1085,['cluster'],"['intersecting','separated']"
figure_descending_markersize60_interleaved_100_200_10d_0_notcramped_notrotated_pca.png,interleaved_100_200_10d_0_notcramped_notrotated_pca,1490,10,60,0.2858242115348928,1.4139835834503174,0.3220562161040772,0.4791154861450195,0.4004304069554373,2.286043882369995,0.2852218575829722,1.4290964603424072,0.3083648925327731,0.4631185531616211,0.2217822516966224,1.4214754104614258,0.2312620163803126,0.4806370735168457,0.2444634069987252,2.287257194519043,0.2216339411897386,1.4621989727020264,0.2272931725671444,0.4729974269866943,0.1811856715807184,1.4126532077789309,0.1804027974022978,1.407542705535889,0.1759364445881847,1.3726763725280762,0.181230140683741,1.414942741394043,0.1799759767897577,1.402945041656494,0.8583892617449664,0.4616477489471435,36094,1.1690354347229004,0.0,1.138545036315918,0.0308133033236589,0.202455997467041,5.609009836849995,0.0140936374664306,-,15.0,0.3134228187919463,0.014472484588623,15,0,26495,['cluster'],"['intersecting','separated']"
figure_descending_markersize110_interleaved_100_200_10d_0_notcramped_notrotated_pca.png,interleaved_100_200_10d_0_notcramped_notrotated_pca,1490,10,110,0.2190011718258324,0.8199121952056885,0.2532594448405667,0.7501726150512695,0.3361006372641968,1.7303059101104736,0.2183945881504189,0.8211202621459961,0.2397628513065598,0.7385210990905762,0.1574964771143545,0.815500020980835,0.1668612078788797,0.8359501361846924,0.1799983648448303,1.6682133674621582,0.1574819096711575,0.7898945808410645,0.1632236041898174,0.8718945980072021,0.1229632501889032,0.8435721397399902,0.1244169619500215,0.9025721549987792,0.1229118396917875,1.6911075115203855,0.1231374937673076,0.8210487365722656,0.1237265163151669,0.7990491390228271,0.6510067114093959,0.6310796737670898,73137,0.444779634475708,0.0,0.3811326026916504,0.0308133033236589,0.1940703392028808,5.609009836849995,0.0135760307312011,-,15.0,0.3134228187919463,0.0138981342315673,70,0,69722,['cluster'],"['intersecting','separated']"
figure_descending_markersize160_interleaved_100_200_10d_0_notcramped_notrotated_pca.png,interleaved_100_200_10d_0_notcramped_notrotated_pca,1490,10,160,0.1948034775890575,0.6201901435852051,0.2282860383698972,1.0632174015045166,0.3169311900613657,1.797580003738403,0.1943956838949573,1.0127437114715576,0.2150165676895491,0.9035906791687012,0.1334936021174542,1.159698247909546,0.1433171783789909,0.984259843826294,0.1577331748938559,1.8321986198425293,0.1338581005745659,1.0118935108184814,0.1397967178646876,1.0444817543029783,0.1015371421193003,1.0322604179382324,0.1044430942778423,1.07507061958313,0.1049936913809707,1.749814748764038,0.102071562845855,1.0389845371246338,0.1035659504997771,1.027996063232422,0.4859060402684563,0.6705508232116699,99053,0.5389058589935303,0.0,0.3099377155303955,0.0308133033236589,0.1968445777893066,5.609009836849995,0.0145571231842041,-,15.0,0.3134228187919463,0.0139796733856201,108,0,114593,['cluster'],"['intersecting','separated']"
figure_category_based_markersize10_musicnetgroups_tsne.png,musicnetgroups_tsne,171,6,10,1.0,0.8097288608551025,1.0,0.729175329208374,1.0,1.0610361099243164,1.0,0.71657395362854,1.0,0.7166345119476318,0.8285740439990462,0.7326557636260986,0.8632162182063866,0.7774102687835693,0.8220254361051633,1.0940635204315186,0.8097132473009361,0.7642335891723633,0.8375427006562536,0.771641731262207,0.7073208850755324,0.786928653717041,0.7593495192589809,0.7561252117156982,0.6978295298560874,1.260237693786621,0.6802673771381988,0.767451286315918,0.7204933042521906,0.8206496238708496,0.8888888888888888,0.4995992183685303,80,0.3037452697753906,0.087719298245614,0.483623743057251,0.0299669644964516,0.0192327499389648,13.085044007769332,0.0022816658020019,0.038978470708378274,2.037566661834717,0.1403508771929824,0.001284122467041,0,0,0,"['three_order','cluster']",['separated']
figure_category_based_markersize60_musicnetgroups_tsne.png,musicnetgroups_tsne,171,6,60,0.9933179690344232,0.8304002285003662,0.9887263509521736,0.6538891792297363,1.000000148771312,1.148148536682129,0.9997270206120212,0.87882399559021,0.999607901045326,0.718609094619751,0.7729682742660108,0.7047867774963379,0.7992028935194146,0.8774087429046631,0.7731501073715823,1.178152561187744,0.760163656000184,0.6789278984069824,0.7853781996918392,0.8554873466491699,0.6326305785524242,0.8910195827484131,0.6706497679494758,0.7224600315093994,0.6301912234992191,1.1868267059326172,0.6132187871798347,0.6908507347106934,0.6467671228583161,0.7281761169433594,0.8888888888888888,0.5672328472137451,758,0.3362417221069336,0.087719298245614,0.5636534690856934,0.0299669644964516,0.0186500549316406,13.085044007769332,0.0022649765014648,0.04138622513320449,2.317455291748047,0.1403508771929824,0.0012440681457519,0,0,18,"['three_order','cluster']",['separated']
figure_category_based_markersize110_musicnetgroups_tsne.png,musicnetgroups_tsne,171,6,110,0.9794331078472502,0.7321228981018066,0.971411616173352,0.9877526760101318,0.9948070200706142,1.2266943454742432,0.9985708618135112,0.9719655513763428,0.9983488769769144,0.5301830768585205,0.6317323817511646,0.993868350982666,0.6482581457807571,0.75958251953125,0.6326189480642876,1.2169795036315918,0.6363488987171517,0.7610065937042236,0.6554533614044649,0.7667281627655029,0.466222466914144,1.0135817527770996,0.4864378775739111,0.7902214527130127,0.46377011548422,1.254699945449829,0.4669626827641113,0.5580427646636963,0.4878835884824098,1.01029634475708,0.8888888888888888,0.3840146064758301,3013,0.6340732574462891,0.087719298245614,0.401524543762207,0.0299669644964516,0.0190703868865966,13.085044007769332,0.0023367404937744,0.04628669204357898,2.5705208778381348,0.1403508771929824,0.0012786388397216,0,0,82,"['three_order','cluster']",['separated']
figure_category_based_markersize160_musicnetgroups_tsne.png,musicnetgroups_tsne,171,6,160,0.9589505908399596,1.0557782649993896,0.949901368010138,0.5857017040252686,0.9791876731091854,1.3010165691375732,0.996660983867114,1.0447618961334229,0.9963485766594808,0.5699000358581543,0.5024372323826585,0.8047146797180176,0.5148417222845789,0.8309085369110107,0.4987882015420157,1.0548460483551023,0.5130834803789909,0.8153564929962158,0.5264879225036474,1.0535790920257568,0.3403919125545726,0.5899527072906494,0.3531138071444251,0.8366100788116455,0.3346201425681476,1.353900909423828,0.3454647955236994,0.8637511730194092,0.3577698743058791,0.8575594425201416,0.8888888888888888,0.7036867141723633,7148,0.4141578674316406,0.087719298245614,0.4098892211914062,0.0299669644964516,0.019158124923706,13.085044007769332,0.0024054050445556,0.05133095027071284,3.2136473655700684,0.1403508771929824,0.0013010501861572,0,0,175,"['three_order','cluster']",['separated']
figure_ascending_markersize10_musicnetgroups_tsne.png,musicnetgroups_tsne,171,6,10,1.0,0.8329617977142334,1.0,0.8501453399658203,1.0,1.3346898555755615,1.0,0.5803840160369873,1.0,0.859886646270752,0.8285740439990462,0.8703885078430176,0.8632162182063866,0.5827817916870117,0.8220254361051633,1.349477767944336,0.8097132473009361,0.8756544589996338,0.8375427006562536,0.8747386932373047,0.7073208850755324,0.8763844966888428,0.7593495192589809,0.5930531024932861,0.6978295298560874,1.350900173187256,0.6802673771381987,0.9008824825286864,0.7204933042521906,0.895982027053833,0.8888888888888888,0.4312686920166015,80,0.433713436126709,0.087719298245614,0.7533941268920898,0.0299669644964516,0.01902437210083,13.085044007769334,0.0022346973419189,0.038978470708378274,1.796342849731445,0.1403508771929824,0.0012018680572509,0,0,0,"['three_order','cluster']",['separated']
figure_ascending_markersize60_musicnetgroups_tsne.png,musicnetgroups_tsne,171,6,60,0.9933190106899348,0.6181440353393555,0.9887274009715968,0.609905481338501,1.000000148989015,1.397862195968628,1.0,0.9199221134185792,1.0,0.9289612770080566,0.7734649691539583,0.6310038566589355,0.799518978965928,0.936007022857666,0.7685473833112423,1.4096612930297852,0.7607821958503359,0.951918125152588,0.7859015970379253,0.6232597827911377,0.6332958488928441,0.94952654838562,0.6710945593813591,0.9753663539886476,0.6240981597126816,1.1196749210357666,0.6139212923690807,0.9741389751434326,0.6473129320659149,0.6451065540313721,0.8888888888888888,0.4689605236053467,758,0.4579603672027588,0.087719298245614,0.8197901248931885,0.0299669644964516,0.0189387798309326,13.085044007769334,0.002305269241333,0.04138622513320449,2.1116857528686523,0.1403508771929824,0.0012140274047851,0,0,0,"['three_order','cluster']",['separated']
figure_ascending_markersize110_musicnetgroups_tsne.png,musicnetgroups_tsne,171,6,110,0.9794952993996172,0.675605297088623,0.971433520479645,1.0200412273406982,0.9947623360268386,1.1434485912322998,0.9991391327455104,1.0111510753631592,0.9991635956045146,1.0084152221679688,0.6385352064917389,0.6898679733276367,0.650099279376331,1.0199551582336426,0.6139895684813301,1.156421422958374,0.6400961236565459,1.0285906791687012,0.6575697680470797,0.6795885562896729,0.4736564649615764,1.0411887168884275,0.4885086481832904,0.7140142917633057,0.4440262632753085,1.1578116416931152,0.4708831504735743,1.0459303855895996,0.4900362753564153,0.6980698108673096,0.8888888888888888,0.8998029232025146,3013,0.520484447479248,0.087719298245614,0.5125796794891357,0.0299669644964516,0.0200486183166503,13.085044007769334,0.0024466514587402,0.04628669204357898,2.3419346809387207,0.1403508771929824,0.0013680458068847,0,0,0,"['three_order','cluster']",['separated']
figure_ascending_markersize160_musicnetgroups_tsne.png,musicnetgroups_tsne,171,6,160,0.9586376271578771,0.7166378498077393,0.9485567736994118,0.7061069011688232,0.9731710930110896,1.5484848022460938,0.9974351635914934,0.7044374942779541,0.9974500758522103,1.0914618968963623,0.511682183384047,0.7055361270904541,0.5169446800105961,1.0967779159545898,0.4728903721376943,1.193788766860962,0.5191815318686337,0.7171268463134766,0.5295729876621675,1.1047205924987793,0.3489756774434731,0.7344675064086914,0.3552836101714458,0.72519850730896,0.3123300385884118,1.5748751163482666,0.3509208159724218,1.1235113143920898,0.3604810104357546,0.739511251449585,0.8888888888888888,0.5516762733459473,7148,0.5522611141204834,0.087719298245614,0.5298559665679932,0.0299669644964516,0.0192141532897949,13.085044007769334,0.002474308013916,0.05133095027071283,2.6197638511657715,0.1403508771929824,0.0011830329895019,0,0,0,"['three_order','cluster']",['separated']
figure_descending_markersize10_musicnetgroups_tsne.png,musicnetgroups_tsne,171,6,10,1.0,0.6970407962799072,1.0,1.1036760807037354,1.0,1.1833417415618896,1.0,1.1122548580169678,1.0,0.7118062973022461,0.828574043999046,1.131394624710083,0.8632162182063866,0.7218661308288574,0.8220254361051633,1.2005150318145752,0.8097132473009361,0.700566291809082,0.8375427006562536,1.1223905086517334,0.707320885075532,0.733675479888916,0.7593495192589809,0.7316057682037354,0.6978295298560874,1.6250510215759275,0.6802673771381988,0.7379274368286133,0.7204933042521906,0.7177045345306396,0.8888888888888888,0.5518238544464111,80,0.5566768646240234,0.087719298245614,0.5601468086242676,0.0299669644964516,0.0199089050292968,13.085044007769332,0.0024447441101074,0.038978470708378274,2.4208641052246094,0.1403508771929824,0.0012288093566894,0,0,0,"['three_order','cluster']",['separated']
figure_descending_markersize60_musicnetgroups_tsne.png,musicnetgroups_tsne,171,6,60,0.9933140197103528,0.3224813938140869,0.9887258756684304,1.2059531211853027,1.0000001486742591,1.238457202911377,0.9997269488447276,0.7570326328277588,0.9996078680122192,1.167619228363037,0.771090880177335,0.7563660144805908,0.7990599016456903,0.7549974918365479,0.7752198376454423,1.229789972305298,0.7593567686365118,1.1989319324493408,0.7851041619661322,0.7651591300964355,0.6301209106825747,0.7672035694122314,0.6704486297772845,1.2107579708099363,0.6329460490320156,1.2456660270690918,0.6121693273923874,0.7846488952636719,0.6463955325680776,0.7690820693969727,0.8888888888888888,0.5837757587432861,758,1.1036972999572754,0.087719298245614,0.112598180770874,0.0299669644964516,0.0194966793060302,13.085044007769332,0.0023114681243896,0.04138622513320449,2.720609426498413,0.1403508771929824,0.0012116432189941,0,0,18,"['three_order','cluster']",['separated']
figure_descending_markersize110_musicnetgroups_tsne.png,musicnetgroups_tsne,171,6,110,0.9741564202869212,0.3335564136505127,0.9693674808450756,1.279749870300293,1.002297502217469,1.2503337860107422,0.9874813030091978,0.7738275527954102,0.9897662010348448,0.7886645793914795,0.6203387460235184,0.7948977947235107,0.646393622008836,1.2695083618164062,0.647720693178085,1.2793772220611572,0.6288394016123939,0.7994945049285889,0.6505447438721682,0.8065650463104248,0.4550593077617052,0.8075001239776611,0.4848509737803048,0.809622049331665,0.478459078723078,1.296076774597168,0.4613003844337886,1.2939863204956057,0.4844944915582098,0.8216164112091064,0.8888888888888888,0.6470961570739746,3013,0.6344730854034424,0.087719298245614,0.1091582775115966,0.0299669644964516,0.0195753574371337,13.085044007769332,0.0022530555725097,0.04628669204357898,2.897321939468384,0.1403508771929824,0.0012261867523193,0,0,100,"['three_order','cluster']",['separated']
figure_descending_markersize160_musicnetgroups_tsne.png,musicnetgroups_tsne,171,6,160,0.945326690280183,0.3310692310333252,0.943091965008557,1.3127520084381104,0.9972471560629574,1.3371684551239014,0.9698525133851884,0.8511559963226318,0.975527798703449,0.8633558750152588,0.488273519487388,0.859684944152832,0.5110589066682543,0.8421921730041504,0.5233903986926095,1.3460135459899902,0.5005522142800326,0.8699307441711426,0.518211563653064,0.8532142639160156,0.3291390606360447,0.8734281063079834,0.3504958024479317,0.856194019317627,0.3548013038648744,1.381173849105835,0.337324722494169,0.3397214412689209,0.352815640812444,1.3527882099151611,0.8888888888888888,0.6728866100311279,7148,0.6694614887237549,0.087719298245614,0.1111376285552978,0.0299669644964516,0.0191853046417236,13.085044007769332,0.0022578239440917,0.051330950270712834,2.7164814472198486,0.1403508771929824,0.0012366771697998,0,0,271,"['three_order','cluster']",['separated']
figure_category_based_markersize10_interleaved_100_200_10d_25_cramped_rotated_tsne.png,interleaved_100_200_10d_25_cramped_rotated_tsne,1479,10,10,0.9283256406239614,1.3930809497833252,0.9219059356439632,0.9094042778015136,1.0204678972873842,1.7424805164337158,0.9258636276864296,0.8922584056854248,0.942869851756336,0.8871324062347412,0.4949963602682705,0.9162979125976562,0.4894978464950102,0.910405158996582,0.4751534060123413,1.776007890701294,0.4937082532400153,0.9343140125274658,0.4911506394498042,0.3495697975158691,0.3374700933199489,1.4526522159576416,0.3332099955456715,0.9177546501159668,0.3096718935301914,1.7369451522827148,0.3365980252453169,0.9150750637054444,0.3320627864805843,0.9259800910949708,0.9526707234617984,0.2150735855102539,3981,0.7178971767425537,0.0,0.7120263576507568,0.0302924750316983,0.1566739082336425,3.005469615714276,0.0132474899291992,-,15.0,0.0108181203515889,0.0153186321258544,0,0,32,['cluster'],['separated']
figure_category_based_markersize60_interleaved_100_200_10d_25_cramped_rotated_tsne.png,interleaved_100_200_10d_25_cramped_rotated_tsne,1479,10,60,0.7143642096992766,0.4273123741149902,0.6907990701468196,1.005843162536621,1.1512455237322852,1.8326046466827397,0.6903479243133531,1.0056166648864746,0.7403987469298388,1.573725700378418,0.2131800467510853,0.4465889930725097,0.2062889167639705,1.6214911937713623,0.1884839091225458,1.3031721115112305,0.2111053705240174,1.5910589694976809,0.2069627611465013,0.4265282154083252,0.1252835337924946,1.603607177734375,0.1212482545267364,0.4597210884094238,0.102644524106516,2.47939682006836,0.1246044295684352,0.4532146453857422,0.1202942305456146,1.610243797302246,0.5172413793103449,0.1861312389373779,41440,0.7594490051269531,0.0,0.7607605457305908,0.0302924750316983,0.1553664207458496,3.005469615714276,0.0137925148010253,-,15.0,0.0108181203515889,0.0153501033782958,0,0,586,['cluster'],['separated']
figure_category_based_markersize110_interleaved_100_200_10d_25_cramped_rotated_tsne.png,interleaved_100_200_10d_25_cramped_rotated_tsne,1479,10,110,0.5629794897521376,1.1332087516784668,0.5243871593548262,1.1006250381469729,1.3902176498018464,1.9978365898132324,0.5323086779943944,1.1528797149658203,0.5858648063666081,1.142296552658081,0.1857987145368476,1.1372041702270508,0.1802832033943454,0.5294146537780762,0.1751765589780878,1.984771490097046,0.1824937061499745,1.7574355602264404,0.181667110641524,0.5042991638183594,0.1112585475096445,1.14229416847229,0.108853384036086,1.125060796737671,0.0934776804796051,2.608250141143799,0.1101239984674907,0.518500566482544,0.1075006541246845,1.1411411762237549,0.2373225152129817,0.8369979858398438,55095,0.8316080570220947,0.0,0.8067746162414551,0.0302924750316983,0.1559047698974609,3.005469615714276,0.0130479335784912,-,15.0,0.0108181203515889,0.0157468318939209,0,0,1435,['cluster'],['separated']
figure_category_based_markersize160_interleaved_100_200_10d_25_cramped_rotated_tsne.png,interleaved_100_200_10d_25_cramped_rotated_tsne,1479,10,160,0.4802456928681535,1.260324478149414,0.4378323677913316,1.2511374950408936,1.7052570100613482,2.1275930404663086,0.4485000482535819,1.257138967514038,0.4985828567261606,1.2609219551086426,0.1753033385038637,0.6058042049407959,0.1697736022271527,1.2224416732788086,0.1743756977311968,2.737611532211304,0.1710641667098005,0.6047158241271973,0.1720489634627955,1.216405153274536,0.1072210326667977,1.249443769454956,0.1053028926687763,1.2275402545928955,0.091885868685837,2.0642988681793213,0.1056874083160765,1.235332489013672,0.1039618498850513,1.2249834537506104,0.2028397565922921,0.8911893367767334,62211,0.8835849761962891,0.0,0.8360998630523682,0.0302924750316983,0.1562771797180175,3.005469615714276,0.0133078098297119,-,15.0,0.0108181203515889,0.015432596206665,0,0,2285,['cluster'],['separated']
figure_ascending_markersize10_interleaved_100_200_10d_25_cramped_rotated_tsne.png,interleaved_100_200_10d_25_cramped_rotated_tsne,1479,10,10,0.9546796725955056,0.3577454090118408,0.96645032536895,0.376380443572998,1.0035538485087492,1.8887147903442385,0.9539960373905068,1.0274035930633545,0.9618778775556248,1.0227081775665283,0.5110397883169697,1.0193614959716797,0.504604744772519,1.0210282802581787,0.4613758954762151,1.896819829940796,0.5095620852044496,1.0345981121063232,0.4997236197352462,1.028034210205078,0.3489040079539335,1.0458438396453855,0.341438645683507,1.038015365600586,0.2995445620337521,1.907123565673828,0.347618553458427,1.061760663986206,0.3375437132171427,0.3469991683959961,0.9526707234617984,0.9424824714660645,3981,0.8667140007019043,0.0,0.8796842098236084,0.0302924750316983,0.155923843383789,3.005469615714276,0.013268232345581,-,15.0,0.0108181203515889,0.0148916244506835,0,0,0,['cluster'],['separated']
figure_ascending_markersize60_interleaved_100_200_10d_25_cramped_rotated_tsne.png,interleaved_100_200_10d_25_cramped_rotated_tsne,1479,10,60,0.8265144136668423,1.130523920059204,0.8583208630263589,1.1385200023651123,0.9986671951287038,1.9905540943145752,0.8218484035858584,1.1362595558166504,0.8388147364646487,1.142071008682251,0.2424519269069243,1.1748850345611572,0.2277240505985795,1.1772065162658691,0.1617101893814239,1.2853596210479736,0.2415422884751363,1.151646614074707,0.2235431185015511,1.1405799388885498,0.1420624512915581,1.1558740139007568,0.1312767702767807,1.1841797828674316,0.0879780628171111,1.2864749431610107,0.1415757974850722,1.154076099395752,0.1289546947905702,1.148592472076416,0.5172413793103449,0.934429407119751,41440,0.9537591934204102,0.0,0.1352553367614746,0.0302924750316983,0.1562511920928955,3.005469615714276,0.0141408443450927,-,15.0,0.0108181203515889,0.0154917240142822,0,0,0,['cluster'],['separated']
figure_ascending_markersize110_interleaved_100_200_10d_25_cramped_rotated_tsne.png,interleaved_100_200_10d_25_cramped_rotated_tsne,1479,10,110,0.7245571326615456,1.2644846439361572,0.7597869530963833,0.5412135124206543,0.964313310698562,2.1296210289001465,0.7211262087472451,1.2983736991882324,0.7341907988778603,1.2602713108062744,0.2276525463016829,1.2865664958953855,0.2163620011516481,1.2770159244537354,0.1283289302228871,2.127718448638916,0.2270511679062549,0.5190181732177734,0.2084824038348962,1.2390193939208984,0.1350408888160651,1.2555034160614014,0.1261414394581199,1.2978134155273438,0.0687382404411792,1.3711779117584229,0.134736981186737,1.254338264465332,0.1214905631832132,1.2661755084991455,0.2373225152129817,0.9875032901763916,55095,0.999908685684204,0.0,0.1393296718597412,0.0302924750316983,0.1552443504333496,3.005469615714276,0.0132379531860351,-,15.0,0.0108181203515889,0.0151736736297607,0,0,0,['cluster'],['separated']
figure_ascending_markersize160_interleaved_100_200_10d_25_cramped_rotated_tsne.png,interleaved_100_200_10d_25_cramped_rotated_tsne,1479,10,160,0.6608216363423782,1.4017479419708252,0.6961064587301783,1.3666858673095703,0.9087280597791214,2.2886462211608887,0.6601819718273412,1.419205665588379,0.6682020777861675,0.6219296455383301,0.2255552303747253,1.4059667587280271,0.2171322545335371,1.4401209354400637,0.1106124282017311,2.246203660964966,0.2257238593955093,0.6175460815429688,0.2067881346303911,1.391897201538086,0.1359852225991574,1.4019999504089355,0.1286270547614746,1.3914594650268557,0.0588903470049605,2.250194311141968,0.1361349951706314,0.6243090629577637,0.1223214425609288,1.3990082740783691,0.2028397565922921,1.0516128540039062,62211,0.2194647789001464,0.0,0.951995849609375,0.0302924750316983,0.1583473682403564,3.005469615714276,0.0133895874023437,-,15.0,0.0108181203515889,0.0150680541992187,0,0,0,['cluster'],['separated']
figure_descending_markersize10_interleaved_100_200_10d_25_cramped_rotated_tsne.png,interleaved_100_200_10d_25_cramped_rotated_tsne,1479,10,10,0.8870188873347384,0.3556680679321289,0.8605406230810831,1.1796808242797852,1.0416600980843564,1.222822666168213,0.8808310836778478,1.1502835750579834,0.9099201542728782,1.1566157341003418,0.4750279222090363,1.2349731922149658,0.4681335388067483,0.3634967803955078,0.4885168384494812,2.015768051147461,0.4730125605814298,1.1733169555664062,0.4782200890915357,1.1757724285125732,0.3243691633382928,0.367136001586914,0.3215201439014553,1.2206506729125977,0.3190791487816348,2.04345703125,0.3233184289506853,1.2044029235839844,0.3243407418379385,0.3564660549163818,0.9526707234617984,1.1030685901641846,3981,0.1467862129211425,0.0,0.9677858352661132,0.0302924750316983,0.1647157669067382,3.005469615714276,0.014148473739624,-,15.0,0.0108181203515889,0.0159118175506591,0,0,53,['cluster'],['separated']
figure_descending_markersize60_interleaved_100_200_10d_25_cramped_rotated_tsne.png,interleaved_100_200_10d_25_cramped_rotated_tsne,1479,10,60,0.6257370448665969,1.3141920566558838,0.5809134664603853,0.4732446670532226,1.2470200489871444,2.197155237197876,0.5999891182358523,1.3208353519439695,0.6702792595157945,1.3147497177124023,0.1869345861434247,0.4601781368255615,0.1887226506331314,1.3389830589294434,0.2131697490413173,2.151283025741577,0.185724802887875,1.3060400485992432,0.1929705639310417,0.4425716400146484,0.1098802769857796,1.3101272583007812,0.1126616449792565,1.312833309173584,0.1165462784925233,2.196413516998291,0.10986688043587,0.4595282077789306,0.1127095889471159,1.27437424659729,0.5172413793103449,1.1211957931518557,41440,1.0738937854766846,0.0,0.1400372982025146,0.0302924750316983,0.1654367446899414,3.005469615714276,0.014277696609497,-,15.0,0.0108181203515889,0.0162351131439209,0,0,869,['cluster'],['separated']
figure_descending_markersize110_interleaved_100_200_10d_25_cramped_rotated_tsne.png,interleaved_100_200_10d_25_cramped_rotated_tsne,1479,10,110,0.446685460640176,0.5260810852050781,0.4008226640333844,1.459946632385254,1.7143371421077935,1.428248167037964,0.4168635236929675,1.4490830898284912,0.4930914314051616,1.424995183944702,0.1508694548439642,0.556901216506958,0.1545749188805354,1.426499843597412,0.216239964284814,2.333803653717041,0.1481560944315958,0.5521016120910645,0.1610567918534483,1.431333303451538,0.0907623688030563,1.4461827278137207,0.0957502149671136,0.5453369617462158,0.1153979087079082,2.298457622528076,0.0900867682844387,1.4714665412902832,0.0962467758901893,0.5285675525665283,0.2373225152129817,1.1567766666412354,55095,1.1584444046020508,0.0,0.1392815113067627,0.0302924750316983,0.1627304553985595,3.005469615714276,0.0143179893493652,-,15.0,0.0108181203515889,0.0163428783416748,0,0,2147,['cluster'],['separated']
figure_descending_markersize160_interleaved_100_200_10d_25_cramped_rotated_tsne.png,interleaved_100_200_10d_25_cramped_rotated_tsne,1479,10,160,0.3526771283778723,1.608015775680542,0.3121390028646164,0.670088529586792,2.606495608106002,2.443227529525757,0.3245782342143753,1.5824286937713623,0.3970979358629853,1.5532560348510742,0.1339776934927945,0.653141975402832,0.1375251445052953,1.5808706283569336,0.230554593929897,1.5241127014160156,0.1302899697630904,1.5429174900054932,0.1462333650756747,1.5675983428955078,0.0826965459309293,1.5702662467956543,0.0881904656230571,0.6672031879425049,0.1206115766369143,2.4431424140930176,0.0815032160108624,0.6327202320098877,0.0896177893471644,1.5723717212677002,0.2028397565922921,1.1944317817687988,62211,0.2273457050323486,0.0,1.118555784225464,0.0302924750316983,0.1654877662658691,3.005469615714276,0.0148181915283203,-,15.0,0.0108181203515889,0.0163609981536865,0,0,3490,['cluster'],['separated']
figure_category_based_markersize10_ms_interleaved_60_120_3d_50_centeredClusters_umap.png,ms_interleaved_60_120_3d_50_centeredClusters_umap,325,3,10,0.8894265722394777,0.3218669891357422,0.898276277565295,0.3115181922912597,0.9453557402838044,1.5143380165100098,0.8763360606561256,1.267270565032959,0.8841414707706453,0.3122076988220215,0.7992832894356282,1.2703092098236084,0.8107601972562148,1.2627196311950684,0.8283132244269683,1.5762906074523926,0.783842112868808,0.3262035846710205,0.79529129614947,1.2871673107147217,0.7257305772640188,0.3239631652832031,0.7387830166991682,1.2795050144195557,0.7370594378699369,1.6171400547027588,0.7090089111416333,0.3208944797515869,0.7226680923714706,1.280534029006958,0.9938461538461538,1.119814157485962,172,0.119401216506958,0.0,1.1260459423065186,0.0301211887530527,0.0363485813140869,9.985769131204504,0.003779649734497,0.015140647632142165,6.554300785064697,0.3846153846153846,0.0013482570648193,0,0,29,['cluster'],['intersecting']
figure_category_based_markersize60_ms_interleaved_60_120_3d_50_centeredClusters_umap.png,ms_interleaved_60_120_3d_50_centeredClusters_umap,325,3,60,0.5971314409419299,1.3479936122894287,0.611439913562301,1.3611948490142822,0.6928827247271736,0.6102557182312012,0.588990276097761,1.3211524486541748,0.5942014886226268,0.3337936401367187,0.4562137249236286,1.3154544830322266,0.4656609478060858,1.3285679817199707,0.4762521235178556,0.5954420566558838,0.44700831419004,1.329562425613403,0.4521444783713231,1.3196923732757568,0.3691076080394618,0.3412415981292724,0.3760124020311525,1.3224644660949707,0.362816969900223,1.582420825958252,0.3601826946412862,0.3327374458312988,0.364905698924567,1.3131632804870603,0.9876923076923076,1.1753673553466797,4323,0.121530532836914,0.0,1.1387181282043457,0.0301211887530527,0.03566575050354,9.985769131204504,0.0037686824798583,0.027545323667858362,7.291314601898193,0.3846153846153846,0.00126314163208,0,0,1042,['cluster'],['intersecting']
figure_category_based_markersize110_ms_interleaved_60_120_3d_50_centeredClusters_umap.png,ms_interleaved_60_120_3d_50_centeredClusters_umap,325,3,110,0.4571145424440406,1.345283269882202,0.4728156157237063,1.345200538635254,0.5591948130573758,0.6195294857025146,0.4452680734529013,1.3701889514923096,0.4517712424129529,0.3545331954956054,0.3349201648311314,1.363239049911499,0.3434516965585135,1.3482353687286377,0.3550668863615132,0.6211192607879639,0.3261345428397304,1.3935925960540771,0.3303545215821504,0.3525986671447754,0.2642750225337726,1.3584437370300293,0.2696692862696127,1.3657076358795166,0.2601148253567945,0.6237621307373047,0.2572942715444396,1.374962329864502,0.260376494662081,1.359572410583496,0.9784615384615384,0.1637072563171386,12195,1.152374505996704,0.0,0.1145641803741455,0.0301211887530527,0.0358369350433349,9.985769131204504,0.0040042400360107,0.03445140111028198,8.96713900566101,0.3846153846153846,0.0013749599456787,0,0,3575,['cluster'],['intersecting']
figure_category_based_markersize160_ms_interleaved_60_120_3d_50_centeredClusters_umap.png,ms_interleaved_60_120_3d_50_centeredClusters_umap,325,3,160,0.3831845607894972,0.6534633636474609,0.398802709423114,0.6094446182250977,0.4899630808149985,0.9174625873565674,0.3711737642055862,0.6868128776550293,0.3782651551837498,0.5789248943328857,0.2733664592567191,0.5911900997161865,0.2817225432559658,0.6866047382354736,0.2971821047005991,0.8511617183685303,0.2653207826156265,0.6778066158294678,0.2699477459309837,0.7060122489929199,0.2124731053813071,0.5975539684295654,0.2177853130470974,0.6717743873596191,0.2132691718138876,0.8483264446258545,0.2064456856421741,0.6823887825012207,0.209855086205851,0.7467195987701416,0.9692307692307692,0.4026222229003906,21195,0.3785727024078369,0.0,0.2348449230194091,0.0301211887530527,0.0353126525878906,9.985769131204504,0.003838300704956,0.03953220366952392,8.999356031417847,0.3846153846153846,0.0012969970703125,0,0,7062,['cluster'],['intersecting']
figure_ascending_markersize10_ms_interleaved_60_120_3d_50_centeredClusters_umap.png,ms_interleaved_60_120_3d_50_centeredClusters_umap,325,3,10,0.9080743948497304,0.6798028945922852,0.903610314970928,0.6365411281585693,0.9119715210041748,0.8652851581573486,0.8995206953667101,0.501380205154419,0.9033870655721056,0.6706852912902832,0.8176227587788181,0.6140861511230469,0.8158571983362087,0.7142589092254639,0.8010255616605545,0.8958156108856201,0.805081539632332,0.6488871574401855,0.8128893443669974,0.6046314239501953,0.7435582737977209,0.6055982112884521,0.7436394731303109,0.6651673316955566,0.7141460712768568,0.923825979232788,0.7285882881031229,0.6859028339385986,0.7388720797545976,0.5392699241638184,0.9938461538461538,0.3987300395965576,172,0.3948359489440918,0.0,0.3925070762634277,0.0301211887530527,0.0349457263946533,9.985769131204504,0.0037524700164794,0.015140647632142165,5.159176588058472,0.3846153846153846,0.0011847019195556,0,0,0,['cluster'],['intersecting']
figure_ascending_markersize60_ms_interleaved_60_120_3d_50_centeredClusters_umap.png,ms_interleaved_60_120_3d_50_centeredClusters_umap,325,3,60,0.6652908200664955,0.6671032905578613,0.6336245758248003,0.7309925556182861,0.5860670161247128,0.9640665054321288,0.6580812243960452,0.7270350456237793,0.6413024339659726,0.7241926193237305,0.5046074517641423,0.7354795932769775,0.4807058180164867,0.7024881839752197,0.4190888247071221,1.0083913803100586,0.4927616846571608,0.588451623916626,0.4841531992407469,0.747990608215332,0.4064421263076024,0.8784005641937256,0.3872476022780544,0.6171996593475342,0.3261612112092478,1.0252420902252195,0.3938267085716503,0.6376194953918457,0.3888633930647853,0.7741219997406006,0.9876923076923076,0.4830939769744873,4323,0.3032753467559814,0.0,0.4556713104248047,0.0301211887530527,0.0348210334777832,9.985769131204504,0.0036878585815429,0.02754532366785837,6.017956256866455,0.3846153846153846,0.0012004375457763,0,0,0,['cluster'],['intersecting']
figure_ascending_markersize110_ms_interleaved_60_120_3d_50_centeredClusters_umap.png,ms_interleaved_60_120_3d_50_centeredClusters_umap,325,3,110,0.5308202882746169,0.5021970272064209,0.4977695409625096,0.7933578491210938,0.4381445473850092,1.0930423736572266,0.5261246497080727,0.6578009128570557,0.5075732868484428,0.803419828414917,0.3789852086140087,0.8410062789916992,0.3573334706854109,0.8392326831817627,0.2961050612587397,0.9446218013763428,0.3719062824576465,0.690406322479248,0.3616464769825519,0.7007787227630615,0.2946919443360984,0.8736989498138428,0.2787028420639078,0.8321413993835449,0.2236132167554725,0.9406309127807616,0.2876035436609737,0.8730959892272949,0.2808906868141445,0.8762166500091553,0.9784615384615384,0.5584328174591064,12195,0.3198299407958984,0.0,0.3082027435302734,0.0301211887530527,0.0348842144012451,9.985769131204504,0.0036728382110595,0.03445140111028198,6.961313962936401,0.3846153846153846,0.0011754035949707,0,0,0,['cluster'],['intersecting']
figure_ascending_markersize160_ms_interleaved_60_120_3d_50_centeredClusters_umap.png,ms_interleaved_60_120_3d_50_centeredClusters_umap,325,3,160,0.4580650044247549,0.560352087020874,0.4256231411216068,0.9363152980804444,0.359332277692604,1.0241010189056396,0.4537017242811803,0.7617735862731934,0.4355020432323095,0.7791974544525146,0.3144234865596286,0.7861614227294922,0.2964124189294423,0.7625455856323242,0.2372581282270486,1.2235159873962402,0.3082137652144575,0.7508645057678223,0.2987933639503304,0.9617891311645508,0.2393631952236004,0.7348835468292236,0.2273833541066269,0.7741580009460449,0.1770946518520316,1.1912877559661863,0.2333770433824358,0.7604629993438721,0.2274076933281824,0.7641031742095947,0.9692307692307692,0.6298456192016602,21195,0.3629415035247803,0.0,0.5788664817810059,0.0301211887530527,0.0349979400634765,9.985769131204504,0.0036718845367431,0.03953220366952391,7.908135175704956,0.3846153846153846,0.0012121200561523,0,0,0,['cluster'],['intersecting']
figure_descending_markersize10_ms_interleaved_60_120_3d_50_centeredClusters_umap.png,ms_interleaved_60_120_3d_50_centeredClusters_umap,325,3,10,0.8703546430132296,0.5101652145385742,0.8895676991940042,0.9651548862457277,1.0007387091965183,0.9890599250793456,0.8621832468382324,0.7422237396240234,0.8780249139434235,0.7402217388153076,0.7823518196647987,0.7540631294250488,0.8038933167617988,0.7621684074401855,0.872466520792939,1.015383005142212,0.7717505484865953,0.9934148788452148,0.7896542565019,0.7728312015533447,0.7105110176687897,0.7772600650787354,0.7332718118528848,0.7953586578369141,0.7733415343389931,0.7989208698272705,0.698487566792447,0.7541899681091309,0.7174454551944138,1.0179052352905271,0.9938461538461538,0.3705260753631592,172,0.6595346927642822,0.0,0.38899827003479,0.0301211887530527,0.0351605415344238,9.985769131204504,0.0037755966186523,0.015140647632142167,5.191058158874512,0.3846153846153846,0.0012080669403076,0,0,53,['cluster'],['intersecting']
figure_descending_markersize60_ms_interleaved_60_120_3d_50_centeredClusters_umap.png,ms_interleaved_60_120_3d_50_centeredClusters_umap,325,3,60,0.5342196251437883,0.8297619819641113,0.5865322193938076,0.5834593772888184,0.9010964225695182,1.3047878742218018,0.545934700548006,0.5838372707366943,0.5732967687762608,0.8182308673858643,0.415766734776691,1.0930442810058594,0.4517987082452175,0.5792622566223145,0.5737185557683985,1.0732965469360352,0.4213080173822081,1.0795812606811523,0.4390270122249542,0.5805439949035645,0.3403096406255196,0.8046913146972656,0.3674020376194041,0.8300735950469971,0.4208274789613287,1.0842742919921875,0.3430061317193241,1.1132583618164062,0.3557160471908173,0.5832414627075195,0.9876923076923076,0.7195439338684082,4323,0.4200921058654785,0.0,0.4070467948913574,0.0301211887530527,0.0349304676055908,9.985769131204504,0.003767967224121,0.02754532366785836,5.989764213562012,0.3846153846153846,0.0011923313140869,0,0,1817,['cluster'],['intersecting']
figure_descending_markersize110_ms_interleaved_60_120_3d_50_centeredClusters_umap.png,ms_interleaved_60_120_3d_50_centeredClusters_umap,325,3,110,0.3928512180445958,0.8888070583343506,0.4472649268171664,0.9028146266937256,0.8099695194819243,1.15606689453125,0.4021072854837095,0.8854529857635498,0.4297639835977892,0.9041049480438232,0.2961586988845266,0.9190340042114258,0.3288570940164967,0.6544971466064453,0.4533400904285217,1.1710000038146973,0.3007996244296407,0.9167211055755616,0.3170479208733699,0.9278874397277832,0.2376627393001332,0.9227049350738524,0.2600200232161945,0.6356873512268066,0.3147539740776371,1.1608431339263916,0.2402664467667846,0.6287477016448975,0.2511719617886343,0.9146230220794678,0.9784615384615384,0.7828927040100098,12195,0.4445133209228515,0.0,0.4330971240997314,0.0301211887530527,0.0354671478271484,9.985769131204504,0.0037324428558349,0.03445140111028198,6.950469732284546,0.3846153846153846,0.0011618137359619,0,0,5962,['cluster'],['intersecting']
figure_descending_markersize160_ms_interleaved_60_120_3d_50_centeredClusters_umap.png,ms_interleaved_60_120_3d_50_centeredClusters_umap,325,3,160,0.3225671488560108,0.6670646667480469,0.3748500476378509,0.6776177883148193,0.7472988290427405,1.2038323879241943,0.331312613969692,0.9923725128173828,0.3577927079321029,0.6673834323883057,0.2379508765780122,0.9912023544311525,0.2671208860722369,0.6674044132232666,0.3874780708588315,1.229830265045166,0.2424321265005157,0.9891767501831056,0.2578980702731797,0.6745367050170898,0.1885026055623641,0.9866516590118408,0.2074898274928213,0.9897923469543456,0.2615452855981854,0.9483156204223632,0.1911521661494987,1.0085608959197998,0.2016093514981344,0.7141070365905762,0.9692307692307692,0.5139963626861572,21195,0.8295016288757324,0.0,0.4515056610107422,0.0301211887530527,0.0350911617279052,9.985769131204504,0.0037291049957275,0.039532203669523897,7.870033025741577,0.3846153846153846,0.0012092590332031,0,0,11510,['cluster'],['intersecting']
figure_category_based_markersize10_n500-d5-c3-spr0.1-out0_tsne.png,n500-d5-c3-spr0.1-out0_tsne,500,3,10,1.0,0.9489476680755616,1.0,0.6396267414093018,1.0,1.2194616794586182,1.0,0.982719659805298,1.0,0.6538152694702148,0.9129326309967896,0.987990379333496,0.9246187965410536,0.6683216094970703,0.9455663513917254,1.253077745437622,0.9051731935420946,0.6745529174804688,0.913994971777124,1.0060265064239502,0.8398123768850736,0.6531374454498291,0.8598056145737272,1.019984006881714,0.8967528233187163,0.9183914661407472,0.8267729545923365,1.0141563415527344,0.8416120994142844,0.6545262336730957,0.996,0.4914474487304687,126,0.8458709716796875,0.0,0.5093111991882324,0.0302499030403678,0.052234411239624,7.892876885072793,0.0051319599151611,0.009601269121187831,14.348117589950562,0.026,0.0022780895233154,0,0,0,['cluster'],"['touching','separated']"
figure_category_based_markersize60_n500-d5-c3-spr0.1-out0_tsne.png,n500-d5-c3-spr0.1-out0_tsne,500,3,60,0.9578400233809132,0.7219114303588867,0.9672791604053812,0.6906745433807373,0.9959639925193242,1.317637920379639,0.9497136975713192,0.7033970355987549,0.95899214824104,0.7080440521240234,0.5251584919370311,1.0625064373016355,0.5286518380384362,0.6929607391357422,0.5230916820040254,1.3237028121948242,0.5207849428871553,0.707693338394165,0.5249407426799597,1.0921237468719482,0.3617475906434491,0.7265753746032715,0.3637182930092438,1.0935630798339844,0.3546892727161141,0.985767126083374,0.3587562481770813,1.1092538833618164,0.3613771078067888,0.7322149276733398,0.996,0.5725793838500977,7451,0.5192286968231201,0.0,0.5138726234436035,0.0302499030403678,0.053168773651123,7.892876885072793,0.0052611827850341,-,15.0,0.026,0.0018692016601562,0,0,114,['cluster'],"['touching','separated']"
figure_category_based_markersize110_n500-d5-c3-spr0.1-out0_tsne.png,n500-d5-c3-spr0.1-out0_tsne,500,3,110,0.8947408299886693,0.7685408592224121,0.9180137683266962,0.7665317058563232,1.0038805777862505,1.013172626495361,0.8791919143189635,0.7537376880645752,0.89937279004291,1.134962558746338,0.3480148665706062,0.7539832592010498,0.3464428813778462,1.144741773605347,0.3300027080070731,1.0602881908416748,0.3456435178290906,1.1825158596038818,0.3456269989939463,0.771026611328125,0.2160182336409332,0.7708652019500732,0.2135087347451232,1.1555819511413574,0.1974559029435323,1.027864933013916,0.2151046330221246,0.7860913276672363,0.2139175167423528,1.177189826965332,0.984,0.6351511478424072,25289,0.5644834041595459,0.0,0.5462687015533447,0.0302499030403678,0.0536298751831054,7.892876885072793,0.0053217411041259,-,15.0,0.026,0.0020503997802734,0,0,393,['cluster'],"['touching','separated']"
figure_category_based_markersize160_n500-d5-c3-spr0.1-out0_tsne.png,n500-d5-c3-spr0.1-out0_tsne,500,3,160,0.8373428224874228,0.8277103900909424,0.8708884718805555,0.8171718120574951,1.0071009916495175,1.084583044052124,0.8144498691847252,1.227985382080078,0.842432578155593,0.8243629932403564,0.2796241413324698,1.249528408050537,0.275293363053148,0.8515536785125732,0.2576329159227299,1.1049127578735352,0.2782206232278564,0.8325433731079102,0.2756365824371268,0.8336155414581299,0.1678358030292086,1.25970721244812,0.1634861920189229,0.855626106262207,0.1477097427742389,1.106189489364624,0.1677650506713223,0.8438303470611572,0.1647747151039935,1.2764880657196045,0.942,0.6538050174713135,43420,0.6010029315948486,0.0,0.5891392230987549,0.0302499030403678,0.0528745651245117,7.892876885072793,0.0053241252899169,-,15.0,0.026,0.0019862651824951,0,0,858,['cluster'],"['touching','separated']"
figure_ascending_markersize10_n500-d5-c3-spr0.1-out0_tsne.png,n500-d5-c3-spr0.1-out0_tsne,500,3,10,1.0,1.1608023643493652,1.0,0.7892587184906006,1.0,0.995708465576172,1.0,1.1975643634796145,1.0,0.7581348419189453,0.9137989991331716,0.7573142051696777,0.924829512189754,0.757157564163208,0.9437560775129676,1.4729130268096924,0.9058672371230234,0.7722499370574951,0.9143085446327104,0.7824368476867676,0.8412798353195461,0.762962818145752,0.8601701057413832,1.2289552688598633,0.8935020192029121,1.0261943340301514,0.8279317353966106,0.7763292789459229,0.8421439996719877,1.2371466159820557,0.996,0.6354362964630127,126,0.1147136688232421,0.0,0.5896785259246826,0.0302499030403678,0.0536749362945556,7.892876885072792,0.0052762031555175,0.009601269121187831,11.950334310531616,0.026,0.0019030570983886,0,0,0,['cluster'],"['touching','separated']"
figure_ascending_markersize60_n500-d5-c3-spr0.1-out0_tsne.png,n500-d5-c3-spr0.1-out0_tsne,500,3,60,0.9645514947470366,1.259887933731079,0.9702887264479878,0.8212449550628662,0.9773829188321976,1.0807812213897705,0.9596444392317413,0.8275763988494873,0.9660176331162904,1.274787425994873,0.5357734515897348,0.8511917591094971,0.5312300009792839,0.8273220062255859,0.505085738007401,1.0896801948547363,0.5287195797147894,0.8444700241088867,0.5284085996033949,0.8343045711517334,0.370896524847906,0.8393685817718506,0.3657341419961077,1.321559190750122,0.3405317993886996,1.120901346206665,0.3648741598443238,0.8358988761901855,0.3636665196259165,0.8707947731018066,0.996,0.7038917541503906,7451,0.1223158836364746,0.0,0.6138405799865723,0.0302499030403678,0.0537130832672119,7.892876885072792,0.0053184032440185,0.022770186807730904,14.29788875579834,0.026,0.0020461082458496,0,0,0,['cluster'],"['touching','separated']"
figure_ascending_markersize110_n500-d5-c3-spr0.1-out0_tsne.png,n500-d5-c3-spr0.1-out0_tsne,500,3,110,0.9177194803888442,0.3791885375976562,0.9271140864593624,1.4105403423309326,0.937215327325603,1.1640822887420654,0.9111692485229802,0.9028713703155518,0.9211401345155368,0.906670093536377,0.3635822059960992,0.909792184829712,0.3501508335979781,0.3895790576934814,0.3054510985226234,1.6626501083374023,0.3588445730388006,0.912123203277588,0.351858399779454,0.9120361804962158,0.2266976538860842,0.9108054637908936,0.2158331634467535,0.9159231185913086,0.1824583693048324,1.1601014137268066,0.22341612396794,0.9241781234741212,0.217462518760552,0.8926334381103516,0.984,0.7427084445953369,25289,0.6749215126037598,0.0,0.6692256927490234,0.0302499030403678,0.0542464256286621,7.892876885072792,0.0052616596221923,-,15.0,0.026,0.001908540725708,0,0,0,['cluster'],"['touching','separated']"
figure_ascending_markersize160_n500-d5-c3-spr0.1-out0_tsne.png,n500-d5-c3-spr0.1-out0_tsne,500,3,160,0.8748302045961383,0.409125804901123,0.8853449091613825,0.9347302913665771,0.8899767288917878,1.7451331615447998,0.8671502439875292,0.9685497283935548,0.87842803925532,0.9707231521606444,0.2981020942549185,0.4174473285675049,0.2796661905923522,1.5491609573364258,0.229909787260655,1.2150568962097168,0.2945218320503461,0.9986777305603028,0.2833968527338605,0.9718825817108154,0.1796612050813965,0.4226424694061279,0.1660611096300248,1.5532793998718262,0.1320055455840252,1.2584054470062256,0.1773846816461407,0.9796583652496338,0.1689519040113924,1.0210473537445068,0.942,0.19488525390625,43420,0.7015514373779297,0.0,0.6849439144134521,0.0302499030403678,0.0525171756744384,7.892876885072792,0.0053198337554931,-,15.0,0.026,0.0019495487213134,0,0,0,['cluster'],"['touching','separated']"
figure_descending_markersize10_n500-d5-c3-spr0.1-out0_tsne.png,n500-d5-c3-spr0.1-out0_tsne,500,3,10,1.0,0.8839104175567627,1.0,0.875680685043335,1.0,1.1388466358184814,1.0,0.3163015842437744,1.0,1.4256622791290283,0.9123894059246798,0.9098148345947266,0.924407857922473,0.9015955924987792,0.9479141346913782,0.5772747993469238,0.9048345628886594,1.4499037265777588,0.9137959446510358,0.3092272281646728,0.8388934522106117,1.458878517150879,0.8594408807570512,0.9211382865905762,0.9009855240411528,0.5774588584899902,0.8262081072201231,1.4637517929077148,0.8412746575112545,0.3105826377868652,0.996,0.7244882583618164,126,0.7172527313232422,0.0,0.7101020812988281,0.0302499030403677,0.0533790588378906,7.892876885072793,0.0052130222320556,0.009601269121187831,11.930527448654177,0.026,0.0018918514251708,0,0,0,['cluster'],"['touching','separated']"
figure_descending_markersize60_n500-d5-c3-spr0.1-out0_tsne.png,n500-d5-c3-spr0.1-out0_tsne,500,3,60,0.9476352115618434,0.9424271583557128,0.9607873155777988,0.9811928272247314,1.0062702811853548,0.6109850406646729,0.9465220148766988,1.4883301258087158,0.957750453544581,0.3452770709991455,0.5128719819133395,0.9355769157409668,0.5237476775637175,0.9326090812683104,0.5402907377135315,0.6035895347595215,0.5132975310467496,0.9268147945404052,0.5216412042445724,1.521554946899414,0.3515741443248912,0.3436877727508545,0.3599945786375735,0.9261343479156494,0.3692841414923828,1.800363540649414,0.3521280277014879,0.3346047401428222,0.3584306935147003,0.9362413883209229,0.996,0.8167343139648438,7451,0.7412269115447998,0.0,0.7565755844116211,0.0302499030403677,0.0523200035095214,7.892876885072793,0.0054047107696533,0.02277018680773091,13.97040629386902,0.026,0.0018799304962158,0,0,147,['cluster'],"['touching','separated']"
figure_descending_markersize110_n500-d5-c3-spr0.1-out0_tsne.png,n500-d5-c3-spr0.1-out0_tsne,500,3,110,0.8701842256049559,1.0196616649627686,0.9023432189061612,1.0210566520690918,1.0324659795376587,1.258213758468628,0.8649714277402254,0.3867878913879394,0.8926937551693602,0.9784996509552002,0.3311885903605378,1.6144118309020996,0.3406352176485955,0.3825433254241943,0.3523774470794489,1.253403902053833,0.3335700107110703,0.9790136814117432,0.3402526166112641,1.008197546005249,0.2045126353554164,0.9804766178131104,0.2099447577602236,1.6363883018493652,0.2124415447902182,0.6619260311126709,0.2066271408075997,1.020690679550171,0.2101820303054664,1.0206637382507324,0.984,0.8798589706420898,25289,0.7795689105987549,0.0,0.779454231262207,0.0302499030403677,0.0541243553161621,7.892876885072793,0.0053281784057617,-,15.0,0.026,0.0020215511322021,0,0,585,['cluster'],"['touching','separated']"
figure_descending_markersize160_n500-d5-c3-spr0.1-out0_tsne.png,n500-d5-c3-spr0.1-out0_tsne,500,3,160,0.7993990204340061,1.0675151348114014,0.8461578484552048,0.4189386367797851,1.0574351191817235,1.2956020832061768,0.7901506498273695,1.692478895187378,0.8305005526997693,0.4160072803497314,0.2600115846319073,1.0479989051818848,0.2686711837036845,1.038454532623291,0.2828390830514881,1.3204481601715088,0.2638022618301726,1.0610804557800293,0.2691912956289731,1.046316623687744,0.1552547869662528,1.079131841659546,0.1596874982733949,1.0829932689666748,0.1632526710196004,1.334317922592163,0.158331698407837,1.0895681381225586,0.1606279236088174,1.083782434463501,0.942,0.1901023387908935,43420,0.8232936859130859,0.0,0.800757646560669,0.0302499030403677,0.0531191825866699,7.892876885072793,0.005265474319458,-,15.0,0.026,0.001918077468872,0,0,1260,['cluster'],"['touching','separated']"
figure_category_based_markersize10_interleaved_100_200_4d_0_notcramped_notrotated_pca.png,interleaved_100_200_4d_0_notcramped_notrotated_pca,1254,4,10,0.8873421581499079,0.9976427555084229,0.8973216478846285,1.003446102142334,0.940263299751408,1.3679726123809814,0.8936094587206338,0.993399143218994,0.8995290934267796,1.0195343494415283,0.7693154728619563,1.0718419551849363,0.757627251975139,0.346581220626831,0.749219429716143,1.3757450580596924,0.7740004192596875,1.0033788681030271,0.7640836560238251,1.004112720489502,0.6790006040500887,1.0183589458465576,0.6555687718555727,1.011913776397705,0.6226987258956449,1.4070680141448977,0.6826307424760829,1.0395092964172363,0.6640892678337822,1.0415196418762207,0.9904306220095692,0.2107820510864257,1007,0.8837754726409912,0.0,0.8338189125061035,0.0307808327899019,0.1496627330780029,6.861141558122156,0.0120971202850341,-,15.0,0.1515151515151515,0.0055561065673828,0,0,102,['cluster'],['intersecting']
figure_category_based_markersize60_interleaved_100_200_4d_0_notcramped_notrotated_pca.png,interleaved_100_200_4d_0_notcramped_notrotated_pca,1254,4,60,0.6028338959972304,1.1293628215789795,0.6010098846947818,0.4188785552978515,0.6285443849639802,1.4568538665771484,0.6314661394476596,1.1309220790863037,0.6143241283397912,1.100933313369751,0.3870935156309856,1.136284112930298,0.3665764585477272,1.1329805850982666,0.3368693610600658,1.5107014179229736,0.3978067306686192,0.4167704582214355,0.3770058639907656,1.125870704650879,0.2850725937538214,1.119400978088379,0.2637115794985429,1.1627283096313477,0.2300944137020424,1.54274582862854,0.2903641916210964,1.196359157562256,0.2719495891273173,0.4406449794769287,0.9665071770334928,1.2086834907531738,25774,0.9197723865509032,0.0,0.1324386596679687,0.0307808327899019,0.1552951335906982,6.861141558122156,0.0125331878662109,-,15.0,0.1515151515151515,0.0060639381408691,0,0,2669,['cluster'],['intersecting']
figure_category_based_markersize110_interleaved_100_200_4d_0_notcramped_notrotated_pca.png,interleaved_100_200_4d_0_notcramped_notrotated_pca,1254,4,110,0.4563993218861919,1.2997395992279053,0.4510650354925098,0.5321230888366699,0.4655042347304778,1.639401912689209,0.4874309549393849,1.2816650867462158,0.465826442004548,1.2225606441497805,0.2657808243194191,1.2535536289215088,0.2502335329384166,1.2554049491882324,0.222342064133012,1.64605712890625,0.2749526811388904,0.5559945106506348,0.2583259012318449,1.251668930053711,0.1874788983281717,1.2612464427947998,0.1731434220443922,1.3095619678497314,0.1460506264082502,1.6609163284301758,0.1914826129267729,0.520850419998169,0.1787170847544409,1.2793257236480713,0.8692185007974481,1.268906593322754,65515,0.9735326766967772,0.0,0.1382105350494384,0.0307808327899019,0.154212474822998,6.861141558122156,0.0124714374542236,-,15.0,0.1515151515151515,0.0058410167694091,6,0,8730,['cluster'],['intersecting']
figure_category_based_markersize160_interleaved_100_200_4d_0_notcramped_notrotated_pca.png,interleaved_100_200_4d_0_notcramped_notrotated_pca,1254,4,160,0.3860360132869712,1.3884739875793457,0.378787641337187,0.6090385913848877,0.3843148084041529,1.7405633926391602,0.4157579943575795,1.4356272220611572,0.3935010575806182,1.405052900314331,0.2181048505323037,1.377856731414795,0.2048028791569801,0.6050596237182617,0.1779747557283931,1.7385122776031494,0.2261764234970317,1.3880236148834229,0.2118189640869842,1.3825554847717283,0.1519879346997859,0.600316047668457,0.1403413032946472,1.3724663257598877,0.1158008486097482,1.7632577419281006,0.155341995810587,1.3980300426483154,0.1449120792710416,1.4299368858337402,0.7503987240829346,0.4375498294830322,98948,1.0383272171020508,0.0,0.9482731819152832,0.0307808327899019,0.1534345149993896,6.861141558122156,0.0123202800750732,-,15.0,0.1515151515151515,0.005728006362915,16,0,16357,['cluster'],['intersecting']
figure_ascending_markersize10_interleaved_100_200_4d_0_notcramped_notrotated_pca.png,interleaved_100_200_4d_0_notcramped_notrotated_pca,1254,4,10,0.909204363291484,1.1557896137237549,0.9113458411719908,1.1664190292358398,0.9068886395483826,0.7327823638916016,0.9109306426167458,1.196470022201538,0.9109456416668852,1.1638822555541992,0.7872836541147771,0.3527595996856689,0.7682414224066211,1.1508581638336182,0.7257172852933239,1.5234827995300293,0.7885466685190858,1.160419225692749,0.7731541127065432,1.1700727939605713,0.6941948678988221,0.3561632633209228,0.6639797550696416,1.1950910091400146,0.6048791108069195,1.5421714782714844,0.6951525816709864,1.186133623123169,0.6715709035902901,0.3576996326446533,0.9904306220095692,1.07938551902771,1007,1.003626823425293,0.0,0.1309013366699218,0.0307808327899019,0.1554672718048095,6.861141558122156,0.0128605365753173,-,15.0,0.1515151515151515,0.005892276763916,0,0,0,['cluster'],['intersecting']
figure_ascending_markersize60_interleaved_100_200_4d_0_notcramped_notrotated_pca.png,interleaved_100_200_4d_0_notcramped_notrotated_pca,1254,4,60,0.6638206900437837,1.2998552322387695,0.6248424660329917,0.4441933631896972,0.5575941428702116,1.6126134395599363,0.6778538367198492,1.2715647220611572,0.6409019042031137,1.2417304515838623,0.4187538872956926,0.4316682815551758,0.3780676947526938,1.2729265689849854,0.311226269833435,1.641831636428833,0.4227610168917622,1.2703039646148682,0.3904650792433117,1.2939889430999756,0.3058436788136176,0.4412438869476318,0.271028085039773,1.279193878173828,0.2158534131375517,1.681565761566162,0.3071667338152284,0.4525082111358642,0.2807572526853856,1.2633328437805176,0.9665071770334928,1.3379967212677002,25774,0.1649088859558105,0.0,1.0096571445465088,0.0307808327899019,0.1564831733703613,6.861141558122156,0.0126826763153076,-,15.0,0.1515151515151515,0.0060021877288818,0,0,0,['cluster'],['intersecting']
figure_ascending_markersize110_interleaved_100_200_4d_0_notcramped_notrotated_pca.png,interleaved_100_200_4d_0_notcramped_notrotated_pca,1254,4,110,0.523831524311032,1.4249083995819092,0.4758150642455447,1.423375129699707,0.3895415664824835,1.7719130516052246,0.5398273713212136,0.547813892364502,0.4952142382951207,1.3938801288604736,0.2957846143449262,1.4277229309082031,0.261421799845431,0.541229248046875,0.1992384089056805,1.8099241256713867,0.299040661050304,1.392141342163086,0.2715388912254474,0.5226280689239502,0.2060722828804286,1.3881607055664062,0.1802186750378903,1.3868703842163086,0.1338490093783444,1.780912160873413,0.2067991569453797,0.532447338104248,0.1870522649420264,1.381436109542847,0.8692185007974481,1.4096949100494385,65515,0.1869981288909912,0.0,1.0456318855285645,0.0307808327899019,0.1503298282623291,6.861141558122156,0.0121107101440429,-,15.0,0.1515151515151515,0.0058586597442626,3,0,0,['cluster'],['intersecting']
figure_ascending_markersize160_interleaved_100_200_4d_0_notcramped_notrotated_pca.png,interleaved_100_200_4d_0_notcramped_notrotated_pca,1254,4,160,0.4550028391043893,0.5947725772857666,0.4036532154478824,1.5081205368041992,0.3067465936191839,1.015355110168457,0.4700551311000128,1.5167081356048584,0.4237206278961277,1.5322825908660889,0.2476929632353992,0.6399016380310059,0.216281702517839,1.559408187866211,0.1549349716906334,1.9165661334991453,0.2500398187345527,1.5427031517028809,0.2252106512618799,0.6303756237030029,0.1701628233165141,1.4976155757904053,0.1477143010639774,1.5565564632415771,0.1036417475190583,0.983489990234375,0.1703195679346298,1.5348684787750244,0.1533617888075272,1.5304861068725586,0.7503987240829346,0.4468390941619873,98948,1.1505544185638428,0.0,0.1376111507415771,0.0307808327899019,0.1537306308746338,6.861141558122156,0.0124790668487548,-,15.0,0.1515151515151515,0.0058221817016601,8,0,0,['cluster'],['intersecting']
figure_descending_markersize10_interleaved_100_200_4d_0_notcramped_notrotated_pca.png,interleaved_100_200_4d_0_notcramped_notrotated_pca,1254,4,10,0.8640761922670239,0.6255991458892822,0.8877889800892577,0.5731399059295654,0.974693723396246,0.9864811897277832,0.870434575743944,0.6619746685028076,0.8894311384038984,0.5752265453338623,0.7498644085628658,0.5616867542266846,0.7495993641474361,0.659076452255249,0.7723550882659016,0.9278151988983154,0.7545988719070956,0.6637237071990967,0.7553603821174357,0.6792914867401123,0.6623202970723743,0.6300506591796875,0.6486354174895953,0.691077709197998,0.6395828044254408,0.9708781242370604,0.6659725660642359,0.641848087310791,0.656414070220326,0.677750825881958,0.9904306220095692,0.4464244842529297,1007,0.2477340698242187,0.0,0.4867641925811767,0.0307808327899019,0.1464452743530273,6.861141558122156,0.0117547512054443,-,15.0,0.1515151515151515,0.0058014392852783,0,0,193,['cluster'],['intersecting']
figure_descending_markersize60_interleaved_100_200_4d_0_notcramped_notrotated_pca.png,interleaved_100_200_4d_0_notcramped_notrotated_pca,1254,4,60,0.5117473939062697,0.8219430446624756,0.5745983852923437,0.7214534282684326,0.7745447629183959,1.1903767585754397,0.5335911527578915,0.6517908573150635,0.5730864335801366,0.8853957653045654,0.3391991333279385,0.7764856815338135,0.3498251979940432,0.7737863063812256,0.3755879594696222,1.0986688137054443,0.3483160881103095,0.7653183937072754,0.3539288542999403,0.741173505783081,0.2536685296161625,0.7640609741210938,0.2514587718581396,0.8151087760925293,0.2478988485059948,1.1529483795166016,0.2585437713983822,0.6694364547729492,0.2560219093604223,0.7711300849914551,0.9665071770334928,0.7422871589660645,25774,0.460792064666748,0.0,0.2785515785217285,0.0307808327899019,0.1466188430786132,6.861141558122156,0.0114297866821289,-,15.0,0.1515151515151515,0.0055639743804931,1,0,6457,['cluster'],['intersecting']
figure_descending_markersize110_interleaved_100_200_4d_0_notcramped_notrotated_pca.png,interleaved_100_200_4d_0_notcramped_notrotated_pca,1254,4,110,0.3640124997126974,0.7532837390899658,0.4234904300061667,0.7554473876953125,0.6416711996466273,1.3113932609558103,0.3858760586036061,0.9449636936187744,0.4226424955446537,0.942429780960083,0.2214893364687284,0.9314680099487304,0.232645231075808,0.957084894180298,0.2572296595669422,1.3251423835754397,0.229303632019282,0.9691083431243896,0.2357057933612548,0.9593002796173096,0.1591692212885521,0.9561188220977784,0.1603732948351639,0.967449188232422,0.1608564613309723,1.3244318962097168,0.1631173911683834,0.9699869155883788,0.1634230385351457,1.1497418880462646,0.8692185007974481,0.6429572105407715,65515,0.5356481075286865,0.0,0.5218257904052734,0.0307808327899019,0.1460895538330078,6.861141558122156,0.0115976333618164,-,15.0,0.1515151515151515,0.0056030750274658,10,0,20391,['cluster'],['intersecting']
figure_descending_markersize160_interleaved_100_200_4d_0_notcramped_notrotated_pca.png,interleaved_100_200_4d_0_notcramped_notrotated_pca,1254,4,160,0.2977542103339298,0.947331428527832,0.3514122849056014,1.095120906829834,0.5721541284376002,1.275285720825195,0.3187412393697295,0.9443225860595704,0.3517934556795764,1.1134040355682373,0.1761397631292136,0.9534690380096436,0.186956434349328,1.1559414863586426,0.2120066873859334,1.320530891418457,0.1834037006460197,0.9965474605560304,0.1896358162177369,0.9625537395477296,0.1250602665129112,0.9687836170196532,0.1273557780685257,1.1228516101837158,0.1301086530516976,1.3462443351745603,0.1287404866053374,1.1743173599243164,0.1298034769037543,0.986980438232422,0.7503987240829346,0.6320018768310547,98948,0.6346728801727295,0.0,0.3668427467346191,0.0307808327899019,0.1432600021362304,6.861141558122156,0.0115003585815429,-,15.0,0.1515151515151515,0.00557541847229,21,0,36701,['cluster'],['intersecting']
figure_category_based_markersize10_twosquare-noName_umap.png,twosquare-noName_umap,968,4,10,0.9206701756901442,0.3241794109344482,0.937562593278002,0.7625617980957031,1.034149434655644,1.0947577953338623,0.9227090740194206,0.9650106430053712,0.936300315245578,0.7332327365875244,0.7059290284980998,0.7146060466766357,0.7402806426344555,0.9184808731079102,0.7910055380277652,1.093445062637329,0.7033191358702606,0.954686403274536,0.7288882274969182,0.5327208042144775,0.5724161716498535,0.9361624717712402,0.6115898805518216,0.7612254619598389,0.6404307530040019,1.107987642288208,0.5682160142724976,0.7932939529418945,0.596704447199733,0.7879879474639893,0.993801652892562,0.4245645999908447,907,0.5992622375488281,0.0,0.3737831115722656,0.0298867819684454,0.0982632637023925,8.460986781604367,0.0089380741119384,-,15.0,0.2427685950413223,0.0041966438293457,0,0,36,['cluster'],['intersecting']
figure_category_based_markersize60_twosquare-noName_umap.png,twosquare-noName_umap,968,4,60,0.6123280460137842,0.8840219974517822,0.6862613873076411,0.8892369270324707,1.1887395530674325,1.2277259826660156,0.6213002756609921,0.873666524887085,0.6670934549925052,0.8558681011199951,0.3910950919575724,0.6282389163970947,0.4480274454347013,0.8791275024414062,0.6465154482742992,1.4800312519073486,0.3918159173764776,0.8973608016967773,0.4266163525154748,0.6126337051391602,0.2872957029465788,0.8655049800872803,0.3325748941624499,0.871896505355835,0.4439945815977862,1.5047810077667236,0.2861303880694725,0.6614582538604736,0.3135766957329947,0.9020748138427734,0.9834710743801652,0.932204246520996,14620,0.4356944561004638,0.0,0.4185791015625,0.0298867819684454,0.0986835956573486,8.460986781604367,0.0091276168823242,-,15.0,0.2427685950413223,0.0043861865997314,0,0,2764,['cluster'],['intersecting']
figure_category_based_markersize110_twosquare-noName_umap.png,twosquare-noName_umap,968,4,110,0.5439591902517487,1.0232412815093994,0.6291810283084409,0.9928262233734132,1.2126876205810635,1.34340500831604,0.5534767534874168,1.0193865299224854,0.6015946661470004,0.7367033958435059,0.3073992555318802,1.011784315109253,0.3533770078078694,1.0251610279083252,0.497012090373545,1.3604164123535156,0.306446070725081,0.7353694438934326,0.3335201146254141,0.9856443405151368,0.2142326110576633,0.9996278285980223,0.2456815274967417,1.2920219898223877,0.3125554484012137,1.099522590637207,0.2118790765248758,1.035569667816162,0.2307129169746449,1.0391085147857666,0.962809917355372,0.7879846096038818,38763,0.4939446449279785,0.0,0.4359874725341797,0.0298867819684454,0.0988953113555908,8.460986781604367,0.0090506076812744,-,15.0,0.2427685950413223,0.0039927959442138,2,0,7544,['cluster'],['intersecting']
figure_category_based_markersize160_twosquare-noName_umap.png,twosquare-noName_umap,968,4,160,0.4917135146130509,0.4858927726745605,0.5828457440039294,1.110485553741455,1.2218108550017095,1.4483437538146973,0.5005785824902345,0.8132965564727783,0.5488231218999553,1.1223351955413818,0.2468373747481194,0.8275785446166992,0.2779173869604294,1.0979416370391846,0.3631361476176739,1.5113568305969238,0.2436869223213809,1.129579782485962,0.2626543585893824,1.1351072788238523,0.1647773252548251,0.8293807506561279,0.1824596662410738,1.1383957862854004,0.2132596808285538,1.1934654712677002,0.1610419093413047,1.156613826751709,0.1726373484759392,1.1489734649658203,0.912190082644628,0.8029565811157227,72182,0.5278525352478027,0.0,0.4849855899810791,0.0298867819684454,0.0986127853393554,8.460986781604367,0.0091054439544677,-,15.0,0.2427685950413223,0.0041248798370361,6,0,13558,['cluster'],['intersecting']
figure_ascending_markersize10_twosquare-noName_umap.png,twosquare-noName_umap,968,4,10,0.9404256006259584,0.6631205081939697,0.9589042919344968,0.6615622043609619,1.010024399886985,1.3366734981536863,0.9532813791114448,0.6659996509552002,0.9566622410191488,0.9917452335357666,0.7191066498230416,0.666619062423706,0.7541835680984095,1.0339202880859375,0.7643003475761477,1.0218701362609863,0.7224254717810848,0.6757159233093262,0.74203452657676,1.009812593460083,0.5821127391922672,1.0328700542449951,0.6214973471304434,0.6820106506347656,0.6147425454062221,1.3823037147521973,0.5815835359040982,1.0621600151062012,0.6060637759236867,0.6907861232757568,0.993801652892562,0.5485494136810303,907,0.5065250396728516,0.0,0.5104641914367676,0.0298867819684454,0.1005468368530273,8.460986781604367,0.0094327926635742,-,15.0,0.2427685950413223,0.0040411949157714,0,0,0,['cluster'],['intersecting']
figure_ascending_markersize60_twosquare-noName_umap.png,twosquare-noName_umap,968,4,60,0.665927019243771,0.7856242656707764,0.755080220488307,0.7541158199310303,1.062930085858395,1.473616123199463,0.7247425214817795,0.7576904296875,0.7409959576185481,1.1583681106567385,0.4165879920063071,0.7626190185546875,0.4780299694272339,1.146266222000122,0.5791941982520756,1.114135980606079,0.4368698606785908,0.7781522274017334,0.4596583974139798,1.1314945220947266,0.303100066735844,0.7714748382568359,0.3497144834541053,1.16198468208313,0.3980451819843486,1.14155912399292,0.3126737283092518,0.7855257987976074,0.3331642838967441,1.1508760452270508,0.9834710743801652,0.7641510963439941,14620,0.5700902938842773,0.0,0.529569149017334,0.0298867819684454,0.0987172126770019,8.460986781604367,0.0090491771697998,-,15.0,0.2427685950413223,0.003983736038208,0,0,0,['cluster'],['intersecting']
figure_ascending_markersize110_twosquare-noName_umap.png,twosquare-noName_umap,968,4,110,0.5927643998519055,0.8599154949188232,0.6942484539215728,0.8494970798492432,1.0646303138401887,1.5846762657165527,0.657545215128669,0.8484241962432861,0.6767265208303461,1.2397561073303225,0.3288506038188931,0.8748042583465576,0.3765556828591729,1.2673077583312988,0.4418498400247289,1.2213985919952393,0.3431157188287081,0.88142991065979,0.3593457399626444,1.257463455200195,0.2275427713113109,0.8660917282104492,0.2583383245845143,0.8782525062561035,0.2787742838300249,1.6535415649414062,0.2321193097911355,0.8781313896179199,0.2446202658050559,1.2789733409881592,0.962809917355372,0.9203722476959229,38763,0.611907958984375,0.0,0.5888161659240723,0.0298867819684454,0.0995776653289794,8.460986781604367,0.0091948509216308,-,15.0,0.2427685950413223,0.0041046142578125,0,0,0,['cluster'],['intersecting']
figure_ascending_markersize160_twosquare-noName_umap.png,twosquare-noName_umap,968,4,160,0.5396619723380226,0.5057425498962402,0.6440243133446344,0.9639842510223388,1.0416289927493871,1.7042279243469238,0.6064330960995111,0.973057746887207,0.6248918124861014,0.9367289543151855,0.2670682589057361,1.4083678722381592,0.2958084438901587,0.957571268081665,0.3187405614776757,1.33172607421875,0.2738475480454252,0.9456212520599364,0.2820311247415787,1.400874376296997,0.177439919319579,0.9561691284179688,0.1919976969895381,0.9901297092437744,0.188158759715594,1.2949233055114746,0.1768550789213924,1.4155991077423096,0.1821115839796482,0.9673056602478028,0.912190082644628,0.9184319972991944,72182,0.6623966693878174,0.0,0.6070103645324707,0.0298867819684454,0.099492073059082,8.460986781604367,0.0091536045074462,-,15.0,0.2427685950413223,0.0041863918304443,3,0,0,['cluster'],['intersecting']
figure_descending_markersize10_twosquare-noName_umap.png,twosquare-noName_umap,968,4,10,0.917928488978919,0.8080058097839355,0.9357126163769244,1.2581956386566162,1.039092498144765,1.159736394882202,0.9162079927386844,0.7963299751281738,0.93335416991896,0.8061397075653076,0.7034259279203807,0.7872421741485596,0.7387849888526886,1.2642784118652344,0.8053022692429085,1.1685094833374023,0.6986603738831436,0.7968156337738037,0.7266233123175145,0.8021771907806396,0.570184559230508,0.8022005558013916,0.6103353987125955,1.262071132659912,0.6573924910198055,1.1838252544403076,0.5645998239968447,0.8373904228210449,0.5948651917540773,0.8216047286987305,0.993801652892562,0.667107343673706,907,0.6347570419311523,0.0,0.6329822540283203,0.0298867819684454,0.0987725257873535,8.460986781604367,0.0089292526245117,-,15.0,0.2427685950413223,0.0041825771331787,0,0,56,['cluster'],['intersecting']
figure_descending_markersize60_twosquare-noName_umap.png,twosquare-noName_umap,968,4,60,0.6006931571252432,0.8793458938598633,0.6762713263416644,1.382164716720581,1.2280363293099898,1.2677054405212402,0.6058817881360008,0.907886266708374,0.6606121204624245,0.9251291751861572,0.3828849282163168,0.9189293384552002,0.4425906346081473,0.8899974822998047,0.6899183571854441,1.2501251697540283,0.3826476789626204,0.9044575691223145,0.4219868614124368,1.3865861892700195,0.2809969051614249,0.9194936752319336,0.3289309211336101,0.9001667499542236,0.4797116572393654,1.3166701793670654,0.279622258731646,0.9093475341796876,0.3100067253388724,0.8935034275054932,0.9834710743801652,0.8837881088256836,14620,0.6801981925964355,0.0,0.6769323348999023,0.0298867819684454,0.0966720581054687,8.460986781604367,0.0089046955108642,-,15.0,0.2427685950413223,0.0040740966796875,0,0,3333,['cluster'],['intersecting']
figure_descending_markersize110_twosquare-noName_umap.png,twosquare-noName_umap,968,4,110,0.5289959733235217,0.9751424789428712,0.6168538865338922,1.472498655319214,1.2704025455824564,1.3347821235656738,0.5335571495431066,0.9899458885192872,0.5935229113837859,1.0013935565948486,0.2972206604976364,1.016050100326538,0.3471750921795403,1.003110647201538,0.5399316847278921,1.3696420192718506,0.2967211765290688,1.0144867897033691,0.3294376540346855,0.4589486122131347,0.2066699091491902,1.529573917388916,0.2415661706956341,1.0235443115234375,0.3428155846902866,1.366840362548828,0.2055024902512455,1.0113356113433838,0.2279931589632607,0.9999387264251708,0.962809917355372,1.034284591674805,38763,0.1664531230926513,0.0,0.7129263877868652,0.0298867819684454,0.0988426208496093,8.460986781604367,0.0090260505676269,-,15.0,0.2427685950413223,0.0043439865112304,2,0,9394,['cluster'],['intersecting']
figure_descending_markersize160_twosquare-noName_umap.png,twosquare-noName_umap,968,4,160,0.473528632888254,1.616874933242798,0.568185541379777,1.0896525382995603,1.302364019810094,1.4624357223510742,0.4765013923114123,1.0938904285430908,0.5392358176102612,0.5126073360443115,0.2339544900683868,1.6080920696258545,0.2706668933417752,1.088937520980835,0.4005429886315685,1.4357352256774902,0.2330266072642434,1.1008143424987793,0.2586162266743216,0.5199940204620361,0.1553550955262276,1.6482508182525637,0.1776461488888119,1.1213433742523191,0.2366646922621081,0.8879563808441162,0.1542238567036817,1.6268186569213867,0.1700972281018498,1.094693899154663,0.912190082644628,0.4530208110809326,72182,0.7677805423736572,0.0,0.7258403301239014,0.0298867819684454,0.0979995727539062,8.460986781604367,0.0090508460998535,-,15.0,0.2427685950413223,0.0040977001190185,6,0,17120,['cluster'],['intersecting']
figure_category_based_markersize10_n100-d10-c5-spr0.1-out0_pca.png,n100-d10-c5-spr0.1-out0_pca,100,5,10,1.0,0.2981247901916504,1.0,0.9620673656463624,1.0,1.2700233459472656,1.0,0.8794131278991699,1.0,0.88698410987854,0.9978157357936308,0.8758511543273926,0.9938066099578284,1.4731791019439695,0.9911269701451896,0.7047371864318848,0.9982252821931814,1.533947229385376,0.9961538331950608,0.3059573173522949,0.9956409928106408,0.8945772647857666,0.9876894638675532,1.5189940929412842,0.9824100167370172,0.7063415050506592,0.9964568524733703,1.5140063762664795,0.9923371390316088,0.3055095672607422,1.0,0.7178158760070801,2,0.7251272201538086,0.0,0.7337417602539062,0.0301645378499867,0.0118634700775146,26.343098634114916,0.0017192363739013,0.006267511942419624,1.3233542442321775,0.06,0.0007827281951904,0,0,0,['cluster'],['intersecting']
figure_category_based_markersize60_n100-d10-c5-spr0.1-out0_pca.png,n100-d10-c5-spr0.1-out0_pca,100,5,60,0.9889396291740334,0.3038184642791748,0.9880006899835444,1.506350040435791,0.9859597498399674,0.6975867748260498,0.9877639917687696,0.9117372035980223,0.9870680104646326,1.510596513748169,0.9341509498526682,0.3138682842254638,0.9187598846954512,0.916301727294922,0.9056739833199854,1.946582317352295,0.936245051649609,0.3113329410552978,0.928311455244393,0.935248851776123,0.8851143409836347,1.5703027248382568,0.8585885098797437,0.3201546669006347,0.8374788736080272,1.3104569911956787,0.889833866328615,0.9441044330596924,0.8761570260300352,0.9181866645812988,1.0,0.7561678886413574,162,0.7555644512176514,0.0,0.7785079479217529,0.0301645378499867,0.0118510723114013,26.343098634114916,0.0017557144165039,0.016412198797244367,1.439687967300415,0.06,0.000809907913208,0,0,0,['cluster'],['intersecting']
figure_category_based_markersize110_n100-d10-c5-spr0.1-out0_pca.png,n100-d10-c5-spr0.1-out0_pca,100,5,110,0.9718275852392744,0.3204853534698486,0.9692920360996836,0.9473915100097656,0.9638646263273536,1.3573873043060305,0.96890386399204,0.9563400745391846,0.967063499405528,0.9706478118896484,0.8615080784944905,0.977147340774536,0.824548466951355,0.9678688049316406,0.7818807489256521,1.393740177154541,0.8643449461194148,0.9946229457855223,0.8444254261495496,0.9693601131439208,0.7736816203538454,1.0011615753173828,0.717417162098893,0.3189296722412109,0.6577022995999611,2.0307600498199463,0.780154815113725,0.3238744735717773,0.7493914187943015,0.9742321968078612,1.0,0.7909839153289795,746,0.8202342987060547,0.0,0.8262872695922852,0.0301645378499867,0.0117735862731933,26.343098634114916,0.0016963481903076,0.022890825651118375,0.8548834323883057,0.06,0.0008254051208496,0,0,0,['cluster'],['intersecting']
figure_category_based_markersize160_n100-d10-c5-spr0.1-out0_pca.png,n100-d10-c5-spr0.1-out0_pca,100,5,160,0.957769876642134,0.9975104331970216,0.9559727615386784,0.9977164268493652,0.950928859144434,1.4210407733917236,0.9533706171919414,1.0034985542297363,0.9518167857791096,1.0078346729278564,0.7998705123181873,0.324476957321167,0.7516905564145078,0.9867820739746094,0.6918708090679679,1.3980584144592283,0.8023101273773909,1.0393528938293457,0.7780009320227188,1.0124318599700928,0.6866657731365766,0.9914894104003906,0.619342918311276,1.010014533996582,0.543741353008496,1.389418601989746,0.6925727611841277,1.0159294605255127,0.6578650266898733,0.3207828998565674,1.0,0.8353686332702637,1683,0.8285481929779053,0.0,0.8553893566131592,0.0301645378499867,0.0120477676391601,26.343098634114916,0.0017790794372558,0.0279102301170365,1.7206158638000488,0.06,0.0007963180541992,0,0,9,['cluster'],['intersecting']
figure_ascending_markersize10_n100-d10-c5-spr0.1-out0_pca.png,n100-d10-c5-spr0.1-out0_pca,100,5,10,1.0,0.3000221252441406,1.0,1.046412467956543,1.0,1.3975062370300293,1.0,1.0122427940368652,1.0,0.3096826076507568,0.9978157357936308,1.0063230991363523,0.9938066099578284,1.0073449611663818,0.9911269701451896,1.410759210586548,0.9982252821931814,1.015511989593506,0.9961538331950608,1.0064353942871094,0.9956409928106408,1.016005516052246,0.9876894638675532,0.3100051879882812,0.9824100167370172,1.404503583908081,0.9964568524733703,1.0009074211120603,0.9923371390316088,1.0152311325073242,1.0,0.8447737693786621,2,0.869727611541748,0.0,0.1109340190887451,0.0301645378499867,0.0117316246032714,26.34309863411491,0.0016922950744628,0.006267511942419624,1.368828058242798,0.06,0.0007543563842773,0,0,0,['cluster'],['intersecting']
figure_ascending_markersize60_n100-d10-c5-spr0.1-out0_pca.png,n100-d10-c5-spr0.1-out0_pca,100,5,60,0.9889416168722815,1.046369552612305,0.9883165503589804,1.0862414836883545,0.9859578646638084,0.73138427734375,0.9877664306882816,1.058210849761963,0.9870691050458086,1.0526187419891355,0.9349557132445664,1.0669519901275637,0.9190517501300048,0.3284900188446045,0.9051041961794004,1.472038984298706,0.9371423635363888,1.0594639778137207,0.9286867948845016,1.069369554519653,0.8865588418999454,1.0712931156158447,0.8588597508691868,1.0782411098480225,0.8365063301572971,0.7455549240112305,0.8914543896564003,1.1155810356140137,0.8768251017316774,1.0747952461242676,1.0,0.8923439979553223,162,0.9147677421569824,0.0,0.1182806491851806,0.0301645378499867,0.0128891468048095,26.34309863411491,0.0018603801727294,0.016412198797244367,1.535940647125244,0.06,0.0007448196411132,0,0,0,['cluster'],['intersecting']
figure_ascending_markersize110_n100-d10-c5-spr0.1-out0_pca.png,n100-d10-c5-spr0.1-out0_pca,100,5,110,0.9718650711456056,1.145519733428955,0.9700878212135854,0.3406167030334472,0.9638202276806038,1.500779390335083,0.968941271964218,1.1138229370117188,0.9670774603352984,1.0776944160461426,0.8667842828839991,0.3211658000946045,0.8252524259144344,1.1003458499908447,0.777788217640754,1.5018961429595947,0.8691548576136656,1.1061537265777588,0.8460487949802193,0.3201174736022949,0.7822095803559102,1.0752620697021484,0.718047051088037,1.1083922386169434,0.6519516094519717,1.5051870346069336,0.7880024294813901,1.0885426998138428,0.751943859749972,0.324639081954956,1.0,0.9278340339660645,746,0.9692165851593018,0.0,0.1181867122650146,0.0301645378499867,0.0125985145568847,26.34309863411491,0.0018355846405029,0.022890825651118375,1.5885374546051023,0.06,0.0007414817810058,0,0,0,['cluster'],['intersecting']
figure_ascending_markersize160_n100-d10-c5-spr0.1-out0_pca.png,n100-d10-c5-spr0.1-out0_pca,100,5,160,0.9604302097424352,1.1150777339935305,0.9570187439923048,1.145421028137207,0.9473204444099858,0.7501101493835449,0.9572127364363772,1.11771821975708,0.954180207938056,1.1468820571899414,0.8124284227393804,1.1468276977539062,0.7515777373058574,0.333831787109375,0.6811003890599978,1.5387325286865234,0.8150832289140316,1.1398088932037354,0.7831592236934284,1.1527080535888672,0.7039500869185586,0.3344111442565918,0.6187517303279078,1.129892349243164,0.5316842110994651,1.572160720825195,0.7097044184918011,1.1685559749603271,0.664125701344864,1.1797981262207031,1.0,0.1246492862701416,1683,0.9801537990570068,0.0,0.9925353527069092,0.0301645378499867,0.0126497745513916,26.34309863411491,0.0018820762634277,0.0279102301170365,0.8886947631835938,0.06,0.0007824897766113,0,0,0,['cluster'],['intersecting']
figure_descending_markersize10_n100-d10-c5-spr0.1-out0_pca.png,n100-d10-c5-spr0.1-out0_pca,100,5,10,1.0,1.1510343551635742,1.0,1.165975570678711,1.0,0.736785888671875,1.0,1.1405093669891355,1.0,1.1572937965393066,0.9977849483219436,0.3289968967437744,0.9938018069272028,1.1758277416229248,0.9916070587089792,1.5405302047729492,0.9981142058524456,1.1596693992614746,0.9961224871107162,0.3144917488098144,0.995579687863702,1.1487371921539309,0.9876799757434096,1.182809352874756,0.9833538277642532,1.5737628936767578,0.9962355107566744,0.3146529197692871,0.9922749282865718,1.1674396991729736,1.0,1.0000312328338623,2,0.1173336505889892,0.0,0.9913113117218018,0.0301645378499867,0.0125038623809814,26.34309863411491,0.0018088817596435,0.006267511942419624,1.5157670974731443,0.06,0.0007688999176025,0,0,0,['cluster'],['intersecting']
figure_descending_markersize60_n100-d10-c5-spr0.1-out0_pca.png,n100-d10-c5-spr0.1-out0_pca,100,5,60,0.9781689080502374,0.3224031925201416,0.9879999749617876,1.198599338531494,1.0032644194425682,1.6345012187957764,0.974247479448506,0.3278846740722656,0.98041580596886,1.1793148517608645,0.9223793002409127,1.2254540920257568,0.9185009018939506,0.3278090953826904,0.926029829480549,1.6513254642486572,0.9215270780045086,1.2232115268707275,0.9213381037795304,0.3233320713043213,0.8726102054246667,1.2012031078338623,0.8581368179616372,1.2312674522399902,0.8598367709492498,1.6316771507263184,0.8742195833906663,0.3205306529998779,0.8689755467422949,1.2081859111785889,1.0,1.0241899490356443,162,0.1200556755065918,0.0,1.0312180519104004,0.0301645378499867,0.0129194259643554,26.34309863411491,0.0018689632415771,0.016412198797244364,0.7055976390838623,0.06,0.0007576942443847,0,0,12,['cluster'],['intersecting']
figure_descending_markersize110_n100-d10-c5-spr0.1-out0_pca.png,n100-d10-c5-spr0.1-out0_pca,100,5,110,0.945157919499123,1.215182542800903,0.9692873038471116,1.2418670654296875,1.0086037589758083,0.7417874336242676,0.9356958354209892,1.2454471588134766,0.9505654005812374,1.241264820098877,0.8339555714803359,0.3344063758850097,0.8239853872384986,1.2304387092590332,0.8210450357210768,0.7540500164031982,0.8309438623373251,1.2231791019439695,0.8293548045222653,1.2445168495178225,0.7461656189957883,1.271716594696045,0.7165676464009447,0.3308517932891845,0.6923048679578139,1.6781823635101318,0.7472846836739624,1.2456514835357666,0.7355604011062105,0.320526123046875,1.0,1.1141157150268557,746,0.1214709281921386,0.0,1.0717613697052002,0.0301645378499867,0.012470006942749,26.34309863411491,0.0019049644470214,0.022890825651118375,1.7316713333129885,0.06,0.0007765293121337,0,0,60,['cluster'],['intersecting']
figure_descending_markersize160_n100-d10-c5-spr0.1-out0_pca.png,n100-d10-c5-spr0.1-out0_pca,100,5,160,0.9232885550414472,0.3342854976654053,0.9559148983369182,1.267524242401123,1.0110824249432069,0.7415027618408203,0.9106269622914918,1.3057217597961426,0.9304291664799764,1.246711015701294,0.7656833236746694,0.332878828048706,0.7509900598175665,1.2496590614318848,0.7335638493758679,1.6788911819458008,0.7614421274617844,1.2904181480407717,0.7591968930872074,0.3319830894470215,0.6540389614821296,1.2808995246887207,0.6184166202189796,0.3377883434295654,0.5755804282192593,1.705502986907959,0.6542574194538807,1.304642915725708,0.641194206189981,0.3406012058258056,1.0,1.111952781677246,1683,1.1221742630004885,0.0,0.117539644241333,0.0301645378499867,0.0124530792236328,26.34309863411491,0.0018258094787597,0.0279102301170365,1.8553566932678225,0.06,0.0007781982421875,0,0,126,['cluster'],['intersecting']
figure_category_based_markersize10_ms_interleaved_60_120_3d_50_centeredClusters_pca.png,ms_interleaved_60_120_3d_50_centeredClusters_pca,325,3,10,0.9342691175381423,0.313523530960083,0.92092617638302,1.2894411087036133,0.9040973383053574,0.580493688583374,0.9344851686700316,1.256361722946167,0.9230163699698246,1.2891438007354736,0.8984018773123819,0.3174169063568115,0.881972849042069,1.2946267127990725,0.8565245118288749,1.571251392364502,0.8999246462099145,0.3181626796722412,0.8856964074930591,1.2859375476837158,0.8651867568863116,1.3227474689483645,0.8461810887624925,0.3259956836700439,0.8137079000635683,1.586935043334961,0.867829290714883,1.3267228603363037,0.8512770529641754,0.3173267841339111,0.9938461538461538,1.1350793838500977,98,0.1175715923309326,0.0,1.1180198192596436,0.0307274172322934,0.045997142791748,13.413108748453048,0.0038506984710693,0.010220735677864443,6.351648569107056,0.2953846153846154,0.0014247894287109,0,0,21,['cluster'],['intersecting']
figure_category_based_markersize60_ms_interleaved_60_120_3d_50_centeredClusters_pca.png,ms_interleaved_60_120_3d_50_centeredClusters_pca,325,3,60,0.7379732830813257,0.6129837036132812,0.7078262019956854,0.5724892616271973,0.6723291064358927,0.881751537322998,0.7398128094825371,0.6551988124847412,0.712279426793966,0.5538864135742188,0.651821486205344,0.5618786811828613,0.6163949758157685,0.6616501808166504,0.5645204218807993,0.9089081287384032,0.6540529340601277,0.5751311779022217,0.6233327310421142,0.6551609039306641,0.5836818389058438,0.6157193183898926,0.5458823393819487,0.5922486782073975,0.4865083004449895,0.8481924533843994,0.586110402566229,0.6838560104370117,0.5541345543725755,0.6368227005004883,0.9938461538461538,0.3431005477905273,2582,0.3327112197875976,0.0,0.356194257736206,0.0307274172322934,0.0444817543029785,13.413108748453048,0.0038764476776123,0.02013428329299797,7.151706218719482,0.2953846153846154,0.0015418529510498,0,0,691,['cluster'],['intersecting']
figure_category_based_markersize110_ms_interleaved_60_120_3d_50_centeredClusters_pca.png,ms_interleaved_60_120_3d_50_centeredClusters_pca,325,3,110,0.5959307953182105,0.6453235149383545,0.5623617209046508,0.7209680080413818,0.5258445697404878,0.912543535232544,0.5973417173490481,0.7442874908447266,0.5670916272544477,0.6828222274780273,0.4945683835205263,0.6722867488861084,0.4563726101724055,0.6737926006317139,0.403203871074514,0.9257807731628418,0.4961717483473733,0.656609058380127,0.4638170532316672,0.67671799659729,0.4226751775621912,0.685675859451294,0.3839996515029942,0.6787939071655273,0.3269504743321209,0.9954342842102052,0.4243079823135414,0.7250103950500488,0.3923628114967162,0.7441611289978027,0.9907692307692308,0.4521386623382568,8806,0.4134821891784668,0.0,0.2690362930297851,0.0307274172322934,0.043774127960205,13.413108748453048,0.0037875175476074,0.026714422605003247,7.815330266952515,0.2953846153846154,0.0015792846679687,0,0,2511,['cluster'],['intersecting']
figure_category_based_markersize160_ms_interleaved_60_120_3d_50_centeredClusters_pca.png,ms_interleaved_60_120_3d_50_centeredClusters_pca,325,3,160,0.5166812822641413,0.774972677230835,0.4821260756984954,0.7656087875366211,0.4435068962847603,0.882082462310791,0.5173069964687892,0.750758171081543,0.4869128878980949,0.7933926582336426,0.4113786873501717,0.7858915328979492,0.3731109259054279,0.779531717300415,0.3200672318508392,1.0621211528778076,0.4125102516462298,0.7997803688049316,0.3805615048144858,0.7970497608184814,0.3417317963940841,0.818687915802002,0.3043037750538301,0.8177566528320312,0.2503799025090998,1.0821022987365725,0.3430206654098179,0.8378078937530518,0.3123402341850808,0.8142318725585938,0.9876923076923076,0.5116918087005615,16952,0.4839866161346435,0.0,0.3196418285369873,0.0307274172322934,0.0436494350433349,13.413108748453048,0.0036337375640869,0.031711539171249824,9.235026121139526,0.2953846153846154,0.0013470649719238,0,0,4840,['cluster'],['intersecting']
figure_ascending_markersize10_ms_interleaved_60_120_3d_50_centeredClusters_pca.png,ms_interleaved_60_120_3d_50_centeredClusters_pca,325,3,10,0.9564180683368206,0.6525866985321045,0.9244130782019412,0.6428894996643066,0.8921402029424541,0.9017925262451172,0.955701007697809,0.8134365081787109,0.9313584022334138,0.6485991477966309,0.9191004043307412,0.8470280170440674,0.8852051493989173,0.6562244892120361,0.8451616192843274,1.085263967514038,0.9198197162127024,0.8436446189880371,0.8934653031002958,0.6710624694824219,0.884585513741267,0.6792521476745605,0.8491878145531605,0.6864645481109619,0.8028831595168375,1.1155478954315186,0.8865352179129924,0.858452320098877,0.8585350819403104,0.6867167949676514,0.9938461538461538,0.325944185256958,98,0.5343978404998779,0.0,0.3262624740600586,0.0307274172322934,0.0444989204406738,13.413108748453045,0.0037391185760498,0.010220735677864442,5.336945056915283,0.2953846153846154,0.0014336109161376,0,0,0,['cluster'],['intersecting']
figure_ascending_markersize60_ms_interleaved_60_120_3d_50_centeredClusters_pca.png,ms_interleaved_60_120_3d_50_centeredClusters_pca,325,3,60,0.81642064982312,0.5507957935333252,0.7231021989611135,0.9241151809692384,0.6262968744439201,1.0047855377197266,0.8161098113810005,0.7562272548675537,0.7426563057141637,0.7662053108215332,0.709421609723244,0.7484645843505859,0.6260647678563234,0.7557549476623535,0.5299395597490808,0.9920058250427246,0.7100229949353135,0.9648058414459229,0.6443585495518451,0.7629604339599609,0.6272190835102496,0.7790796756744385,0.5519899218778219,0.5544567108154297,0.4592784417545331,1.2490513324737549,0.6283440157858945,0.7801201343536377,0.5690405239231726,0.7705891132354736,0.9938461538461538,0.3851795196533203,2582,0.6068203449249268,0.0,0.363133430480957,0.0307274172322934,0.0378849506378173,13.413108748453045,0.0037674903869628,0.02013428329299797,5.88986086845398,0.2953846153846154,0.0012576580047607,0,0,0,['cluster'],['intersecting']
figure_ascending_markersize110_ms_interleaved_60_120_3d_50_centeredClusters_pca.png,ms_interleaved_60_120_3d_50_centeredClusters_pca,325,3,110,0.6980927327369193,0.8136112689971924,0.581228522159568,1.0276455879211426,0.4670430058452259,0.8270308971405029,0.6972289663667592,1.0357999801635742,0.6057628027963698,0.5855658054351807,0.559837437867241,1.0431642532348633,0.4674451262115333,0.6030840873718262,0.3657624507496058,1.072427749633789,0.5599780677634184,1.07173490524292,0.4875375705454957,0.8400883674621582,0.4672916465261483,0.6047935485839844,0.3909176703593735,0.8301398754119873,0.300580173274219,1.1083228588104248,0.4678757939698609,0.8214883804321289,0.4079240414282492,1.1221826076507568,0.9907692307692308,0.4400160312652588,8806,0.4113602638244629,0.0,0.6650745868682861,0.0307274172322934,0.0447573661804199,13.413108748453045,0.003753662109375,0.026714422605003247,6.601534128189087,0.2953846153846154,0.00126314163208,0,0,0,['cluster'],['intersecting']
figure_ascending_markersize160_ms_interleaved_60_120_3d_50_centeredClusters_pca.png,ms_interleaved_60_120_3d_50_centeredClusters_pca,325,3,160,0.6203289442274367,1.142615556716919,0.5011590441457885,0.6281192302703857,0.3840000860301754,1.1516327857971191,0.6189700595057559,0.8747570514678955,0.5260918299212386,0.888298749923706,0.4754839412641599,0.907384157180786,0.3858387084462052,0.9107797145843506,0.2872232173689204,1.1684656143188477,0.4754352761237812,0.6450686454772949,0.4050938165876386,0.9170105457305908,0.3854763382423054,0.940505027770996,0.3136626538390601,0.9812095165252686,0.2294072939712974,0.919785737991333,0.3859387961904569,0.9245448112487792,0.3293461479574591,0.9248967170715332,0.9876923076923076,0.4785866737365722,16952,0.7412052154541016,0.0,0.4295253753662109,0.0307274172322934,0.0443329811096191,13.413108748453045,0.003843069076538,0.03171153917124983,7.941228151321411,0.2953846153846154,0.0012233257293701,0,0,0,['cluster'],['intersecting']
figure_descending_markersize10_ms_interleaved_60_120_3d_50_centeredClusters_pca.png,ms_interleaved_60_120_3d_50_centeredClusters_pca,325,3,10,0.8925468623160683,0.602391242980957,0.9095442014710408,0.9025883674621582,0.9327066402767952,1.154137134552002,0.897811596849462,0.9096717834472656,0.908867021125804,0.609677791595459,0.8593610147521271,0.8997199535369873,0.8714127044987381,0.6023340225219727,0.8825102682680855,1.138176202774048,0.8655434885925231,0.9024171829223632,0.8725385345150374,0.9165425300598145,0.8285544727194336,0.6380481719970703,0.8363497911436728,0.9339184761047364,0.8374409041764195,0.8641831874847412,0.835514394486231,0.9267451763153076,0.8390026107732779,0.6151142120361328,0.9938461538461538,0.778794527053833,98,0.4598338603973388,0.0,0.4581747055053711,0.0307274172322934,0.0438151359558105,13.413108748453045,0.0037720203399658,0.010220735677864443,5.235592603683472,0.2953846153846154,0.0012078285217285,0,0,47,['cluster'],['intersecting']
figure_descending_markersize60_ms_interleaved_60_120_3d_50_centeredClusters_pca.png,ms_interleaved_60_120_3d_50_centeredClusters_pca,325,3,60,0.6379607058913479,0.9831216335296632,0.6819958409531331,0.6478698253631592,0.7575062886299937,1.2506933212280271,0.6492407415500712,0.6538817882537842,0.6782094631515065,0.9780046939849854,0.5702561640989315,0.990997076034546,0.5954738345081381,0.6710176467895508,0.6260811208676679,1.2427330017089844,0.5801313926844012,0.661961555480957,0.5957452473688176,1.0003347396850586,0.5155433488918,0.66963791847229,0.52843363352703,1.0568842887878418,0.5335173852149806,0.9477558135986328,0.5243194656868724,1.042133092880249,0.5311608322759134,0.6774473190307617,0.9938461538461538,0.5079262256622314,2582,0.4899702072143554,0.0,0.4786431789398193,0.0307274172322934,0.0443990230560302,13.413108748453045,0.0037071704864501,0.020134283292997966,6.467719316482544,0.2953846153846154,0.0012941360473632,0,0,1343,['cluster'],['intersecting']
figure_descending_markersize110_ms_interleaved_60_120_3d_50_centeredClusters_pca.png,ms_interleaved_60_120_3d_50_centeredClusters_pca,325,3,110,0.4855915985512504,0.705899715423584,0.5349726392546024,1.0863397121429443,0.6232889414560219,0.9730477333068848,0.4958675700478978,0.7213881015777588,0.5288864028450109,1.0741262435913086,0.4125041426490324,0.710284948348999,0.4351684001504886,1.0682950019836426,0.4612306857422616,0.9696192741394044,0.4207587923678862,1.060359239578247,0.4354701600251054,1.0875632762908936,0.3585395665744242,0.7305099964141846,0.3667480582321221,0.7333974838256836,0.3660546404435388,1.366682052612305,0.3654103025072719,0.7422020435333252,0.3701000599731383,1.0737802982330322,0.9907692307692308,0.5602216720581055,8806,0.5180013179779053,0.0,0.5090823173522949,0.0307274172322934,0.0433690547943115,13.413108748453045,0.0036816596984863,0.026714422605003247,6.683671712875366,0.2953846153846154,0.0012578964233398,0,0,4815,['cluster'],['intersecting']
figure_descending_markersize160_ms_interleaved_60_120_3d_50_centeredClusters_pca.png,ms_interleaved_60_120_3d_50_centeredClusters_pca,325,3,160,0.4076891208555541,0.3612678050994873,0.45508160972544,1.1264677047729492,0.5438008165840097,0.9976284503936768,0.4165430456661306,1.1452953815460205,0.4486599085728953,0.7507247924804688,0.3339302712182287,0.7603306770324707,0.3517035863309155,0.756788969039917,0.3702054417535237,1.40714430809021,0.3408617248290074,0.7624225616455078,0.3523733798953569,1.1666452884674072,0.2827714458130145,0.7810022830963135,0.2865987525714502,0.7846856117248535,0.2806232092373906,1.430908203125,0.2884529711926528,0.7941367626190186,0.2901125644660784,0.7586648464202881,0.9876923076923076,0.599679708480835,16952,0.5600502490997314,0.0,0.546677827835083,0.0307274172322934,0.0442705154418945,13.413108748453045,0.0037539005279541,0.03171153917124983,8.281038522720337,0.2953846153846154,0.0012929439544677,0,0,9350,['cluster'],['intersecting']
figure_category_based_markersize10_cars03Cropped_d2_umap.png,cars03Cropped_d2_umap,7404,53,10,0.1263426231830124,1.1731958389282229,0.1235860563790008,1.0900084972381592,0.1266798120417954,5.588623285293579,0.1302693042293722,1.1283881664276123,0.1291848416931306,1.4896485805511477,0.1051158892776543,1.1178374290466309,0.1032328237358974,1.1187987327575684,0.1029725346654655,6.071436643600464,0.1075067071529541,1.1443417072296145,0.1065867725604393,1.0842232704162598,0.0899957650530448,1.1212213039398191,0.0886355467021168,1.5823705196380615,0.0867397686022141,5.670865535736084,0.0915157154900764,1.1934854984283447,0.090717691898815,1.1521189212799072,0.229740680713128,0.8027479648590088,19650,0.7831642627716064,0.2843057806591031,0.7517745494842529,0.0300270071051297,0.7715315818786621,0.6329332315048571,0.0663681030273437,-,15.0,0.9700162074554296,0.0633382797241211,503,0,31199,['three_order'],"['intersecting','separated']"
figure_category_based_markersize60_cars03Cropped_d2_umap.png,cars03Cropped_d2_umap,7404,53,60,0.1042915132177533,1.1334435939788818,0.1014326628259041,1.6151816844940186,0.0940019845946745,6.180418014526367,0.1092580996488232,2.113497734069824,0.1079671812126709,1.5770792961120603,0.0796531242389281,1.6371495723724363,0.0777546564716479,1.6141834259033203,0.0716556677335659,6.104599237442017,0.0820872696847417,1.6269567012786863,0.0810024983446132,1.6007778644561768,0.0644314834485312,1.6371335983276367,0.063039082955231,2.181060314178467,0.0578931956043344,6.166029691696167,0.0657389830482639,1.161689281463623,0.0648150196177501,2.154969453811645,0.1179092382495948,1.0037164688110352,46796,0.4097840785980224,0.2843057806591031,0.8295750617980957,0.0300270071051297,0.7796783447265625,0.6329332315048571,0.0685405731201171,-,15.0,0.9700162074554296,0.0638940334320068,1778,0,208338,['three_order'],"['intersecting','separated']"
figure_category_based_markersize110_cars03Cropped_d2_umap.png,cars03Cropped_d2_umap,7404,53,110,0.1020820900991981,2.740020275115967,0.0990193547602478,1.6139626502990725,0.0884012423843362,7.29596734046936,0.1082357724677981,2.1480982303619385,0.1064978451563146,2.121234655380249,0.0753100605493921,1.6385929584503174,0.0735042508426111,2.784032106399536,0.066342410463923,6.222925424575806,0.078270607428843,2.771434545516968,0.0770459125381053,2.19327974319458,0.0596628839444208,1.6705613136291504,0.0584444142435843,2.214508056640625,0.0530938580722127,7.426432132720947,0.0612997263941901,1.6526057720184326,0.0603548148274218,2.1638989448547363,0.1019719070772555,1.199406385421753,60463,1.2660095691680908,0.2843057806591031,0.9454247951507568,0.0300270071051297,0.7813236713409424,0.6329332315048571,0.0677580833435058,-,15.0,0.9700162074554296,0.063148021697998,2154,0,399508,['three_order'],"['intersecting','separated']"
figure_category_based_markersize160_cars03Cropped_d2_umap.png,cars03Cropped_d2_umap,7404,53,160,0.1011686026307352,3.376234769821167,0.0980818422633277,2.0680460929870605,0.0856704497248115,7.2467334270477295,0.1080124167848193,2.7663769721984863,0.1060572410470525,2.6713640689849854,0.0735148266224287,2.749783992767334,0.0718106107593391,2.7016806602478027,0.0641288657832827,7.202477931976318,0.0767502618586715,2.7442800998687744,0.0754846996039142,2.6402125358581543,0.0577336978295637,2.655402183532715,0.0566396694826356,2.6745407581329346,0.0512437697907485,7.277419567108154,0.059522575947507,2.745602607727051,0.0585940988512615,2.75632905960083,0.0953538627768773,1.4735310077667236,70126,1.4453182220458984,0.2843057806591031,1.016930341720581,0.0300270071051297,0.763603687286377,0.6329332315048571,0.0669550895690918,-,15.0,0.9700162074554296,0.063812255859375,2297,0,580604,['three_order'],"['intersecting','separated']"
figure_ascending_markersize10_cars03Cropped_d2_umap.png,cars03Cropped_d2_umap,7404,53,10,0.170350211747436,1.39031720161438,0.1439796722191435,1.3580656051635742,0.0627320390327671,5.924601793289185,0.1748034273628345,1.361431360244751,0.15296885483761,1.3577966690063477,0.1412702131167984,1.3853070735931396,0.1235523784042421,1.4320597648620603,0.0569304793012616,5.90079665184021,0.1433456654625269,1.4304044246673584,0.1286360180287584,0.6691246032714844,0.1206708385476277,1.411346673965454,0.1082011995821079,1.4097354412078855,0.0521111559012825,5.977588415145874,0.1214834148390785,1.460179090499878,0.1109820452698551,0.6619381904602051,0.229740680713128,1.0915796756744385,19650,1.0748238563537598,0.2843057806591031,0.251565933227539,0.0300270071051297,0.7652897834777832,0.6329332315048571,0.0661573410034179,-,15.0,0.9700162074554296,0.0637388229370117,472,0,0,['three_order'],"['intersecting','separated']"
figure_ascending_markersize60_cars03Cropped_d2_umap.png,cars03Cropped_d2_umap,7404,53,60,0.1587985227649715,1.8938257694244385,0.1309301438777917,1.9070281982421875,0.0110394480062704,5.69484543800354,0.1578722094153473,1.87581467628479,0.1344456019050256,1.882156610488892,0.1233487370554564,1.924306869506836,0.1066871536833399,1.1285853385925293,0.0103374536576728,6.327397584915161,0.1212167940538628,1.8693163394927976,0.1079221314139484,1.839739799499512,0.1008379294685308,1.9047906398773196,0.0900192192752167,1.119947910308838,0.0097194006257496,6.43932843208313,0.0983755552327502,1.9128499031066892,0.0901394019412427,1.0834550857543943,0.1179092382495948,1.2740166187286377,46796,1.2751035690307615,0.2843057806591031,0.2574849128723144,0.0300270071051297,0.7697703838348389,0.6329332315048571,0.0663797855377197,-,15.0,0.9700162074554296,0.0670521259307861,1752,0,0,['three_order'],"['intersecting','separated']"
figure_ascending_markersize110_cars03Cropped_d2_umap.png,cars03Cropped_d2_umap,7404,53,110,0.1615649237528087,2.495588779449463,0.1335561399390811,2.491654396057129,-0.0069513821106081,7.177509307861328,0.1583768502486836,1.680192947387695,0.1343959928935808,2.440343141555786,0.1218875731654771,2.445986747741699,0.1053410695719436,2.546099901199341,-0.0066274198763285,6.368838548660278,0.1186061542869497,2.50940203666687,0.106052560813036,2.429976224899292,0.0978559625678375,1.7041327953338623,0.0869681731530092,2.577805519104004,-0.006332308930528,7.254104375839233,0.0948004125982373,2.474092721939087,0.0875819686080394,1.5731325149536133,0.1019719070772555,1.5134899616241455,60463,1.5295538902282717,0.2843057806591031,0.2772982120513916,0.0300270071051297,0.8055658340454102,0.6329332315048571,0.0694718360900878,-,15.0,0.9700162074554296,0.0658581256866455,2110,0,0,['three_order'],"['intersecting','separated']"
figure_ascending_markersize160_cars03Cropped_d2_umap.png,cars03Cropped_d2_umap,7404,53,160,0.1634557108482339,3.04349422454834,0.1357814725451656,3.1266684532165527,-0.0175399795098354,7.847305059432983,0.158919879562904,2.115122079849243,0.1346552820754655,2.987566947937012,0.121333312176456,3.103625774383545,0.1050409667401243,2.1951584815979004,-0.0169391644787224,7.797568321228027,0.1173011998110616,3.08569073677063,0.1052242392643294,2.0270884037017822,0.0964724446473365,3.044386625289917,0.0856500582256269,2.208348035812378,-0.0163781468997885,7.825157165527344,0.092957148043033,3.0760865211486816,0.0863508865172418,2.0919110774993896,0.0953538627768773,1.7951462268829346,70126,1.7579634189605713,0.2843057806591031,0.2820193767547607,0.0300270071051297,0.8090410232543945,0.6329332315048571,0.0709743499755859,-,15.0,0.9700162074554296,0.0673108100891113,2299,0,0,['three_order'],"['intersecting','separated']"
figure_descending_markersize10_cars03Cropped_d2_umap.png,cars03Cropped_d2_umap,7404,53,10,0.0912503350466383,0.7034013271331787,0.1120112582229346,0.7152707576751709,0.2033516559378143,5.422950029373169,0.0874997387992752,1.7092690467834473,0.1007424880476036,1.6640830039978027,0.0794303527821707,0.7170042991638184,0.0939119090892918,1.7160675525665283,0.1471647663353995,6.453104257583618,0.0765801247063818,0.725989818572998,0.0866942172041126,1.6889896392822266,0.0703213737313759,1.7252147197723389,0.0808480669864273,0.716759204864502,0.1153054120254614,6.443339586257935,0.068083570071487,0.7228069305419922,0.076084444643908,1.6936111450195312,0.229740680713128,1.403947114944458,19650,0.3106470108032226,0.2843057806591031,1.3477659225463867,0.0300270071051297,0.8010356426239014,0.6329332315048571,0.0700397491455078,-,15.0,0.9700162074554296,0.0655224323272705,508,0,77935,['three_order'],"['intersecting','separated']"
figure_descending_markersize60_cars03Cropped_d2_umap.png,cars03Cropped_d2_umap,7404,53,60,0.0655581373222627,2.2308506965637207,0.0886710633939349,1.1530566215515137,0.1780152396790482,6.788053512573242,0.0596994130616974,1.1393671035766602,0.0727296589431877,2.1017651557922363,0.055159239268716,2.18091082572937,0.0700645396541908,1.1527647972106934,0.1163429945182151,6.869051218032837,0.0510867974713565,1.1434898376464844,0.0607711036284228,2.1763012409210205,0.0476076635255536,2.227815866470337,0.057912350597538,1.1101651191711426,0.0864076239440444,6.919375896453857,0.044645897427184,1.1090683937072754,0.0521898079824152,2.1874704360961914,0.1179092382495948,0.4340252876281738,46796,1.5865018367767334,0.2843057806591031,0.2605547904968261,0.0300270071051297,0.7912702560424805,0.6329332315048571,0.068011999130249,-,15.0,0.9700162074554296,0.0659956932067871,1682,0,606263,['three_order'],"['intersecting','separated']"
figure_descending_markersize110_cars03Cropped_d2_umap.png,cars03Cropped_d2_umap,7404,53,110,0.061463603353318,2.6321702003479004,0.0853415182341101,1.6187176704406738,0.1768592913497627,7.352450370788574,0.0550541484029183,1.6064741611480713,0.0678491708903407,2.741443395614624,0.0508043596515024,1.605485916137695,0.06602828893775,2.7623655796051025,0.1113959448500142,6.306231498718262,0.0466472529021064,2.809556722640991,0.0560917650215406,1.6092517375946045,0.0432958367249718,2.7030129432678223,0.0538432756976225,1.5817046165466309,0.081302382807692,6.222305536270142,0.0404677362029655,2.694118022918701,0.0478073534301334,1.492988109588623,0.1019719070772555,1.7224023342132568,60463,0.5456032752990723,0.2843057806591031,1.4962425231933594,0.0300270071051297,0.7923328876495361,0.6329332315048571,0.0688683986663818,-,15.0,0.9700162074554296,0.0647773742675781,1995,0,1241162,['three_order'],"['intersecting','separated']"
figure_descending_markersize160_cars03Cropped_d2_umap.png,cars03Cropped_d2_umap,7404,53,160,0.0594876479210868,3.163026571273804,0.0837632198114063,3.233916521072388,0.1771258523799191,6.651359081268311,0.052866454425088,3.229442834854126,0.0654886257522995,1.965631484985352,0.0487661995892557,3.180671215057373,0.0641192981599195,2.144011974334717,0.109376393257972,7.771000385284424,0.0446368463135274,2.023235559463501,0.0539213200419197,3.217989921569824,0.0413192401902564,2.01486873626709,0.0519387615781801,3.306468725204468,0.0791153128800109,6.645091533660889,0.0386242861378881,3.220800876617432,0.0458268829052516,1.9564721584320068,0.0953538627768773,1.9280354976654053,70126,0.7308180332183838,0.2843057806591031,1.554283857345581,0.0300270071051297,0.7931308746337891,0.6329332315048571,0.0685069561004638,-,15.0,0.9700162074554296,0.0644252300262451,2133,0,1866586,['three_order'],"['intersecting','separated']"
figure_category_based_markersize10_n100-d10-c5-spr0.1-out0_umap.png,n100-d10-c5-spr0.1-out0_umap,100,5,10,1.0,0.3133962154388428,1.0,0.3200678825378418,1.0,0.7231771945953369,1.0,0.3195443153381347,1.0,1.5234191417694092,0.9847084206824734,1.546571969985962,0.9876491895575098,0.3151113986968994,0.989861548687644,0.7251462936401367,0.9921022416742172,1.5231373310089111,0.9920045090188478,0.3089585304260254,0.9698774625358256,1.5542197227478027,0.975599742075394,1.5374209880828855,0.9799266104578352,0.7260472774505615,0.9843282550029644,0.3099274635314941,0.9841358596289562,1.5254793167114258,1.0,0.1118507385253906,4,1.3436381816864014,0.0,0.1099457740783691,0.0287691510172291,0.0110034942626953,17.383281615989098,0.001720905303955,0.00932635621849464,1.9756202697753904,0.01,0.0008349418640136,0,0,0,['cluster'],['separated']
figure_category_based_markersize60_n100-d10-c5-spr0.1-out0_umap.png,n100-d10-c5-spr0.1-out0_umap,100,5,60,1.0,0.3125801086425781,1.0,1.5478806495666504,1.0,0.7293343544006348,1.0,1.5511445999145508,1.0,0.3118722438812256,0.8697783409741648,1.5525791645050049,0.8675433060505156,0.3187887668609619,0.8386260399226396,1.98310661315918,0.8668682199347546,0.3176565170288086,0.8765020293713436,0.3116648197174072,0.7695643894524614,1.5571699142456057,0.7660719484335656,0.3171181678771972,0.7220981946820797,1.9680194854736328,0.7650197754446889,0.3170228004455566,0.7801545283440917,1.567302942276001,1.0,0.1126551628112793,300,1.3715531826019287,0.0,0.1103675365447998,0.0287691510172291,0.0110111236572265,17.383281615989098,0.0017037391662597,0.021467617144401145,2.079127073287964,0.01,0.0008244514465332,0,0,0,['cluster'],['separated']
figure_category_based_markersize110_n100-d10-c5-spr0.1-out0_umap.png,n100-d10-c5-spr0.1-out0_umap,100,5,110,1.0,0.3153779506683349,1.0,1.5752618312835691,1.0,0.7407474517822266,1.0,1.596607685089111,1.0,0.3174777030944824,0.7776439871278913,1.5824692249298096,0.7664396703109313,0.3311293125152588,0.716764506401317,2.019636869430542,0.766792523101817,0.3198049068450928,0.7760100978767296,0.3055229187011719,0.6361845312976374,1.591780424118042,0.6213232153016142,0.3204803466796875,0.558560381143476,1.99382758140564,0.6217871181177776,0.3201110363006592,0.6340004084433828,1.5679945945739746,1.0,0.1216089725494384,1135,1.3982908725738523,0.0,0.1105687618255615,0.0287691510172291,0.0111770629882812,17.383281615989098,0.0017035007476806,0.030092187901966726,2.1625592708587646,0.01,0.0008585453033447,0,0,0,['cluster'],['separated']
figure_category_based_markersize160_n100-d10-c5-spr0.1-out0_umap.png,n100-d10-c5-spr0.1-out0_umap,100,5,160,1.0,0.3266067504882812,1.0,1.611633539199829,1.0,0.7400913238525391,1.0,1.6255877017974854,1.0,0.3297157287597656,0.6983597734994963,0.3352553844451904,0.6802266411777789,1.606682538986206,0.619997172155421,0.7424545288085938,0.6917578477487933,1.607726812362671,0.6944686387479977,0.3266968727111816,0.536522888031093,1.6221630573272705,0.5154117081017758,0.3375625610351562,0.449272392523856,2.056288957595825,0.5287689641848223,0.3300831317901611,0.531943283294247,1.6209232807159424,1.0,0.1199483871459961,2493,1.4569153785705566,0.0,0.1121160984039306,0.0287691510172291,0.0113692283630371,17.383281615989098,0.0017180442810058,0.0368990218817714,2.3276703357696533,0.01,0.0008492469787597,0,0,0,['cluster'],['separated']
figure_ascending_markersize10_n100-d10-c5-spr0.1-out0_umap.png,n100-d10-c5-spr0.1-out0_umap,100,5,10,1.0,0.3146462440490722,1.0,1.6440162658691406,1.0,0.7279598712921143,1.0,0.3085277080535888,1.0,1.6412386894226074,0.9859895568906086,0.31636643409729,0.9876491895575098,1.6388676166534424,0.9868396317884812,0.7301456928253174,0.9927612689410515,1.6560282707214355,0.9923102405726668,0.3210477828979492,0.972366274519956,1.6495757102966309,0.975599742075394,0.3134012222290039,0.9740211547462122,0.7268426418304443,0.985626583180855,1.6777427196502686,0.984737843457488,0.3074731826782226,1.0,1.4816386699676514,4,0.1120486259460449,0.0,1.4706361293792725,0.0287691510172291,0.011012315750122,17.383281615989098,0.0017099380493164,0.00932635621849464,0.6015398502349854,0.01,0.0007445812225341,0,0,0,['cluster'],['separated']
figure_ascending_markersize60_n100-d10-c5-spr0.1-out0_umap.png,n100-d10-c5-spr0.1-out0_umap,100,5,60,1.0,0.3147709369659424,1.0,1.6581356525421145,1.0,0.7214281558990479,1.0,1.65553879737854,1.0,0.3185629844665527,0.8805194124293423,1.6702446937561035,0.8676268472130846,0.32275390625,0.8171443568417939,0.7337415218353271,0.8736344594197256,1.6613738536834717,0.8796295690450798,0.3102858066558838,0.7865428147710216,1.6593055725097656,0.7662022409112612,0.3207569122314453,0.6908233997684038,2.099363088607788,0.7756225025932981,0.3203403949737549,0.7851238704107437,1.69246506690979,1.0,0.1138083934783935,300,0.1111268997192382,0.0,1.493603229522705,0.0287691510172291,0.0111854076385498,17.383281615989098,0.0017306804656982,0.02146761714440114,0.6928157806396484,0.01,0.0007874965667724,0,0,0,['cluster'],['separated']
figure_ascending_markersize110_n100-d10-c5-spr0.1-out0_umap.png,n100-d10-c5-spr0.1-out0_umap,100,5,110,1.0,0.60671067237854,1.0,0.5872812271118164,1.0,0.9962687492370604,1.0,0.6369166374206543,1.0,0.551018476486206,0.8008623504373626,0.5449788570404053,0.7670487257814551,0.6510064601898193,0.6829564945896921,1.018848896026611,0.7812388730002426,0.5712735652923584,0.7824089861088913,0.5803930759429932,0.6678652369304408,0.6804635524749756,0.6221241194366072,0.591766357421875,0.5185527218988303,1.069746732711792,0.6410106588511156,0.69539475440979,0.6425876810707667,0.6589870452880859,1.0,0.3430132865905761,1135,0.2277870178222656,0.0,0.3394694328308105,0.0287691510172291,0.0109248161315917,17.383281615989098,0.0017330646514892,0.030092187901966726,1.0841176509857178,0.01,0.0007588863372802,0,0,0,['cluster'],['separated']
figure_ascending_markersize160_n100-d10-c5-spr0.1-out0_umap.png,n100-d10-c5-spr0.1-out0_umap,100,5,160,1.0,0.500950813293457,1.0,0.6819419860839844,1.0,1.0038959980010986,1.0,0.6577894687652588,1.0,0.5413496494293213,0.7314106256255744,0.7193071842193604,0.6812389556625944,0.6373398303985596,0.5792337299213784,1.0441405773162842,0.7136794133075794,0.6446177959442139,0.7033669095963838,0.6382195949554443,0.5765542739046288,0.657996416091919,0.516574976632612,0.6730186939239502,0.4076910763719954,1.0749189853668213,0.5548223519789094,0.6565783023834229,0.5424563932557357,0.6674392223358154,1.0,0.4054818153381347,2493,0.3936026096343994,0.0,0.2514870166778564,0.0287691510172291,0.0107650756835937,17.383281615989098,0.001652717590332,0.036899021881771396,1.1515536308288574,0.01,0.0007295608520507,0,0,0,['cluster'],['separated']
figure_descending_markersize10_n100-d10-c5-spr0.1-out0_umap.png,n100-d10-c5-spr0.1-out0_umap,100,5,10,1.0,0.731372594833374,1.0,0.5947942733764648,1.0,1.2294716835021973,1.0,0.5715076923370361,1.0,0.7104413509368896,0.9847084206824734,0.7228453159332275,0.9876139663147436,0.7418828010559082,0.989861548687644,1.1576993465423584,0.9921022416742172,0.723902702331543,0.9920045090188478,0.7193572521209717,0.9698774625358256,0.7176692485809326,0.9755310064083578,0.7279319763183594,0.9799266104578352,1.1649632453918457,0.9843282550029644,0.6370878219604492,0.9841358596289562,0.7583775520324707,1.0,0.4432706832885742,4,0.4641375541687011,0.0,0.2845261096954345,0.0287691510172291,0.0108206272125244,17.383281615989095,0.0016887187957763,0.00932635621849464,0.9431211948394777,0.01,0.0007116794586181,0,0,0,['cluster'],['separated']
figure_descending_markersize60_n100-d10-c5-spr0.1-out0_umap.png,n100-d10-c5-spr0.1-out0_umap,100,5,60,1.0,0.6339163780212402,1.0,0.7762861251831055,1.0,1.0371487140655518,1.0,0.8082194328308105,1.0,0.652616024017334,0.8677239065723881,0.6668221950531006,0.8674005040647045,0.8416159152984619,0.8430586245529389,1.0481798648834229,0.8655684762183722,0.6482460498809814,0.8759928939071184,0.6555602550506592,0.7663536407852835,0.8325684070587158,0.7658492760924364,0.6926112174987793,0.7286960622591332,1.29453444480896,0.7629975525829884,0.6925597190856934,0.7793481813047642,0.686352014541626,1.0,0.5127956867218018,300,0.3166072368621826,0.0,0.5277369022369385,0.0287691510172291,0.0108373165130615,17.383281615989095,0.001685619354248,0.02146761714440114,0.8718650341033936,0.01,0.0007166862487792,0,0,0,['cluster'],['separated']
figure_descending_markersize110_n100-d10-c5-spr0.1-out0_umap.png,n100-d10-c5-spr0.1-out0_umap,100,5,110,1.0,0.9208450317382812,1.0,0.7191071510314941,1.0,1.12166166305542,1.0,0.9030132293701172,1.0,0.7082421779632568,0.7719511642971835,0.9052278995513916,0.7662063564473889,0.7393882274627686,0.7266538985209492,1.1331818103790283,0.7624465760466533,0.9446420669555664,0.7745545788237416,0.7512898445129395,0.6285997281658535,0.7530465126037598,0.6210166185012579,0.7523102760314941,0.5706648786821642,1.3457019329071045,0.6160918480682869,0.7540228366851807,0.6320596294531634,0.5412693023681641,1.0,0.5738894939422607,1135,0.3526651859283447,0.0,0.5594751834869385,0.0287691510172291,0.010617971420288,17.383281615989095,0.0016617774963378,0.030092187901966726,1.2405753135681152,0.01,0.000781774520874,0,0,0,['cluster'],['separated']
figure_descending_markersize160_n100-d10-c5-spr0.1-out0_umap.png,n100-d10-c5-spr0.1-out0_umap,100,5,160,1.0,0.5667667388916016,1.0,0.7752068042755127,1.0,1.2018251419067385,1.0,1.0168068408966064,1.0,0.5490896701812744,0.6884402944217345,1.0372264385223389,0.6798850127804494,0.5566062927246094,0.6359012529007066,1.4199697971343994,0.6843753721913358,0.5540728569030762,0.6919797201396498,1.0473203659057615,0.5249019861571622,0.8207850456237793,0.5150195394815078,0.5685615539550781,0.4661695161387162,1.218519687652588,0.5201904538160309,1.065972089767456,0.5290282809785858,0.5850608348846436,1.0,0.6455240249633789,2493,0.3809733390808105,0.0,0.3753619194030761,0.0287691510172291,0.0109503269195556,17.383281615989095,0.0018479824066162,0.036899021881771396,1.3788714408874512,0.01,0.0007541179656982,0,0,0,['cluster'],['separated']
figure_category_based_markersize10_interleaved_100_200_15d_25_cramped_rotated_pca.png,interleaved_100_200_15d_25_cramped_rotated_pca,2318,15,10,0.5048519790894754,0.9373574256896972,0.490689017074625,0.662442684173584,0.4686193669619541,2.479705810546875,0.5082570273217284,0.6783633232116699,0.5000055136997165,0.9162712097167968,0.4529585151326346,0.9316327571868896,0.427533639454232,0.9706480503082277,0.3903034520115189,2.198455572128296,0.4560710728991496,0.6897308826446533,0.4384639485724434,0.9312255382537842,0.4107388855468689,1.0029950141906738,0.378781591579806,0.977158784866333,0.3344157209335087,2.272810697555542,0.4136037657884529,0.7106583118438721,0.3904114189369967,0.9668583869934082,0.9603106125970664,1.0016863346099854,5089,0.4729082584381103,0.0012942191544434,0.4668161869049072,0.0308592324223145,0.3536510467529297,4.183270343196755,0.0214769840240478,-,15.0,0.4693701466781708,0.0274972915649414,0,0,1552,['cluster'],['intersecting']
figure_category_based_markersize60_interleaved_100_200_15d_25_cramped_rotated_pca.png,interleaved_100_200_15d_25_cramped_rotated_pca,2318,15,60,0.2136417855549353,0.8444359302520752,0.202977215721666,0.8320162296295166,0.1837918507415753,2.4151008129119877,0.2149834711847511,1.1616497039794922,0.2088960466338385,1.1224408149719238,0.1756010593896618,1.1759402751922607,0.1611261959846072,0.8767445087432861,0.1361837945481391,2.458837985992432,0.176324016015634,1.1895411014556885,0.1665843399846251,0.8428442478179932,0.1490597166125313,1.1790499687194824,0.1335832306249397,1.213642120361328,0.1081654352092787,2.140320062637329,0.1494492653952271,1.1992475986480713,0.1385260191976847,1.2014901638031006,0.600086281276963,0.8116717338562012,57389,0.552433967590332,0.0012942191544434,0.5158417224884033,0.0308592324223145,0.3538572788238525,4.183270343196755,0.0212471485137939,-,15.0,0.4693701466781708,0.0273935794830322,146,0,31765,['cluster'],['intersecting']
figure_category_based_markersize110_interleaved_100_200_15d_25_cramped_rotated_pca.png,interleaved_100_200_15d_25_cramped_rotated_pca,2318,15,110,0.1766949327798292,1.3753085136413574,0.168065588493001,1.0415732860565186,0.1495499082102009,2.649146318435669,0.1776700068204176,1.4037833213806152,0.1729751091950456,1.0447900295257568,0.1388383276779774,1.4090180397033691,0.1277802312709708,1.0671038627624512,0.104454797786385,2.699425220489502,0.1392817679395099,1.068849802017212,0.1319511369467025,1.3862922191619873,0.1143409607711826,1.088871717453003,0.1030734931037814,1.4231255054473877,0.0802548430506763,2.350972414016724,0.1145348217534786,1.4352402687072754,0.1066558892113876,1.0422313213348389,0.321397756686799,1.1501929759979248,90342,0.651679277420044,0.0012942191544434,0.5794954299926758,0.0308592324223145,0.349869966506958,4.183270343196755,0.0214157104492187,-,15.0,0.4693701466781708,0.0273258686065673,446,0,76090,['cluster'],['intersecting']
figure_category_based_markersize160_interleaved_100_200_15d_25_cramped_rotated_pca.png,interleaved_100_200_15d_25_cramped_rotated_pca,2318,15,160,0.1653173587592686,0.8157954216003418,0.1573726775212457,1.5924043655395508,0.1387014693761863,2.5183143615722656,0.1663333664871807,1.7107915878295898,0.1621344591739577,1.229456663131714,0.1257457849806225,1.2371656894683838,0.116209343623529,1.6441633701324463,0.0931311935549993,2.534027338027954,0.1261716190547462,1.239816427230835,0.1199233242515496,1.6346368789672852,0.1014596581211728,1.2545740604400637,0.0921151554738696,1.2619657516479492,0.0700999134566221,2.977323532104492,0.1016321875813698,1.2713429927825928,0.0951510768110619,1.237112283706665,0.219585849870578,0.7936468124389648,108807,0.7408795356750488,0.0012942191544434,0.6183955669403076,0.0308592324223145,0.332655668258667,4.183270343196755,0.0215761661529541,-,15.0,0.4693701466781708,0.0273973941802978,665,0,118908,['cluster'],['intersecting']
figure_ascending_markersize10_interleaved_100_200_15d_25_cramped_rotated_pca.png,interleaved_100_200_15d_25_cramped_rotated_pca,2318,15,10,0.5902760145696515,0.8204960823059082,0.5131057441431889,1.2672994136810305,0.4201890067141446,2.145397663116455,0.5908440931486307,0.8399591445922852,0.5332830006589226,0.8135008811950684,0.5226651140331604,1.2838034629821775,0.446579149115989,0.8630073070526123,0.3569310405587972,2.085148572921753,0.5240475863452643,1.2730741500854492,0.4663660545828973,0.8447301387786865,0.4689509296841849,0.8653733730316162,0.3953235717557694,0.851496696472168,0.3102274040680227,2.5742671489715576,0.4708201119935393,0.8718430995941162,0.4143703949764895,0.8631613254547119,0.9603106125970664,0.8574738502502441,5089,0.6614420413970947,0.0012942191544434,0.6376175880432129,0.0308592324223145,0.3296327590942383,4.183270343196755,0.0219461917877197,-,15.0,0.4693701466781708,0.0275242328643798,0,0,0,['cluster'],['intersecting']
figure_ascending_markersize60_interleaved_100_200_15d_25_cramped_rotated_pca.png,interleaved_100_200_15d_25_cramped_rotated_pca,2318,15,60,0.2845891976988632,1.0323383808135986,0.2249836632028737,1.035334587097168,0.1385517512954207,2.3058485984802246,0.2834895504042566,1.4950320720672607,0.238461906431713,1.0058884620666504,0.2302789781809788,1.0383429527282717,0.1809156612491148,1.035280466079712,0.1109647936684578,2.3194096088409424,0.2292409758216209,1.0403335094451904,0.1921161478293059,1.497180461883545,0.1933756929582458,1.038989782333374,0.1512834651103237,1.0622613430023191,0.0925393401370605,2.348402976989746,0.1924195593033121,1.049696683883667,0.1608537567351073,1.0144906044006348,0.600086281276963,0.9810481071472168,57389,0.751215934753418,0.0012942191544434,0.6709918975830078,0.0308592324223145,0.3283689022064209,4.183270343196755,0.0212979316711425,-,15.0,0.4693701466781708,0.0274620056152343,91,0,0,['cluster'],['intersecting']
figure_ascending_markersize110_interleaved_100_200_15d_25_cramped_rotated_pca.png,interleaved_100_200_15d_25_cramped_rotated_pca,2318,15,110,0.2409029877620065,0.6745672225952148,0.1918783252737805,1.200875759124756,0.0983118629829963,2.485706329345703,0.2398063762791552,1.264392375946045,0.2023184860805976,1.730102777481079,0.1886173442653266,1.2362778186798096,0.1503007398694378,1.2508561611175537,0.0772647977652631,2.5385570526123047,0.1873642495055911,1.2346062660217283,0.1583580297259973,1.2332634925842283,0.1549803673566152,1.255856990814209,0.1235327654364735,1.2672476768493652,0.0636403688087103,2.563806772232056,0.1537429319529969,1.2584309577941897,0.1300913367422768,1.2495665550231934,0.321397756686799,0.9354190826416016,90342,0.2453949451446533,0.0012942191544434,0.7188494205474854,0.0308592324223145,0.3288145065307617,4.183270343196755,0.021517276763916,-,15.0,0.4693701466781708,0.0271918773651123,351,0,0,['cluster'],['intersecting']
figure_ascending_markersize160_interleaved_100_200_15d_25_cramped_rotated_pca.png,interleaved_100_200_15d_25_cramped_rotated_pca,2318,15,160,0.228257725456294,1.3668642044067385,0.1834103570780327,1.3653779029846191,0.0805479302993796,2.70939302444458,0.2271559502779574,1.9554839134216309,0.1924107579916631,1.404475450515747,0.1745079271628516,1.4476263523101809,0.1411450896873782,1.493697166442871,0.0624734037890579,2.123569965362549,0.1731117410762734,1.997807025909424,0.1475201309593266,1.4104230403900146,0.1412472334023125,1.47670578956604,0.1147109766963827,1.4291908740997314,0.0510239101391988,2.1724555492401123,0.139841179753298,1.985928297042847,0.1196135463517925,0.8659272193908691,0.219585849870578,0.9433596134185792,108807,0.909315586090088,0.0012942191544434,0.7648437023162842,0.0308592324223145,0.327885627746582,4.183270343196755,0.0220372676849365,-,15.0,0.4693701466781708,0.0276777744293212,482,0,0,['cluster'],['intersecting']
figure_descending_markersize10_interleaved_100_200_15d_25_cramped_rotated_pca.png,interleaved_100_200_15d_25_cramped_rotated_pca,2318,15,10,0.4405410814586851,0.983246088027954,0.4759439655984834,1.585644006729126,0.5257452932420229,2.309489250183105,0.4387234602747634,0.4163227081298828,0.4638196476610111,1.5740423202514648,0.3982525403042493,0.4102375507354736,0.4142417505259578,1.6194326877593994,0.4279680996940372,1.6602494716644287,0.396922623075669,1.6073393821716309,0.408214150553194,0.3929576873779297,0.3633716669034715,1.009458303451538,0.3667018729970739,1.642603635787964,0.3608566151803436,1.6956734657287598,0.3623943005016674,1.6237177848815918,0.3645140120509305,0.3951611518859863,0.9603106125970664,1.018113374710083,5089,0.7938270568847656,0.0012942191544434,0.7949099540710449,0.0308592324223145,0.3292889595031738,4.183270343196755,0.0213522911071777,-,15.0,0.4693701466781708,0.0268309116363525,0,0,3715,['cluster'],['intersecting']
figure_descending_markersize60_interleaved_100_200_15d_25_cramped_rotated_pca.png,interleaved_100_200_15d_25_cramped_rotated_pca,2318,15,60,0.1633522140500525,1.1730008125305176,0.1887101025424105,1.1996126174926758,0.2417416386973297,2.465259313583374,0.1624135182955106,1.1764938831329346,0.1800033432819239,1.1750025749206543,0.1351923152700155,1.2036938667297363,0.1459023544809998,1.187293529510498,0.159788638743724,2.473299741744995,0.1346562479442873,1.2080936431884766,0.1420006727736468,0.5415871143341064,0.1153136670864383,1.1808288097381592,0.1189249477026449,1.8272528648376465,0.1193333554615205,1.824513912200928,0.115001863034446,1.1835622787475586,0.1172472052635046,1.161886215209961,0.600086281276963,1.1329498291015625,57389,0.8848638534545898,0.0012942191544434,0.8344278335571289,0.0308592324223145,0.3239195346832275,4.183270343196755,0.0208106040954589,-,15.0,0.4693701466781708,0.0275044441223144,162,0,77247,['cluster'],['intersecting']
figure_descending_markersize110_interleaved_100_200_15d_25_cramped_rotated_pca.png,interleaved_100_200_15d_25_cramped_rotated_pca,2318,15,110,0.1305601022853127,0.6944663524627686,0.153661696299912,1.3838772773742676,0.2129222372536915,2.6402406692504883,0.1300929583220401,1.358102560043335,0.1460906897146762,1.3552117347717283,0.1028946730911624,1.3866078853607178,0.1125044460255118,0.7108631134033203,0.1267085398746588,3.3528800010681152,0.1026698980758961,0.7081079483032227,0.1090626362377918,1.376244068145752,0.0849037378341152,1.3765556812286377,0.0887368724733733,1.3747971057891846,0.0901899861091062,2.65450119972229,0.0847953807665211,1.4088177680969238,0.0870093114029969,1.388255596160889,0.321397756686799,1.1165378093719482,90342,0.2512245178222656,0.0012942191544434,0.881216287612915,0.0308592324223145,0.3348610401153564,4.183270343196755,0.0215222835540771,-,15.0,0.4693701466781708,0.0267598628997802,394,0,184403,['cluster'],['intersecting']
figure_descending_markersize160_interleaved_100_200_15d_25_cramped_rotated_pca.png,interleaved_100_200_15d_25_cramped_rotated_pca,2318,15,160,0.1200599366546181,1.585334539413452,0.142543954542031,1.5750365257263184,0.2077861034499393,2.163968563079834,0.1197968342808675,1.5384018421173096,0.1354716566441303,1.5693607330322266,0.0915811717501886,1.5458652973175049,0.101403098352056,1.575578212738037,0.1175326804515035,2.8362152576446533,0.0915560332413449,1.5535104274749756,0.0982326202592628,1.5614056587219238,0.0740226591701679,1.598203182220459,0.0786913114062888,0.8464486598968506,0.0819410028933771,2.8599283695220947,0.0740900982232645,1.5713717937469482,0.0770521822918119,1.5932800769805908,0.219585849870578,1.1269123554229736,108807,1.0428504943847656,0.0012942191544434,0.1588282585144043,0.0308592324223145,0.3301112651824951,4.183270343196755,0.0215466022491455,-,15.0,0.4693701466781708,0.0265619754791259,488,0,289278,['cluster'],['intersecting']
figure_category_based_markersize10_interleaved_100_200_6d_0_notcramped_notrotated_umap.png,interleaved_100_200_6d_0_notcramped_notrotated_umap,837,6,10,0.8677527997099914,0.3212428092956543,0.8925834888800585,1.064747333526611,0.9775117739593616,1.5665934085845947,0.8817859267546302,1.0550651550292969,0.8955862296561766,1.0819830894470217,0.5576917495342092,1.0699269771575928,0.581379051954827,0.3294737339019775,0.5629525055898252,1.5943200588226318,0.5636458418392312,1.073563814163208,0.5759467916148184,1.129256010055542,0.410878660562879,1.0776724815368652,0.4310803684199406,0.3339006900787353,0.3953050423873142,1.57865571975708,0.4142046811001837,1.0883395671844482,0.4244561560012,1.0913147926330566,0.961768219832736,0.1520528793334961,1586,0.8975157737731934,0.0,0.9185001850128174,0.0298573605532854,0.0921378135681152,4.3766099928604,0.0084202289581298,-,15.0,0.082437275985663,0.0057113170623779,0,0,36,['cluster'],['intersecting']
figure_category_based_markersize60_interleaved_100_200_6d_0_notcramped_notrotated_umap.png,interleaved_100_200_6d_0_notcramped_notrotated_umap,837,6,60,0.5059390929284772,0.3879556655883789,0.566526078991554,1.152763605117798,0.9476793496219093,1.71032977104187,0.5245767703478836,1.1813035011291504,0.5723093273596481,0.3937511444091797,0.2529028384311902,1.17081880569458,0.2669309224294955,1.169067621231079,0.2779873146118453,1.7097558975219729,0.2570355220178237,1.1511518955230713,0.2660613169813739,0.3924074172973633,0.1685870734917774,1.1838343143463137,0.1745983387059206,1.194218635559082,0.1628833303332111,1.743788719177246,0.1702206752345211,0.4042162895202636,0.1733175136298901,1.180968999862671,0.8446833930704899,1.0335729122161863,21346,0.1446468830108642,0.0,0.9693186283111572,0.0298573605532854,0.0930855274200439,4.3766099928604,0.0083131790161132,-,15.0,0.082437275985663,0.0058021545410156,1,0,1175,['cluster'],['intersecting']
figure_category_based_markersize110_interleaved_100_200_6d_0_notcramped_notrotated_umap.png,interleaved_100_200_6d_0_notcramped_notrotated_umap,837,6,110,0.3917577559705211,1.2776663303375244,0.451293070350539,0.4350178241729736,0.93119636871559,1.7898924350738523,0.41289271506659,1.2820825576782229,0.4595968138727901,1.2722063064575195,0.1930755222267106,1.2850475311279297,0.2046999647419703,0.4461348056793213,0.2205288334923506,1.7870855331420898,0.1973851803188427,1.2834737300872805,0.204668984583546,1.259190559387207,0.1281058780536998,0.4387524127960205,0.1323706913410262,1.2776122093200684,0.1250747083558585,1.833657503128052,0.1296926648896704,0.4521830081939697,0.1316472624329748,1.267047882080078,0.7096774193548387,1.0635645389556885,40929,1.0531909465789795,0.0,0.1312289237976074,0.0298573605532854,0.0993158817291259,4.3766099928604,0.0085909366607666,-,15.0,0.082437275985663,0.0055186748504638,5,0,3220,['cluster'],['intersecting']
figure_category_based_markersize160_interleaved_100_200_6d_0_notcramped_notrotated_umap.png,interleaved_100_200_6d_0_notcramped_notrotated_umap,837,6,160,0.3346341972222175,1.3135404586791992,0.3912122514801367,1.331136703491211,0.9233982895513572,1.870182037353516,0.356745902549629,0.4967656135559082,0.4002453486559532,1.3886125087738037,0.1673744473953951,1.377770185470581,0.1784902469225259,0.4934926033020019,0.1978950169539776,1.8617031574249268,0.1717219988816927,1.375441074371338,0.1783457098810721,1.3852684497833252,0.1115957149293898,0.5076472759246826,0.1156211469505433,1.3395633697509766,0.1108228194822676,1.9001364707946775,0.1130759203920496,0.5045764446258545,0.1147353788502141,1.3642082214355469,0.5878136200716846,1.090254545211792,55059,1.1108767986297607,0.0,0.129997968673706,0.0298573605532854,0.0983002185821533,4.3766099928604,0.0083963871002197,-,15.0,0.082437275985663,0.0055465698242187,5,0,5596,['cluster'],['intersecting']
figure_ascending_markersize10_interleaved_100_200_6d_0_notcramped_notrotated_umap.png,interleaved_100_200_6d_0_notcramped_notrotated_umap,837,6,10,0.912071349961126,1.2293624877929688,0.9195824665369884,0.3462741374969482,0.91969717507295,1.7461788654327393,0.905698053233304,1.2374885082244873,0.9095828030128426,1.2169339656829834,0.5806595637901715,0.3473231792449951,0.5958330785458572,1.231532096862793,0.535353633688483,1.78013277053833,0.5773522383681375,0.3496921062469482,0.5834717064883537,1.2061288356781006,0.4259028022376717,1.2341935634613037,0.4406849627619946,1.2445790767669678,0.3775673706768144,0.8783719539642334,0.4237343678273416,1.2527179718017578,0.4294881041858936,1.2624504566192627,0.961768219832736,0.1517279148101806,1586,1.0719361305236816,0.0,1.0616211891174316,0.0298573605532854,0.0991215705871582,4.3766099928604,0.008474588394165,-,15.0,0.082437275985663,0.0055930614471435,0,0,0,['cluster'],['intersecting']
figure_ascending_markersize60_interleaved_100_200_6d_0_notcramped_notrotated_umap.png,interleaved_100_200_6d_0_notcramped_notrotated_umap,837,6,60,0.6077503266858221,1.349637746810913,0.6567902250265976,0.4021246433258056,0.6752368315410768,1.8348503112792969,0.5780877245761853,1.322786808013916,0.6067189541324183,1.3209195137023926,0.2889510123308441,0.4026994705200195,0.2938767326085931,1.313981056213379,0.2352120078795236,1.8582558631896973,0.2768594360064377,0.3962788581848144,0.2767151852271257,1.3157072067260742,0.1895312073544187,0.3974666595458984,0.189285732745761,1.3290109634399414,0.142409460775485,1.8632397651672363,0.1820153835431684,1.349573850631714,0.1792295026527285,0.3853898048400879,0.8446833930704899,1.1612441539764404,21346,0.1476261615753173,0.0,1.0662336349487305,0.0298573605532854,0.0988717079162597,4.3766099928604,0.0084989070892333,-,15.0,0.082437275985663,0.0057544708251953,0,0,0,['cluster'],['intersecting']
figure_ascending_markersize110_interleaved_100_200_6d_0_notcramped_notrotated_umap.png,interleaved_100_200_6d_0_notcramped_notrotated_umap,837,6,110,0.502124958818658,1.4154574871063232,0.550851383320226,0.4490249156951904,0.5477588371233499,1.8968563079833984,0.474615050056151,1.3799207210540771,0.5004434723050988,0.4521772861480713,0.232820233160945,1.3875961303710938,0.2326968456664323,1.3907408714294434,0.1723579483644363,0.966454029083252,0.2202111726334311,1.3789918422698977,0.2172935736608162,1.3798460960388184,0.1515431054062253,0.4482436180114746,0.1475034591086986,1.37438702583313,0.1022689646418922,1.9172606468200684,0.1433646408657475,0.4476027488708496,0.1387749750622012,1.3657634258270264,0.7096774193548387,1.1880223751068115,40929,0.1621794700622558,0.0,1.1012294292449951,0.0298573605532854,0.0986714363098144,4.3766099928604,0.0084476470947265,-,15.0,0.082437275985663,0.0055499076843261,2,0,0,['cluster'],['intersecting']
figure_ascending_markersize160_interleaved_100_200_6d_0_notcramped_notrotated_umap.png,interleaved_100_200_6d_0_notcramped_notrotated_umap,837,6,160,0.4461765171119471,1.4308533668518066,0.491668346407592,0.4840521812438965,0.4681986052792121,1.9466395378112795,0.4229640050834415,1.4382023811340332,0.4442950760416966,0.4831640720367431,0.2093874728687275,0.4883646965026855,0.2074387614992896,1.446767807006836,0.1443343430879661,1.9991166591644287,0.1964123625046113,0.4882543087005615,0.1922060654776926,1.4416038990020752,0.1367913386233799,0.4921581745147705,0.131449084642128,1.4441134929656982,0.0853178969789252,1.99348783493042,0.1279035536585686,0.4853651523590088,0.1226280297318685,1.4646482467651367,0.5878136200716846,1.2158608436584473,55059,0.1690576076507568,0.0,1.14186692237854,0.0298573605532854,0.0984199047088623,4.3766099928604,0.008481740951538,-,15.0,0.082437275985663,0.0055625438690185,3,0,0,['cluster'],['intersecting']
figure_descending_markersize10_interleaved_100_200_6d_0_notcramped_notrotated_umap.png,interleaved_100_200_6d_0_notcramped_notrotated_umap,837,6,10,0.8481819895070195,1.3116090297698977,0.8850753978503731,1.3107247352600098,0.9976931436786486,0.8623313903808594,0.8503762946084787,1.3088514804840088,0.8744845418940836,1.3130648136138916,0.5462839621050412,0.3426964282989502,0.5771231339550678,1.318004131317139,0.5786367961356438,1.8554022312164309,0.5482556472574303,0.3401713371276855,0.5669206132787872,1.3211936950683594,0.4028834611519862,0.3372950553894043,0.4281522581350039,1.3246476650238037,0.407483445564472,1.8635828495025637,0.4045334862409709,0.3455677032470703,0.4194103077514025,1.3296973705291748,0.961768219832736,1.1840782165527344,1586,0.12874436378479,0.0,1.1556050777435305,0.0298573605532854,0.0979533195495605,4.3766099928604,0.0084545612335205,-,15.0,0.082437275985663,0.0055494308471679,0,0,113,['cluster'],['intersecting']
figure_descending_markersize60_interleaved_100_200_6d_0_notcramped_notrotated_umap.png,interleaved_100_200_6d_0_notcramped_notrotated_umap,837,6,60,0.4614497334772044,1.4147307872772217,0.5313640998339929,0.3823559284210205,1.1138528383335131,1.954516887664795,0.4686735607017996,1.398798942565918,0.5269145666451782,0.3767263889312744,0.2342833677930996,1.3960850238800049,0.2552554120230563,1.4125306606292725,0.3080130554189204,0.884575366973877,0.2380677782985211,1.3911514282226562,0.2541541846233578,0.3768019676208496,0.1569960356110458,1.4024841785430908,0.1679729203419678,1.4106969833374023,0.1787167446625295,0.909423828125,0.1595586577004947,1.4117329120635986,0.1674649709548964,1.4184143543243408,0.8446833930704899,0.2035715579986572,21346,1.2063701152801514,0.0,0.1255311965942382,0.0298573605532854,0.0981225967407226,4.3766099928604,0.0082838535308837,-,15.0,0.082437275985663,0.0057873725891113,1,0,3479,['cluster'],['intersecting']
figure_descending_markersize110_interleaved_100_200_6d_0_notcramped_notrotated_umap.png,interleaved_100_200_6d_0_notcramped_notrotated_umap,837,6,110,0.3365989982504946,1.4906384944915771,0.3963774679966531,0.4420452117919922,1.2643593943832911,2.0146708488464355,0.3443883319973877,0.4388360977172851,0.4024544018833368,1.4779057502746582,0.1703875612825854,0.434812068939209,0.1881256711540795,1.478679656982422,0.2581917526365681,2.0223183631896973,0.1744478820550158,0.4406673908233642,0.1900981407978793,1.487278938293457,0.1140634291274217,0.4392850399017334,0.1233297518555591,1.4904935359954834,0.1437759440005347,2.1038475036621094,0.1168081920183925,0.4396746158599853,0.1244380394844054,1.491154432296753,0.7096774193548387,0.2090001106262207,40929,1.2488393783569336,0.0,0.1275970935821533,0.0298573605532854,0.0984325408935546,4.3766099928604,0.009000539779663,-,15.0,0.082437275985663,0.0056018829345703,4,0,9665,['cluster'],['intersecting']
figure_descending_markersize160_interleaved_100_200_6d_0_notcramped_notrotated_umap.png,interleaved_100_200_6d_0_notcramped_notrotated_umap,837,6,160,0.2766539126653521,0.7572007179260254,0.3300905100716855,0.7046523094177246,1.407581833657815,1.2592501640319824,0.2842773718111397,0.7170515060424805,0.3396959627545322,0.6940202713012695,0.1423301594592084,0.7437112331390381,0.1592282203119028,0.793071985244751,0.2411297040174398,1.2752833366394043,0.1467775217627498,0.7272846698760986,0.162333357050102,0.8064067363739014,0.09581103494072,0.7480649948120117,0.1049195143299808,0.7667653560638428,0.1318590957888253,1.256260633468628,0.0989278841178473,0.7960734367370605,0.1066493998439275,0.7968213558197021,0.5878136200716846,0.4506800174713135,55059,0.4001162052154541,0.0,0.3614988327026367,0.0298573605532854,0.0958950519561767,4.3766099928604,0.0080692768096923,-,15.0,0.082437275985663,0.0057482719421386,5,0,16478,['cluster'],['intersecting']
figure_category_based_markersize10_cars03Cropped_d1_pca.png,cars03Cropped_d1_pca,7404,2,10,0.5789074862338698,0.6675243377685547,0.4441962278929593,0.744316577911377,0.3138388778725971,1.16646409034729,0.6719238616816361,0.9217774868011476,0.6430475866519607,1.1688270568847656,0.2745574740507912,0.9243628978729248,0.1996490210343653,0.8818068504333496,0.1332221042419338,1.0285696983337402,0.2642098163010608,0.8981161117553711,0.2504828965948378,1.2278101444244385,0.1799513476130542,0.931255340576172,0.128761070627087,0.9065701961517334,0.0845581915708755,0.979278326034546,0.1644337225489568,0.9652509689331056,0.1555335194217185,1.221850872039795,0.0744192328471096,0.5653073787689209,6461,0.5469963550567627,0.690032414910859,0.3623135089874267,0.0308632997334211,1.6281251907348633,0.4934088679736455,0.066232681274414,-,15.0,0.4974338195569962,0.0175538063049316,434,0,430,['linear'],['intersecting']
figure_category_based_markersize60_cars03Cropped_d1_pca.png,cars03Cropped_d1_pca,7404,2,60,0.4193969832802831,1.0665085315704346,0.3538332176998008,1.3084440231323242,0.2186858344918305,1.370683670043945,0.5373651267512185,1.344372272491455,0.5257893098569055,1.6252710819244385,0.2187464603002914,1.304929256439209,0.1689102707512072,1.335608720779419,0.092650883797448,1.5032110214233398,0.2297656008765032,1.3773479461669922,0.2210579666411983,1.6320075988769531,0.1479589944752912,1.3489577770233154,0.1109334213214044,1.3674845695495603,0.0587763683257621,1.5633420944213867,0.1461221139302855,1.3566975593566897,0.1399482544938999,1.887747287750244,0.0366018368449486,0.5503964424133301,17043,0.7394003868103027,0.690032414910859,0.4053845405578613,0.0308632997334211,1.6215002536773682,0.4934088679736455,0.0653140544891357,-,15.0,0.4974338195569962,0.0179610252380371,796,0,5000,['linear'],['intersecting']
figure_category_based_markersize110_cars03Cropped_d1_pca.png,cars03Cropped_d1_pca,7404,2,110,0.3675435503085991,1.8042004108428955,0.3144237266129812,1.8415439128875728,0.1640347583730718,1.8544373512268064,0.4874136739869594,1.7348954677581787,0.478764150004366,2.0011870861053467,0.2011447656297633,1.8698430061340328,0.1570220641067817,1.6672868728637695,0.0712861248210341,1.831395387649536,0.2163269989345378,1.906407356262207,0.2096016140664965,2.011039018630981,0.1384596358842673,1.6930584907531738,0.1046392663376692,1.8691105842590328,0.0455380006187524,1.88814640045166,0.1390121144529389,1.9293327331542969,0.1341705550613823,2.0440597534179688,0.0251215559157212,0.9332778453826904,23398,0.678851842880249,0.690032414910859,0.7141945362091064,0.0308632997334211,1.6068594455718994,0.4934088679736455,0.0657920837402343,-,15.0,0.4974338195569962,0.0173771381378173,1025,0,11297,['linear'],['intersecting']
figure_category_based_markersize160_cars03Cropped_d1_pca.png,cars03Cropped_d1_pca,7404,2,160,0.3428836930684581,2.3303422927856445,0.2958747233624934,2.1511483192443848,0.1294265146918234,2.312782287597656,0.4625159494631119,2.179438829421997,0.4553657402805613,2.6771812438964844,0.1922484917191746,2.1666243076324463,0.151508063628346,1.974160432815552,0.0566363884638932,2.56906533241272,0.2095303204510091,2.2384817600250244,0.2038489795790649,2.4626786708831787,0.1335690964887712,2.1893367767333984,0.1018246083498825,2.1750316619873047,0.0362494912895073,2.3404715061187744,0.1354450053223262,2.204020738601685,0.1313172151842718,2.501953363418579,0.0217450027012425,0.828913688659668,27832,1.1299569606781006,0.690032414910859,0.5102005004882812,0.0308632997334211,1.606658935546875,0.4934088679736455,0.0659267902374267,-,15.0,0.4974338195569962,0.0176599025726318,1075,0,18299,['linear'],['intersecting']
figure_ascending_markersize10_cars03Cropped_d1_pca.png,cars03Cropped_d1_pca,7404,2,10,0.6905046006107549,1.2607572078704834,0.4965608369819455,1.023855686187744,0.2514241115004293,0.9806339740753174,0.7273572741263008,1.282297134399414,0.6582275032978999,1.3461835384368896,0.3042599156320819,0.8085851669311523,0.2194712231519673,1.0145277976989746,0.1168620059237545,1.2195227146148682,0.2777084144544125,1.319143295288086,0.2567061767561047,1.1285877227783203,0.1951177254883291,1.046689510345459,0.140865702524209,1.2820322513580322,0.0761216973757085,0.9857950210571288,0.1716161280210733,1.0786340236663818,0.1594444466929774,1.390312671661377,0.0744192328471096,0.5143370628356934,6461,0.5089476108551025,0.690032414910859,0.753746747970581,0.030863299733421,1.616396188735962,0.4934088679736455,0.0659854412078857,-,15.0,0.4974338195569962,0.017186164855957,404,0,0,['linear'],['intersecting']
figure_ascending_markersize60_cars03Cropped_d1_pca.png,cars03Cropped_d1_pca,7404,2,60,0.6464786307178656,1.1918151378631592,0.4416955867510088,1.424574375152588,0.0762056909583344,1.6277334690093994,0.6355482935698715,1.5155179500579834,0.5614186392415448,1.7536656856536863,0.2791925823239869,1.4523818492889404,0.2011466962952555,1.4477412700653076,0.0412521830486823,1.356654167175293,0.2561201681800579,1.4700071811676023,0.2361454882199792,1.7377495765686035,0.1780413561908084,1.4647345542907717,0.1302254705042271,1.4735121726989746,0.0282806204504759,1.6633853912353516,0.160374894229074,1.2136659622192385,0.14951810777469,1.7812352180480957,0.0366018368449486,0.6595311164855957,17043,0.976327419281006,0.690032414910859,0.536482572555542,0.030863299733421,1.615262508392334,0.4934088679736455,0.0670959949493408,-,15.0,0.4974338195569962,0.0177357196807861,693,0,0,['linear'],['intersecting']
figure_ascending_markersize110_cars03Cropped_d1_pca.png,cars03Cropped_d1_pca,7404,2,110,0.6256554564009353,1.8688971996307373,0.4141228134848402,1.8995153903961184,-0.0079337672405943,2.114030361175537,0.589318964649332,1.9682767391204836,0.5198895732462891,1.94111967086792,0.2716599564114209,1.934133768081665,0.1944531855009096,1.636124849319458,-0.0049053957162852,2.161146640777588,0.2454391784444909,1.669921875,0.2278653269852188,2.2365710735321045,0.1734960119272368,1.9234771728515625,0.1270565803595087,1.9355146884918213,-0.0035502440418486,1.8449242115020752,0.1549958809877288,1.963366270065308,0.1459081059561872,1.9082272052764893,0.0251215559157212,0.7942018508911133,23398,1.17987060546875,0.690032414910859,0.5839171409606934,0.030863299733421,1.6183068752288818,0.4934088679736455,0.0663478374481201,-,15.0,0.4974338195569962,0.0179090499877929,925,0,0,['linear'],['intersecting']
figure_ascending_markersize160_cars03Cropped_d1_pca.png,cars03Cropped_d1_pca,7404,2,160,0.6160227797824605,2.3705859184265137,0.4020797211513793,2.403329849243164,-0.0549274387858367,2.2997689247131348,0.5632244509766446,2.407613039016724,0.4987693385914821,2.705531597137451,0.2669132026929145,2.074681043624878,0.1917519327916029,2.145103454589844,-0.0371899614029462,2.6403870582580566,0.2395471455057489,2.4252161979675293,0.2234300207605049,2.354783535003662,0.1703648332923267,2.4580283164978027,0.1258958495277599,2.0976402759552,-0.0281119064895734,2.296799659729004,0.1521237369637289,2.4640092849731445,0.1439591751773186,2.372687816619873,0.0217450027012425,1.3927903175354004,27832,0.973294734954834,0.690032414910859,0.2042789459228515,0.030863299733421,1.638054609298706,0.4934088679736455,0.0651259422302246,-,15.0,0.4974338195569962,0.0168402194976806,902,0,0,['linear'],['intersecting']
figure_descending_markersize10_cars03Cropped_d1_pca.png,cars03Cropped_d1_pca,7404,2,10,0.4906643960274831,1.263369083404541,0.3961563181530975,1.260820388793945,0.3921958316008929,1.0985090732574463,0.5859332400303517,0.9578707218170166,0.5860049780676779,1.5968639850616455,0.2517299885472985,0.931779146194458,0.1836909895692674,1.2956297397613523,0.1479771152357667,1.097562551498413,0.2492268731881977,1.3227043151855469,0.2411105664462887,1.2438476085662842,0.1692915917607691,1.311856985092163,0.1195658197433693,0.9327869415283204,0.0911921450464572,1.4871811866760254,0.1582744857494217,1.3707938194274902,0.151780088984091,1.248873949050903,0.0744192328471096,0.6612298488616943,6461,0.6435775756835938,0.690032414910859,0.621877908706665,0.030863299733421,1.6191723346710205,0.4934088679736455,0.0656030178070068,-,15.0,0.4974338195569962,0.017618179321289,1100,0,30674,['linear'],['intersecting']
figure_descending_markersize60_cars03Cropped_d1_pca.png,cars03Cropped_d1_pca,7404,2,60,0.3546937353507792,0.8925631046295166,0.2934613465037911,1.7116928100585938,0.3657521584325477,1.519376277923584,0.499870976887627,1.3188605308532717,0.4966443513699771,1.9919593334198,0.1987405651649858,1.3133459091186523,0.1492370251821696,1.6998786926269531,0.1285612891378509,1.4916903972625732,0.2202264331222736,1.344672918319702,0.2141440161091163,2.0377068519592285,0.1380445718162611,1.3136992454528809,0.1000610748251624,1.289722919464111,0.0779867530275375,1.9220616817474363,0.1412220787715594,1.32326340675354,0.1365002133816323,1.6067376136779783,0.0366018368449486,0.7818474769592285,17043,1.2538771629333496,0.690032414910859,0.2015864849090576,0.030863299733421,1.6265220642089844,0.4934088679736455,0.0658566951751709,-,15.0,0.4974338195569962,0.0176005363464355,1399,0,253324,['linear'],['intersecting']
figure_descending_markersize110_cars03Cropped_d1_pca.png,cars03Cropped_d1_pca,7404,2,110,0.3110225775176901,2.094969749450684,0.2536499787075673,1.704930305480957,0.3708386459428732,1.908735990524292,0.4584901381303092,2.1579952239990234,0.4549831289313699,2.0527303218841557,0.1819454978830378,1.742872953414917,0.1369118766159085,1.7293765544891355,0.124093567216784,2.3391828536987305,0.2079137877073418,1.74969744682312,0.2030748480266706,2.0513710975646973,0.1285825989628836,1.733811378479004,0.0937602919443383,2.149228572845459,0.0745140919339475,1.8882837295532229,0.1344393266132668,1.7723088264465332,0.1307069635828009,2.4830305576324463,0.0251215559157212,0.9577174186706544,23398,0.9609131813049316,0.690032414910859,0.7387688159942627,0.030863299733421,1.6217081546783447,0.4934088679736455,0.0666995048522949,-,15.0,0.4974338195569962,0.0175533294677734,1399,0,531742,['linear'],['intersecting']
figure_descending_markersize160_cars03Cropped_d1_pca.png,cars03Cropped_d1_pca,7404,2,160,0.290442258414518,2.5688154697418213,0.237457736632814,2.155322790145874,0.3962695911276461,2.333778619766236,0.4371937880380742,2.1442582607269287,0.4338737765972021,2.9613845348358154,0.1739318352327494,2.1728689670562744,0.1320820573143613,2.144474506378174,0.1241138200199019,2.3506484031677246,0.2016943533621693,2.697366714477539,0.1976583453908932,2.536956310272217,0.1241352061793138,2.2656023502349854,0.0914843913118772,2.252072095870972,0.0735796926497482,2.406577110290528,0.1310842972618909,2.231442928314209,0.1279811281721878,2.544248580932617,0.0217450027012425,1.0962746143341064,27832,1.1141748428344729,0.690032414910859,0.790412425994873,0.030863299733421,1.7097582817077637,0.4934088679736455,0.0702457427978515,-,15.0,0.4974338195569962,0.0179691314697265,1398,0,809223,['linear'],['intersecting']
figure_category_based_markersize10_wine_tsne.png,wine_tsne,178,3,10,0.9706408969523906,0.3103780746459961,0.9709195884482298,0.316535472869873,0.9849734015937976,0.5794966220855713,0.9767065562220238,0.3126587867736816,0.9806972629050952,0.8164010047912598,0.8181124847346365,1.2988903522491455,0.8065496912881644,0.8274233341217041,0.7949075220901058,1.060633420944214,0.8499617006039893,0.8045961856842041,0.847348340615785,0.8301246166229248,0.7070113379233034,0.8179483413696289,0.689775519156653,1.3308451175689695,0.6663290143409497,1.0887553691864014,0.7523332306342336,0.8440725803375244,0.7459225743177456,0.8304214477539062,0.9831460674157304,0.6454508304595947,125,0.6537573337554932,0.0,0.1181938648223877,0.0296371241942287,0.0360465049743652,9.34660041166791,0.0026121139526367,0.02175901633070511,2.602189302444458,0.2696629213483146,0.000892162322998,0,0,0,"['lip_cluster',linear']",['intersecting']
figure_category_based_markersize60_wine_tsne.png,wine_tsne,178,3,60,0.8037910439396659,1.378389596939087,0.8078762324704148,0.8557932376861572,0.8951095039432677,0.5903382301330566,0.8010966463757571,0.8614683151245117,0.8216272433099236,0.8933641910552979,0.5428004809728245,0.8563456535339355,0.5310605768233263,0.8690662384033203,0.5192990496420915,1.1008858680725098,0.5526602732290822,0.8699533939361572,0.5606603664877716,0.8930041790008545,0.4097536644342207,0.8511924743652344,0.3955327985002113,0.8739807605743408,0.3657425565693568,1.675657033920288,0.4218393163755695,0.9003212451934814,0.4255092677708987,0.3211255073547363,0.9831460674157304,0.694817304611206,2314,0.6670382022857666,0.0,0.6665370464324951,0.0296371241942287,0.0359790325164794,9.34660041166791,0.0025281906127929,0.036125981081422134,2.8660268783569336,0.2696629213483146,0.0008919239044189,0,0,77,"['lip_cluster',linear']",['intersecting']
figure_category_based_markersize110_wine_tsne.png,wine_tsne,178,3,110,0.6002755237171763,0.8781833648681641,0.5983601947342636,1.4363131523132324,0.7674713171937986,1.1764123439788818,0.5924570313594677,0.92283034324646,0.6073081492729369,0.3403377532958984,0.3822258899865826,1.4655027389526367,0.3688457925874771,0.9118106365203856,0.3801676526503696,1.1806318759918213,0.3840285846190692,0.9209098815917968,0.388413241847463,0.337651252746582,0.2803785808144422,1.4991178512573242,0.2665894582477072,0.9270286560058594,0.2526620109963976,1.1893155574798584,0.2840861039713077,0.3465006351470947,0.2855067227687453,1.466977596282959,0.9775280898876404,0.1272125244140625,7079,0.7336628437042236,0.0,0.7155430316925049,0.0296371241942287,0.0365700721740722,9.34660041166791,0.0025463104248046,0.04700953656063339,3.1359059810638428,0.2696629213483146,0.0008652210235595,0,0,649,"['lip_cluster',linear']",['intersecting']
figure_category_based_markersize160_wine_tsne.png,wine_tsne,178,3,160,0.4961931712309,0.9129173755645752,0.4847439636871997,1.53450345993042,0.6582242042345846,0.6224844455718994,0.4805088936063394,1.5588650703430176,0.4898306014867872,0.360353946685791,0.3106288849552291,1.53658127784729,0.2943822815174371,0.3553483486175537,0.309156200647544,1.7778329849243164,0.3080730376218132,0.3577053546905517,0.3097359260786073,1.5207898616790771,0.2260803014396983,0.3526630401611328,0.2113743750445275,1.530195713043213,0.2020209156541506,0.6106781959533691,0.2267141814837473,0.940842628479004,0.2264702351228636,1.5487847328186035,0.9662921348314608,0.1344735622406005,12506,0.7472248077392578,0.0,0.7469885349273682,0.0296371241942287,0.0372631549835205,9.34660041166791,0.0026571750640869,0.05484364383731873,3.514601469039917,0.2696629213483146,0.0008881092071533,0,0,1619,"['lip_cluster',linear']",['intersecting']
figure_ascending_markersize10_wine_tsne.png,wine_tsne,178,3,10,0.9706536232367188,0.9265856742858888,0.9728832344305838,0.9188680648803712,0.9838085309223228,1.1726853847503662,0.976709581316022,0.9256911277770996,0.9806983342246164,1.536414623260498,0.8196610077497343,0.3185579776763916,0.8084434935760171,0.923103094100952,0.7916716553293179,1.7874391078948977,0.8504423016408666,0.3206105232238769,0.8475536207309302,0.928823471069336,0.7093207283460812,1.56842041015625,0.6915547632258103,0.3143978118896484,0.662320992018117,1.2019736766815186,0.7530848322807464,0.9235665798187256,0.7462401688636116,0.9269967079162598,0.9831460674157304,0.7775578498840332,125,0.7659854888916016,0.0,0.7928907871246338,0.0296371241942287,0.0366168022155761,9.34660041166791,0.0025615692138671,0.02175901633070511,2.3249404430389404,0.2696629213483146,0.0007901191711425,0,0,0,"['lip_cluster',linear']",['intersecting']
figure_ascending_markersize60_wine_tsne.png,wine_tsne,178,3,60,0.8206431212170638,1.004944086074829,0.8172645312444085,0.3315198421478271,0.8542442689433905,1.2463953495025637,0.8387476459217722,0.9648842811584472,0.849081160482588,1.002277135848999,0.556797080298569,0.9562511444091796,0.5405063973069608,0.9821929931640624,0.4939792996597598,1.869282960891724,0.5737494394108589,0.3327763080596924,0.5751844217369422,1.0162765979766846,0.4213335732751653,0.9620039463043212,0.4037729029647191,0.9738116264343262,0.3474481481318637,1.2260620594024658,0.4359980067822232,0.9945037364959716,0.4348956970885594,0.9938390254974364,0.9831460674157304,0.7996103763580322,2314,0.8114619255065918,0.0,0.8500757217407227,0.0296371241942287,0.0358517169952392,9.34660041166791,0.0025186538696289,0.03612598108142213,2.63051986694336,0.2696629213483146,0.000779390335083,0,0,0,"['lip_cluster',linear']",['intersecting']
figure_ascending_markersize110_wine_tsne.png,wine_tsne,178,3,110,0.6493482499659103,0.3372163772583008,0.6232732073137868,1.0052409172058103,0.613738231605357,1.2524244785308838,0.6718548604065984,1.0088491439819336,0.6645097532970933,1.0253584384918213,0.410408878562283,1.0115044116973877,0.3832822561166383,0.349327802658081,0.323283892117701,1.232680320739746,0.4197607129403358,0.9988229274749756,0.4119247522149484,1.7020633220672607,0.3000135098742145,0.3380084037780761,0.2767282282266343,1.0317699909210205,0.2194352072755566,1.2706708908081057,0.3052314281347434,1.0111002922058103,0.2984729922008992,1.021629810333252,0.9775280898876404,0.8511459827423096,7079,0.8632628917694092,0.0,0.1172535419464111,0.0296371241942287,0.0364191532135009,9.34660041166791,0.002542495727539,0.04700953656063339,2.87004017829895,0.2696629213483146,0.0008227825164794,0,0,0,"['lip_cluster',linear']",['intersecting']
figure_ascending_markersize160_wine_tsne.png,wine_tsne,178,3,160,0.5601454826314347,1.0629045963287354,0.5142229329648815,1.0641911029815674,0.4677945485362308,0.6154148578643799,0.5833981372647563,1.071324110031128,0.5611940292696138,1.027693271636963,0.3458324747058137,1.043269395828247,0.3106259800409403,1.0466442108154297,0.2449134878892409,1.3491277694702148,0.3534565240709874,1.0647549629211426,0.3390384124852175,1.0846476554870603,0.2501315445768627,1.1106750965118408,0.2225223982391752,0.3592760562896728,0.1658798906089527,1.3566014766693115,0.2535298165752266,1.0695829391479492,0.2428881326980735,1.0766563415527344,0.9662921348314608,0.8904001712799072,12506,0.1263105869293213,0.0,0.8702800273895264,0.0296371241942287,0.0358297824859619,9.34660041166791,0.0025522708892822,0.054843643837318705,3.248701572418213,0.2696629213483146,0.0008020401000976,0,0,0,"['lip_cluster',linear']",['intersecting']
figure_descending_markersize10_wine_tsne.png,wine_tsne,178,3,10,0.967975818841412,1.0422170162200928,0.9709179129101186,1.0622153282165527,0.9897934885948154,0.5806403160095215,0.9604237632070394,1.0325312614440918,0.9692475347535872,1.0370862483978271,0.8144262935261033,1.0558712482452393,0.8063474623084499,1.0721924304962158,0.8057112631511162,0.5746757984161377,0.8366100989416521,1.0339665412902832,0.8383367768858074,1.0372576713562012,0.7029221073507399,1.0524601936340332,0.6894805973736107,1.0737800598144531,0.679363030018622,1.318394660949707,0.7410740481775048,0.3183507919311523,0.7385808567181231,1.046727180480957,0.9831460674157304,0.8560895919799805,125,0.873713493347168,0.0,0.1092324256896972,0.0296371241942287,0.0358374118804931,9.34660041166791,0.0024845600128173,0.021759016330705108,2.381476402282715,0.2696629213483146,0.0008094310760498,0,0,7,"['lip_cluster',linear']",['intersecting']
figure_descending_markersize60_wine_tsne.png,wine_tsne,178,3,60,0.7473514235721008,1.0977201461791992,0.7954746236580692,1.0998921394348145,1.012663881170881,1.3614180088043213,0.6889665157170787,0.3215146064758301,0.7395000003331903,1.085019826889038,0.5142837933075153,1.1137306690216064,0.5247021007957013,1.0873777866363523,0.5755479311650167,0.5735118389129639,0.4977553667318382,1.0642342567443848,0.5228723174080074,1.076939582824707,0.3920269843230233,1.076207399368286,0.3914544648725674,1.099276065826416,0.402017319623191,1.370462417602539,0.3896222256590625,0.3356873989105224,0.4044063211094674,1.0878891944885254,0.9831460674157304,0.9195072650909424,2314,0.1175787448883056,0.0,0.9171929359436036,0.0296371241942287,0.0362398624420166,9.34660041166791,0.0024914741516113,0.03612598108142212,2.6989388465881348,0.2696629213483146,0.0008082389831542,0,0,368,"['lip_cluster',linear']",['intersecting']
figure_descending_markersize110_wine_tsne.png,wine_tsne,178,3,110,0.5107770260031435,1.1115639209747314,0.5744410185238024,0.3375813961029053,1.0484893162963027,1.372063159942627,0.4431072049029019,1.1037085056304932,0.5016369765340742,1.1075825691223145,0.3371961582298646,1.1283929347991943,0.3557347591999195,0.3390898704528808,0.4621620203891656,1.3731496334075928,0.3115219569072619,1.1111047267913818,0.3404516500091683,1.127782106399536,0.2516695612728642,1.1546084880828855,0.2576427393833496,0.3378372192382812,0.2964075218949717,1.3909902572631836,0.2401939035302174,1.11100435256958,0.2576605156139976,1.1299984455108645,0.9775280898876404,0.1237452030181884,7079,0.9240767955780028,0.0,0.9562416076660156,0.0296371241942287,0.0358047485351562,9.34660041166791,0.0025982856750488,0.04700953656063339,2.9499685764312744,0.2696629213483146,0.0008063316345214,0,0,1781,"['lip_cluster',linear']",['intersecting']
figure_descending_markersize160_wine_tsne.png,wine_tsne,178,3,160,0.3963858760803568,0.3396320343017578,0.4577601464785796,1.1770014762878418,1.0441949782861135,1.4306180477142334,0.3299495049354678,0.3530452251434326,0.384621506534601,1.1842372417449951,0.2601036617733898,1.1340725421905518,0.2782788440684408,1.1439871788024902,0.3992084432081972,1.41912579536438,0.2331612505895012,0.3444006443023681,0.2604007857930067,1.1455528736114502,0.1935565874966995,1.1826751232147217,0.1999006258064385,0.3524601459503174,0.2467771807762948,1.414738655090332,0.1802780221081923,1.183284044265747,0.1968306425168969,1.1588056087493896,0.9662921348314608,0.1288709640502929,12506,0.9818828105926514,0.0,0.9607248306274414,0.0296371241942287,0.0358788967132568,9.34660041166791,0.0023491382598876,0.05484364383731871,3.3604276180267334,0.2696629213483146,0.0007996559143066,0,0,3877,"['lip_cluster',linear']",['intersecting']
figure_category_based_markersize10_n500-d5-c5-spr0.2-out0_tsne.png,n500-d5-c5-spr0.2-out0_tsne,500,5,10,0.9047469834674968,0.3384013175964355,0.9227918048114854,1.172699213027954,0.9944340922286214,0.7664175033569336,0.9132281516388824,1.1569156646728516,0.928837774346982,1.1804709434509275,0.8891376431112872,1.1778137683868408,0.9111691235254622,0.3403458595275879,0.9900296425322066,1.590700387954712,0.8973617857206333,1.1584806442260742,0.9149303495478082,1.1661546230316162,0.8740577748737539,1.1858677864074707,0.8998355788534071,0.3333995342254638,0.9856640363051096,1.6610405445098877,0.8820373271383862,1.217893123626709,0.901433250814935,0.3305747509002685,1.0,1.018562078475952,59,1.0379350185394287,0.0,0.121328592300415,0.0302675144782818,0.0544953346252441,11.430029516626291,0.0053555965423583,-,15.0,0.424,0.0028958320617675,0,0,26,['cluster'],['intersecting']
figure_category_based_markersize60_n500-d5-c5-spr0.2-out0_tsne.png,n500-d5-c5-spr0.2-out0_tsne,500,5,60,0.676918069906413,0.3522813320159912,0.7080155649728348,1.259963035583496,0.8589874150121029,1.644101619720459,0.687303127142249,0.3589484691619873,0.7186258896045288,1.2233893871307373,0.6175386939293777,1.2227869033813477,0.6444862050831783,1.2612583637237549,0.7530006746229475,0.7913949489593506,0.6252331527157294,1.2273757457733154,0.6514612548515064,1.2382431030273438,0.5677367253198037,0.364267349243164,0.5914189179463416,1.2328307628631592,0.6702957787794577,1.6847472190856934,0.573445590927839,0.3633172512054443,0.5957782758875896,1.206723690032959,1.0,1.1049726009368896,2833,1.0503015518188477,0.0,0.1184666156768798,0.0302675144782818,0.0537900924682617,11.430029516626291,0.0053019523620605,-,15.0,0.424,0.0026161670684814,0,0,823,['cluster'],['intersecting']
figure_category_based_markersize110_n500-d5-c5-spr0.2-out0_tsne.png,n500-d5-c5-spr0.2-out0_tsne,500,5,110,0.5048490356349684,0.3953053951263428,0.5245639156694486,1.2964422702789309,0.6544155468767552,1.755238056182861,0.5143210726236735,0.3968615531921386,0.5369670821247179,1.2650632858276367,0.4294205452328979,1.3213541507720947,0.4384501149665624,1.3195955753326416,0.4942668254774099,0.8423471450805664,0.4353767438201408,1.3058829307556152,0.4478020594745955,1.327467441558838,0.373601489658295,0.4019708633422851,0.3766227307242287,1.3132925033569336,0.3970906992794859,0.8296735286712646,0.3774422599704743,1.292072296142578,0.3840323206745298,1.3084189891815186,1.0,1.2252259254455566,13058,0.1405665874481201,0.0,1.0573999881744385,0.0302675144782818,0.052922248840332,11.430029516626291,0.0051379203796386,-,15.0,0.424,0.0025904178619384,0,0,2785,['cluster'],['intersecting']
figure_category_based_markersize160_n500-d5-c5-spr0.2-out0_tsne.png,n500-d5-c5-spr0.2-out0_tsne,500,5,160,0.3988751009421439,0.4249975681304931,0.4113353677168506,1.380021572113037,0.514491163495137,0.8653674125671387,0.4075845218151842,1.3526842594146729,0.4237249204584266,1.3475043773651123,0.3272170801548785,0.4333336353302002,0.3295226971862124,1.3761484622955322,0.3606941437152486,1.788712501525879,0.3324612695242989,0.434598445892334,0.3387188877170309,1.400217056274414,0.277384821279017,1.369950771331787,0.2748552753039935,0.4374616146087646,0.2776855169823763,1.815176486968994,0.2807207068750251,1.422468662261963,0.2821208987833836,0.4329862594604492,1.0,1.253438949584961,28546,1.1679251194000244,0.0,0.120584487915039,0.0302675144782818,0.0531418323516845,11.430029516626291,0.0052464008331298,-,15.0,0.424,0.0025665760040283,0,0,5729,['cluster'],['intersecting']
figure_ascending_markersize10_n500-d5-c5-spr0.2-out0_tsne.png,n500-d5-c5-spr0.2-out0_tsne,500,5,10,0.9354139294003492,0.602078914642334,0.9530493008072882,0.5561985969543457,0.9798900468034076,1.018587350845337,0.9352476575943556,0.6315066814422607,0.9426048784627188,0.5410332679748535,0.9188326103249256,0.6146643161773682,0.9407066582018858,0.5697281360626221,0.9753335703087692,1.0251548290252686,0.9186809936910196,0.6506040096282959,0.9283225745977042,0.5796177387237549,0.9028288994733268,0.6870663166046143,0.928679619693916,0.6792192459106445,0.9708192728000986,1.0192558765411377,0.9026910270419428,0.6110193729400635,0.9144666202699387,0.6507189273834229,1.0,0.3325927257537842,59,0.352036714553833,0.0,0.3517129421234131,0.0302675144782818,0.0523300170898437,11.430029516626291,0.005293846130371,0.005730921802571743,11.28640604019165,0.424,0.0025997161865234,0,0,0,['cluster'],['intersecting']
figure_ascending_markersize60_n500-d5-c5-spr0.2-out0_tsne.png,n500-d5-c5-spr0.2-out0_tsne,500,5,60,0.7562622298502973,0.5503177642822266,0.7727545327842578,0.6182408332824707,0.7953730333017953,1.0692975521087646,0.7624517832560964,0.750157356262207,0.7634714231560176,0.6588480472564697,0.6849532498868299,0.6718568801879883,0.6987697448574373,0.7798922061920166,0.7007936923721664,1.0158796310424805,0.6887367541084872,0.8496823310852051,0.6890980371223836,0.7351188659667969,0.6259331716230083,0.7201454639434814,0.6377139628494182,0.698218822479248,0.626317116466131,1.1535634994506836,0.6280189055273085,0.6030046939849854,0.6279285296338817,0.7375891208648682,1.0,0.4726128578186035,2833,0.4414074420928955,0.0,0.4174954891204834,0.0302675144782818,0.0517106056213378,11.430029516626291,0.0051023960113525,0.013633478774215106,13.217898845672607,0.424,0.0025491714477539,0,0,0,['cluster'],['intersecting']
figure_ascending_markersize110_n500-d5-c5-spr0.2-out0_tsne.png,n500-d5-c5-spr0.2-out0_tsne,500,5,110,0.5900181510534805,0.6713371276855469,0.5908853029348308,0.7902061939239502,0.5830546991879777,1.1086881160736084,0.5966193506242292,0.830723762512207,0.5838035930146761,0.6835331916809082,0.4938594329026298,0.8278121948242188,0.4866172560467013,0.812546968460083,0.4484774817535736,1.2206130027770996,0.4970326375646514,0.6737966537475586,0.4819388372416797,0.8366055488586426,0.4246514893738972,0.8594436645507812,0.4136281366200769,1.024442195892334,0.3643746845139439,1.108547925949097,0.4259360912397102,0.7304348945617676,0.410340692103515,0.8606646060943604,1.0,0.6071488857269287,13058,0.5244064331054688,0.0,0.308995246887207,0.0302675144782818,0.0521650314331054,11.430029516626291,0.0052471160888671,0.01972300036726091,14.906376361846924,0.424,0.0024607181549072,0,0,0,['cluster'],['intersecting']
figure_ascending_markersize160_n500-d5-c5-spr0.2-out0_tsne.png,n500-d5-c5-spr0.2-out0_tsne,500,5,160,0.4794961372467829,0.5876412391662598,0.4726231915579845,0.8738150596618652,0.4463687506347931,1.3816709518432615,0.4856317207370726,0.7974522113800049,0.4671409708404033,0.7628352642059326,0.3845789070509943,0.9870848655700684,0.3714494783292819,0.8009514808654785,0.3213413919226755,1.1991515159606934,0.3873375600802589,0.9809815883636476,0.3680469654042801,0.8024575710296631,0.3210303082230382,0.8246369361877441,0.3059543132526772,0.8225810527801514,0.2510285829627311,1.221785545349121,0.3221357569540275,0.9946107864379884,0.303636871505877,0.8135809898376465,1.0,0.7115552425384521,28546,0.3680324554443359,0.0,0.58115553855896,0.0302675144782818,0.0519447326660156,11.430029516626291,0.0050530433654785,-,15.0,0.424,0.0024120807647705,0,0,0,['cluster'],['intersecting']
figure_descending_markersize10_n500-d5-c5-spr0.2-out0_tsne.png,n500-d5-c5-spr0.2-out0_tsne,500,5,10,0.9047466603167488,0.9567992687225342,0.9227914796289712,0.7338449954986572,1.0067766186869824,1.1370024681091309,0.9103118516607204,0.9491469860076904,0.9280473610103216,0.7455093860626221,0.8891224517318774,0.9785888195037842,0.9111498080471911,0.5641942024230957,1.0025213366403478,1.3666143417358398,0.8945279398590917,0.7768745422363281,0.9141568384751336,0.7623355388641357,0.8740287160295193,0.7753505706787109,0.8997982128974008,0.7851312160491943,0.998301874285027,1.1929497718811035,0.8792820542132683,1.0017502307891846,0.900675996067842,0.7802114486694336,1.0,0.3711748123168945,59,0.6455087661743164,0.0,0.3797438144683838,0.0302675144782818,0.0511910915374755,11.430029516626291,0.0050389766693115,0.005730921802571743,11.614928007125854,0.424,0.002535343170166,0,0,38,['cluster'],['intersecting']
figure_descending_markersize60_n500-d5-c5-spr0.2-out0_tsne.png,n500-d5-c5-spr0.2-out0_tsne,500,5,60,0.6528410106580131,0.6052308082580566,0.6999411159393945,0.833301305770874,0.925530254785296,1.275339126586914,0.65877421426808,0.8506360054016113,0.7015276083841616,0.6007843017578125,0.5964997852455343,1.1012187004089355,0.637431737961881,0.5978798866271973,0.8062346988682215,1.5207195281982422,0.6006077767044722,0.5908877849578857,0.6369283773330325,0.8205492496490479,0.5491106556965093,1.129664421081543,0.5851720020694859,0.59525465965271,0.714180869784057,1.2538418769836426,0.5518795944558582,0.8353683948516846,0.5832230621130539,0.8470287322998047,1.0,0.7783248424530029,2833,0.426422119140625,0.0,0.6968283653259277,0.0302675144782818,0.0514843463897705,11.430029516626291,0.0050933361053466,0.013633478774215108,13.335906744003296,0.424,0.0023622512817382,0,0,1423,['cluster'],['intersecting']
figure_descending_markersize110_n500-d5-c5-spr0.2-out0_tsne.png,n500-d5-c5-spr0.2-out0_tsne,500,5,110,0.4526579886576403,0.9021317958831788,0.5053480166567262,0.93009352684021,0.7835693451812625,1.3406832218170166,0.4562236839786833,0.6436119079589844,0.5008166947243613,0.928447723388672,0.3886745958067054,0.9352996349334716,0.4237346977677172,1.2161545753479004,0.5711578442331171,1.0880281925201416,0.3906181929418424,0.9561865329742432,0.4211123680876228,0.9538490772247314,0.340539234906915,0.6656761169433594,0.3648170265022047,0.9438633918762208,0.4493477758534496,1.423358917236328,0.3415088299877477,0.9712076187133788,0.363294517395255,0.9757797718048096,1.0,0.5636792182922363,13058,0.460418701171875,0.0,0.7724008560180664,0.0302675144782818,0.0523698329925537,11.430029516626291,0.0051097869873046,0.01972300036726091,14.753436088562012,0.424,0.0023646354675292,0,0,6272,['cluster'],['intersecting']
figure_descending_markersize160_n500-d5-c5-spr0.2-out0_tsne.png,n500-d5-c5-spr0.2-out0_tsne,500,5,160,0.3362635265057342,1.0219707489013672,0.3870141787745575,1.0196609497070312,0.6748185590550333,1.4567723274230957,0.338771378492308,1.0501134395599363,0.3798789647839763,0.738548994064331,0.2803894398990723,1.056613206863403,0.3111275354583717,0.7583012580871582,0.4402186314344067,1.4496543407440186,0.2817916096285098,1.05525541305542,0.3080020646152687,0.7284479141235352,0.2404378940012751,1.046769142150879,0.2601221727922811,0.7357513904571533,0.3266567668089196,1.4763116836547852,0.2412195964033968,1.069502592086792,0.2589972029906744,0.7455353736877441,1.0,1.000427484512329,28546,0.5065133571624756,0.0,0.4869503974914551,0.0302675144782818,0.0505459308624267,11.430029516626291,0.0050363540649414,-,15.0,0.424,0.0024299621582031,0,0,14236,['cluster'],['intersecting']
figure_category_based_markersize10_world_11d_pca.png,world_11d_pca,151,5,10,0.8287055662098245,0.957477569580078,0.7907313746886857,1.0435893535614014,0.737676117659133,1.035358190536499,0.8562740060414499,0.9713072776794434,0.8379600976201957,1.0112099647521973,0.6747518733167477,0.647709846496582,0.6085580811811024,0.6520519256591797,0.4830010751098815,1.3940632343292236,0.7184246831850338,1.0128962993621826,0.665753503834627,0.6698684692382812,0.569038176812763,0.6481356620788574,0.4946075230601792,0.9992837905883788,0.3590446327864679,1.0648689270019531,0.6188048943503963,0.668203592300415,0.5522602119140384,1.0199718475341797,0.9271523178807948,0.4834797382354736,260,0.5051999092102051,0.0,0.4902956485748291,0.0267949434174919,0.0217351913452148,12.596617213094202,0.0022275447845458,0.04690572637785908,1.823528528213501,0.5629139072847682,0.0008602142333984,0,0,0,['three_order'],['intersecting']
figure_category_based_markersize60_world_11d_pca.png,world_11d_pca,151,5,60,0.4893872717213041,1.0419707298278809,0.4987330494277783,1.06652569770813,0.4318359909695859,1.105149745941162,0.5352985026335464,0.6757214069366455,0.5421173357205378,1.0523831844329834,0.3423999064605451,0.6917059421539307,0.3154417731723631,0.7100410461425781,0.2235172046835964,1.4913644790649414,0.3749052388392835,0.6868224143981934,0.353552462951724,1.0765626430511477,0.2633136934165404,0.7112362384796143,0.2306680737429209,1.1140258312225342,0.1507803690805821,1.1046130657196045,0.2884700131074005,1.110999584197998,0.2623122843637988,0.716339111328125,0.8278145695364238,0.5110611915588379,3320,0.9612038135528564,0.0,0.1123037338256836,0.0267949434174919,0.0208475589752197,12.596617213094202,0.0021827220916748,0.08097092929396618,2.471099615097046,0.5629139072847682,0.0008392333984375,0,0,185,['three_order'],['intersecting']
figure_category_based_markersize110_world_11d_pca.png,world_11d_pca,151,5,110,0.429004214218383,0.7270915508270264,0.4322308442504967,0.7213993072509766,0.332098292102298,1.120293378829956,0.4846395762083255,1.1219367980957031,0.4842946737888385,0.7353630065917969,0.300831318804589,1.1426689624786377,0.2684991378021695,0.74104905128479,0.1704166182604763,1.1515564918518066,0.3330103994923894,0.7297756671905518,0.3083069845757473,1.1515495777130127,0.2316281507351225,0.7485849857330322,0.1947330564255742,0.7450568675994873,0.114615966166107,1.5616660118103027,0.2536507067826595,0.7457685470581055,0.2261326954775778,1.1747703552246094,0.7152317880794702,0.6002967357635498,6197,0.5990512371063232,0.0,0.1111319065093994,0.0267949434174919,0.0213875770568847,12.596617213094202,0.0021688938140869,0.10046714150994247,2.666560173034668,0.5629139072847682,0.0008695125579833,0,0,461,['three_order'],['intersecting']
figure_category_based_markersize160_world_11d_pca.png,world_11d_pca,151,5,160,0.3985472030948449,0.3184850215911865,0.4023423392627224,1.1980018615722656,0.2881331987979013,1.1634550094604492,0.4671656871428841,1.2134943008422852,0.4616105181693701,0.7784979343414307,0.2817761496335719,0.7829697132110596,0.2483137599928897,0.779911994934082,0.1480684881025764,1.1780414581298828,0.3192455401248011,1.2309200763702393,0.2928255958537502,0.7878627777099609,0.2179257088343934,0.7954244613647461,0.1795693048266656,0.7904186248779297,0.0996348795085344,1.1795649528503418,0.2424711379073603,1.2353899478912354,0.2144231483199045,0.7958149909973145,0.609271523178808,0.589118480682373,8413,0.5984528064727783,0.0,0.589505672454834,0.0267949434174919,0.0228335857391357,12.596617213094202,0.0020477771759033,0.11356966805794357,2.527040958404541,0.5629139072847682,0.0008823871612548,1,0,734,['three_order'],['intersecting']
figure_ascending_markersize10_world_11d_pca.png,world_11d_pca,151,5,10,0.8654670943987272,0.7635021209716797,0.7955276129123094,0.7651233673095703,0.6815219506237525,1.1824951171875,0.8641627584887914,0.7668242454528809,0.8380153333708683,1.2457554340362549,0.7041894595646533,0.784735918045044,0.6119044115632009,0.7804303169250488,0.4517177168308762,1.177553653717041,0.7272396006970405,0.7912607192993164,0.6666353812413932,0.780604362487793,0.593577729813157,0.7783770561218262,0.4971520717455275,1.255144119262695,0.3378104840726762,1.1877639293670654,0.6277716719416172,0.776409387588501,0.5534508425714564,0.7779073715209961,0.9271523178807948,0.6062533855438232,260,0.6099967956542969,0.0,0.6383256912231445,0.0267949434174919,0.0234208106994628,12.596617213094202,0.0021822452545166,0.04690572637785909,1.7115440368652344,0.5629139072847682,0.0008187294006347,0,0,0,['three_order'],['intersecting']
figure_ascending_markersize60_world_11d_pca.png,world_11d_pca,151,5,60,0.606891909784055,0.8087310791015625,0.5130954540357406,0.8073451519012451,0.3009868006553479,1.214622974395752,0.5942085213142165,0.8059563636779785,0.5750792073245726,0.8104672431945801,0.4109936637039033,0.7993896007537842,0.3264457222068867,1.2991769313812256,0.177107221214378,1.2257769107818604,0.4195259417654152,0.8183994293212891,0.3729448070945691,0.8188979625701904,0.3107022771173594,0.8384730815887451,0.2393697297778626,0.8280529975891113,0.1254675314017309,1.2581300735473633,0.3242148195363141,0.8366203308105469,0.2759509122782624,0.8427343368530273,0.8278145695364238,0.6721034049987793,3320,0.1163859367370605,0.0,0.6599218845367432,0.0267949434174919,0.0210602283477783,12.596617213094202,0.0021965503692626,0.08097092929396622,1.9084506034851076,0.5629139072847682,0.0008184909820556,0,0,0,['three_order'],['intersecting']
figure_ascending_markersize110_world_11d_pca.png,world_11d_pca,151,5,110,0.5473248644184601,0.8459057807922363,0.4450828437755438,1.3700175285339355,0.211009615039902,1.2648303508758545,0.5427300399519928,0.8552703857421875,0.516304481939305,0.8506028652191162,0.3623519857687022,0.8842473030090332,0.276336888837859,0.3231639862060547,0.1245274328920537,1.7950973510742188,0.3724394882436284,0.882746696472168,0.3264110929560363,0.8763442039489746,0.2708246111092246,0.8849787712097168,0.2003698890991626,0.3182199001312256,0.0883267569891201,1.833295583724976,0.2834898468548746,0.8835840225219727,0.2386406376838017,0.8665041923522949,0.7152317880794702,0.6973891258239746,6197,0.1187560558319091,0.0,0.6885216236114502,0.0267949434174919,0.0215616226196289,12.596617213094202,0.0022404193878173,0.10046714150994247,2.079291343688965,0.5629139072847682,0.0008044242858886,0,0,0,['three_order'],['intersecting']
figure_ascending_markersize160_world_11d_pca.png,world_11d_pca,151,5,160,0.5233937029252832,0.8840055465698242,0.414918938202127,0.8797445297241211,0.1689111745496361,1.2894761562347412,0.525641580664367,0.8974311351776123,0.4929410912802999,0.8704836368560791,0.3483627492451789,1.4646944999694824,0.2551100517116472,0.9263849258422852,0.1014695669406011,0.7229735851287842,0.360800306594128,1.4733343124389648,0.312281713752737,0.9136760234832764,0.2610601838928014,0.3346614837646484,0.1841741207457707,1.501429319381714,0.0725159381516113,0.7349376678466797,0.2746652464458701,1.4996998310089111,0.2285278824650928,0.3295998573303222,0.609271523178808,0.7244844436645508,8413,0.7199625968933105,0.0,0.7238554954528809,0.0267949434174919,0.0310299396514892,12.596617213094202,0.0023396015167236,0.11356966805794358,2.3422975540161133,0.5629139072847682,0.0008280277252197,1,0,0,['three_order'],['intersecting']
figure_descending_markersize10_world_11d_pca.png,world_11d_pca,151,5,10,0.7809548069372231,0.9196717739105223,0.7642146300551294,0.9147236347198486,0.7516800965670644,1.300121545791626,0.712368976245264,0.91426420211792,0.7058210913183782,0.9219491481781006,0.6288141090460417,0.9172639846801758,0.5814180476423512,0.9297981262207032,0.4796297213008066,1.3782634735107422,0.6046387941509751,0.3063395023345947,0.568704640607389,0.894817590713501,0.5262863218055713,0.8915541172027588,0.4691899867040194,0.9274821281433104,0.3521709328219774,0.7114167213439941,0.5252119995581847,1.530550479888916,0.4761962898282543,0.3014371395111084,0.9271523178807948,0.7268750667572021,260,0.7472920417785645,0.0,0.7438740730285645,0.0267949434174919,0.0301415920257568,12.5966172130942,0.0021617412567138,0.04690572637785907,1.8112809658050537,0.5629139072847682,0.0008163452148437,0,0,64,['three_order'],['intersecting']
figure_descending_markersize60_world_11d_pca.png,world_11d_pca,151,5,60,0.4514619247917757,0.3091890811920166,0.4475918988442509,0.9464120864868164,0.4491180267826478,1.352696657180786,0.4108771060060874,0.9601857662200928,0.4009157412778291,0.9418339729309082,0.3108806483230981,0.9732537269592284,0.2881110741631975,0.9639086723327636,0.224901485355466,1.3655800819396973,0.3005600691342142,0.947463035583496,0.284786995506696,0.9736325740814208,0.237061713695309,0.9721460342407228,0.2124229565346088,0.9812006950378418,0.1500105832853343,0.7313399314880371,0.2369428994442305,1.6382231712341309,0.2208235311849321,0.3062686920166015,0.8278145695364238,0.7863481044769287,3320,0.7906694412231445,0.0,0.7897825241088867,0.0267949434174919,0.0292718410491943,12.5966172130942,0.0021710395812988,0.08097092929396618,1.3180510997772217,0.5629139072847682,0.0007658004760742,0,0,1662,['three_order'],['intersecting']
figure_descending_markersize110_world_11d_pca.png,world_11d_pca,151,5,110,0.3857777163279218,0.97538161277771,0.3765410929265707,0.9671363830566406,0.3583310349916684,1.3740003108978271,0.3464925504079855,0.9711339473724364,0.3325048954226099,0.9784383773803712,0.2653266251463064,0.9850869178771972,0.2398194044676617,0.9924705028533936,0.176001694904233,1.3956387042999268,0.2509233059195809,1.0003807544708252,0.2352519214729171,0.9894709587097168,0.2021953275110846,0.9995715618133544,0.1759368961441065,1.0083119869232178,0.1166478484503221,0.7266607284545898,0.1966762503085221,1.0248994827270508,0.1820150859868382,1.0111382007598877,0.7152317880794702,0.8105032444000244,6197,0.8262741565704346,0.0,0.1127376556396484,0.0267949434174919,0.0307872295379638,12.5966172130942,0.0020523071289062,0.10046714150994247,2.1895339488983154,0.5629139072847682,0.0008244514465332,0,0,4593,['three_order'],['intersecting']
figure_descending_markersize160_world_11d_pca.png,world_11d_pca,151,5,160,0.3515044503415756,1.0161175727844238,0.3426526238212966,1.041182041168213,0.3235110516459887,1.4270596504211426,0.3218163876889559,1.042011022567749,0.3060464953603405,0.32704758644104,0.2422762620108339,1.0320401191711426,0.2186988852542909,1.0248463153839111,0.1580811963782846,1.427234411239624,0.2331141601952253,1.020315408706665,0.2177652295724774,1.036623239517212,0.1848386182371122,1.0442748069763184,0.160601639625341,1.0519704818725586,0.1045954907078849,1.4449689388275146,0.1827443486814498,0.3372373580932617,0.1690124102039858,1.0126335620880127,0.609271523178808,0.85784912109375,8413,0.8637433052062988,0.0,0.1134195327758789,0.0267949434174919,0.0309348106384277,12.5966172130942,0.0021994113922119,0.11356966805794352,2.4355685710906982,0.5629139072847682,0.0008015632629394,0,0,7846,['three_order'],['intersecting']
figure_category_based_markersize10_ms_interleaved_400_800_3d_0_pca.png,ms_interleaved_400_800_3d_0_pca,1821,3,10,0.8475700348359091,1.0708107948303225,0.8760817171647757,1.0544307231903076,0.904263927511354,1.3481042385101318,0.8450438065048846,0.364544153213501,0.8651348845184734,1.068662405014038,0.6840576994397172,1.082139492034912,0.6809595604344882,1.0883243083953855,0.6614040865775794,1.346071481704712,0.6794293390881263,0.3556792736053467,0.6801017922297119,1.0561680793762207,0.5734318243634282,1.0766568183898926,0.5569212692033818,1.0852062702178955,0.5213769197820536,1.358776330947876,0.5680926676890228,1.095137596130371,0.5602720693029288,1.121091365814209,0.9813289401427788,0.2963991165161133,2172,0.8996562957763672,0.0,0.9111373424530028,0.0308200409075874,0.2146375179290771,5.4334303056486535,0.0161924362182617,-,15.0,0.0922570016474464,0.0061795711517333,0,0,158,['cluster'],['intersecting']
figure_category_based_markersize60_ms_interleaved_400_800_3d_0_pca.png,ms_interleaved_400_800_3d_0_pca,1821,3,60,0.5729683807991143,0.4454758167266845,0.62458719679095,1.2454097270965576,0.7052750537873098,1.4899601936340332,0.565555012414884,1.2208621501922607,0.603646397746338,1.2140040397644043,0.3144041468968669,0.471104621887207,0.3082819564846217,1.2109053134918213,0.2860639054200052,1.4929745197296145,0.3104533850864402,1.2239248752593994,0.309175895788366,1.255124807357788,0.2166404922418107,1.2664024829864502,0.2046450321313944,0.4687726497650146,0.1794185965956054,1.519327163696289,0.2139487570730199,1.2603065967559814,0.2078047031784965,1.2740905284881592,0.9209225700164744,1.4378304481506348,44838,0.1721210479736328,0.0,0.947840929031372,0.0308200409075874,0.2169797420501709,5.4334303056486535,0.0161709785461425,-,15.0,0.0922570016474464,0.0062856674194335,1,0,3948,['cluster'],['intersecting']
figure_category_based_markersize110_ms_interleaved_400_800_3d_0_pca.png,ms_interleaved_400_800_3d_0_pca,1821,3,110,0.4536337261230988,1.366291046142578,0.5016874378059366,1.3889684677124023,0.601772438980692,1.6632986068725586,0.4458587446660547,0.5910236835479736,0.4820865861428928,1.3626675605773926,0.2224324761124115,1.3853249549865725,0.2186160918366986,1.387618064880371,0.2032759335045005,1.6540322303771973,0.2193051122671933,0.6111810207366943,0.2190593171297449,1.410613775253296,0.1473389596999018,1.4093754291534424,0.1397588013594233,1.4117801189422607,0.122292964276223,0.8703615665435791,0.1454153810807408,1.4211413860321045,0.1417307672204767,1.4115047454833984,0.7303679297089511,1.378911018371582,97323,0.202183723449707,0.0,0.9756255149841307,0.0308200409075874,0.2173335552215576,5.4334303056486535,0.0162124633789062,-,15.0,0.0922570016474464,0.0063762664794921,3,0,11555,['cluster'],['intersecting']
figure_category_based_markersize160_ms_interleaved_400_800_3d_0_pca.png,ms_interleaved_400_800_3d_0_pca,1821,3,160,0.395438632565473,0.6732387542724609,0.4375206655583887,0.7207741737365723,0.5408663253697011,1.7971489429473877,0.3882120446327358,1.506375074386597,0.4207888156685204,1.5173745155334473,0.1869010787516399,0.6982388496398926,0.1848924476459094,1.5132839679718018,0.173310418284775,1.7935192584991455,0.1841913658607097,1.5627009868621826,0.1848956839071777,0.6967320442199707,0.122368909028712,1.541048526763916,0.1172127763851876,1.5442755222320557,0.1031874449315078,1.8316283226013184,0.1207385271340466,0.7093186378479004,0.1184775006500855,1.5444557666778564,0.5475013728720484,1.3535552024841309,133536,0.2312116622924804,0.0,1.01027512550354,0.0308200409075874,0.2139532566070556,5.4334303056486535,0.0161759853363037,-,15.0,0.0922570016474464,0.0064406394958496,9,0,20296,['cluster'],['intersecting']
figure_ascending_markersize10_ms_interleaved_400_800_3d_0_pca.png,ms_interleaved_400_800_3d_0_pca,1821,3,10,0.8630656875386489,0.3621418476104736,0.8819425575124183,0.3708631992340088,0.8823927289221581,1.4796686172485352,0.8570043552500087,1.2133700847625732,0.8720383470686082,1.214534044265747,0.6957214107327526,0.3679342269897461,0.6831842611931016,1.1985039710998535,0.6467824456479977,1.4983267784118652,0.6885884926123187,1.236560344696045,0.6849983954663981,0.3726987838745117,0.5827324060005343,1.225663661956787,0.5575356699613472,1.236886501312256,0.510478165987327,1.5208306312561035,0.5754941504463537,0.3692057132720947,0.5640233297923831,1.237708568572998,0.9813289401427788,1.205080270767212,2172,0.1495921611785888,0.0,1.0659868717193604,0.0308200409075874,0.1999790668487548,5.4334303056486535,0.016658067703247,-,15.0,0.0922570016474464,0.0061690807342529,0,0,0,['cluster'],['intersecting']
figure_ascending_markersize60_ms_interleaved_400_800_3d_0_pca.png,ms_interleaved_400_800_3d_0_pca,1821,3,60,0.6152850397644714,0.4813542366027832,0.6444557626846632,1.382559061050415,0.6252790993449312,0.7789201736450195,0.5989413470865024,1.3563592433929443,0.6247413642940884,1.3766300678253174,0.3327432069795277,1.3998143672943115,0.3145463163940195,0.4871201515197754,0.2665990926880744,1.6232678890228271,0.3248716674323865,1.39634108543396,0.3169599812534723,0.4923946857452392,0.2280305074367059,1.3846824169158936,0.2080443599218195,0.4968829154968261,0.1694164315827416,1.662869930267334,0.2228827221675013,1.4041082859039309,0.2123465745805005,1.390763521194458,0.9209225700164744,0.6631209850311279,44838,1.111196756362915,0.0,1.0990469455718994,0.0308200409075874,0.2000203132629394,5.4334303056486535,0.0172436237335205,-,15.0,0.0922570016474464,0.0064485073089599,0,0,0,['cluster'],['intersecting']
figure_ascending_markersize110_ms_interleaved_400_800_3d_0_pca.png,ms_interleaved_400_800_3d_0_pca,1821,3,110,0.5054542654259273,1.5540499687194824,0.5274822908318211,0.6265714168548584,0.4889221160915078,1.8412930965423584,0.4869076751806258,0.6108293533325195,0.5084705105136547,1.542269229888916,0.242075700984005,1.537196159362793,0.2265865418845257,1.6037969589233398,0.1815122382004733,0.9173548221588136,0.2352566319374579,1.5526371002197266,0.2280996709813322,1.5821542739868164,0.1591479849258876,0.6203286647796631,0.1442824199163652,1.5732688903808594,0.1114426498848314,1.865647792816162,0.1550970246102566,0.6345503330230713,0.1470282410336619,1.563715934753418,0.7303679297089511,0.5733973979949951,97323,1.1849422454833984,0.0,1.138575792312622,0.0308200409075874,0.2008934020996093,5.4334303056486535,0.0171260833740234,-,15.0,0.0922570016474464,0.0064563751220703,5,0,0,['cluster'],['intersecting']
figure_ascending_markersize160_ms_interleaved_400_800_3d_0_pca.png,ms_interleaved_400_800_3d_0_pca,1821,3,160,0.4518594164216849,0.7197520732879639,0.4661185344454938,1.7367229461669922,0.4096247627119574,1.0336720943450928,0.4329788376160735,1.701383352279663,0.4495440204696153,0.7206974029541016,0.2076050905822622,1.6863343715667725,0.194226160126683,1.7012693881988523,0.1487547588181562,1.045689821243286,0.2013770739776664,1.6602303981781006,0.1949504060749083,1.6884851455688477,0.1347600390303612,0.7021636962890625,0.1226708332276628,1.729224681854248,0.0908786105693665,2.000451803207397,0.1311985502567983,0.7468693256378174,0.1244625837333415,1.691356182098389,0.5475013728720484,1.4823017120361328,133536,0.24159836769104,0.0,1.16086745262146,0.0308200409075874,0.2028098106384277,5.4334303056486535,0.0171053409576416,-,15.0,0.0922570016474464,0.006406545639038,7,0,0,['cluster'],['intersecting']
figure_descending_markersize10_ms_interleaved_400_800_3d_0_pca.png,ms_interleaved_400_800_3d_0_pca,1821,3,10,0.82214973926557,0.3785648345947265,0.8715510015335703,0.3719072341918945,0.9633661404988908,1.6359777450561523,0.8252475461878528,1.375046730041504,0.8523974236423633,0.3799085617065429,0.6631443548711389,1.3695728778839111,0.6769488218814531,1.3755090236663818,0.6950355088394666,0.6556146144866943,0.6626952908626882,1.3901631832122805,0.6692516135474673,0.3691616058349609,0.5556755963511335,1.3517794609069824,0.5533871061957599,1.371894121170044,0.5436189253683433,0.6568558216094971,0.5536422074766638,1.3625257015228271,0.5508880098588886,0.372549295425415,0.9813289401427788,1.3251118659973145,2172,1.1765034198760986,0.0,0.1363799571990966,0.0308200409075874,0.2021496295928955,5.4334303056486535,0.0169968605041503,-,15.0,0.0922570016474464,0.0066189765930175,0,0,368,['cluster'],['intersecting']
figure_descending_markersize60_ms_interleaved_400_800_3d_0_pca.png,ms_interleaved_400_800_3d_0_pca,1821,3,60,0.5271090159086718,0.8001754283905029,0.6145756821667021,0.7201905250549316,0.8883306321749582,1.0808892250061035,0.5295311122083179,0.7691516876220703,0.5784257381544009,0.6961889266967773,0.2915593716053831,0.7244689464569092,0.3007709616856453,0.7619016170501709,0.3172902835817102,1.0635149478912354,0.2913301439008841,0.8104286193847656,0.2966390773605302,0.7404675483703613,0.2015102974155646,0.8196132183074951,0.1991064421725257,0.7472043037414551,0.1931370994157564,1.057030200958252,0.200940378857174,0.7591772079467773,0.1994666404454168,0.8723850250244141,0.9209225700164744,0.8954336643218994,44838,0.4238641262054443,0.0,0.2616877555847168,0.0308200409075874,0.2185456752777099,5.4334303056486535,0.0168955326080322,-,15.0,0.0922570016474464,0.0064456462860107,3,0,8156,['cluster'],['intersecting']
figure_descending_markersize110_ms_interleaved_400_800_3d_0_pca.png,ms_interleaved_400_800_3d_0_pca,1821,3,110,0.4078002672829125,0.7998838424682617,0.4903768857186578,0.9380698204040528,0.8459153542698898,1.2986061573028564,0.4094661175037561,0.9653759002685548,0.4564591243650325,0.9215908050537108,0.2022827449001322,0.9638488292694092,0.2110914217923749,0.9412283897399902,0.2328603699765289,1.2200987339019775,0.2020517547155,0.9777650833129884,0.2078495946635626,0.9827930927276612,0.1344995348691243,0.9881696701049804,0.1344932022051184,1.0078909397125244,0.1350131371129201,1.2484855651855469,0.1341156839636399,1.001877784729004,0.1345611429930461,1.0031321048736572,0.7303679297089511,0.8768506050109863,97323,0.5275430679321289,0.0,0.3027703762054443,0.0308200409075874,0.2175726890563964,5.4334303056486535,0.0170345306396484,-,15.0,0.0922570016474464,0.0062885284423828,8,0,22888,['cluster'],['intersecting']
figure_descending_markersize160_ms_interleaved_400_800_3d_0_pca.png,ms_interleaved_400_800_3d_0_pca,1821,3,160,0.3499649234398864,0.8600673675537109,0.4256144189704506,1.132988691329956,0.8207538169423911,1.4183528423309326,0.3516103607759272,1.00526762008667,0.3952942812275191,1.1264433860778809,0.1680756278259392,1.0132222175598145,0.1777436496483184,1.1581168174743652,0.2048526256298284,1.430237054824829,0.1678490512492365,1.1605854034423828,0.1744685610014663,1.0092408657073977,0.1105952949453934,1.171107053756714,0.1123265388546244,1.205662965774536,0.1170312799038518,1.4842023849487305,0.1102364371134482,1.0444073677062988,0.1119366750879075,1.3367280960083008,0.5475013728720484,0.6454992294311523,133536,0.6296851634979248,0.0,0.5708892345428467,0.0308200409075874,0.2180032730102539,5.4334303056486535,0.0167644023895263,-,15.0,0.0922570016474464,0.0060820579528808,19,0,39381,['cluster'],['intersecting']
figure_category_based_markersize10_JavierGeneratedData_3dinterleaved_3classes_pca.png,JavierGeneratedData_3dinterleaved_3classes_pca,600,3,10,0.9391209736117556,0.8359439373016357,0.9529766642444846,0.6676044464111328,0.9649594279617688,1.0810317993164062,0.9310565000482124,0.6435565948486328,0.9440758950644608,0.8495714664459229,0.8855555795399593,0.6965408325195312,0.8874144342009633,0.6811926364898682,0.8799668931397392,1.1337873935699463,0.8733394283054586,0.6895191669464111,0.8809014843746684,0.6777684688568115,0.8377709668619124,0.8795332908630371,0.8302925416494815,0.7014102935791016,0.8087344754116788,0.957160234451294,0.8223605228438368,0.7059712409973145,0.8256516305565946,0.6966824531555176,0.9966666666666668,0.5489683151245117,200,0.3361358642578125,0.0,0.5525555610656738,0.0305528977691717,0.0643396377563476,9.335811539314513,0.0061230659484863,-,15.0,0.1083333333333333,0.0023331642150878,0,0,7,"['lip_cluster','linear']",['intersecting']
figure_category_based_markersize60_JavierGeneratedData_3dinterleaved_3classes_pca.png,JavierGeneratedData_3dinterleaved_3classes_pca,600,3,60,0.7318516379985242,0.5685162544250488,0.7850180277325975,0.9490973949432372,0.8206281871791359,1.0314807891845703,0.700041888664318,0.984797477722168,0.7473542801825166,0.567685604095459,0.5264700167628633,0.98557710647583,0.5358227281567872,0.782656192779541,0.5069269223628553,1.256690502166748,0.5031557778268279,0.8222367763519287,0.5197513588810787,0.5876858234405518,0.4111014417476337,1.010627269744873,0.4067154137015942,0.8031833171844482,0.3667351849139922,1.059027910232544,0.3927072420505354,0.8231632709503174,0.3984158505616673,0.8019177913665771,0.9933333333333332,0.7129747867584229,7693,0.3816368579864502,0.0,0.6200239658355713,0.0305528977691717,0.063629150390625,9.335811539314513,0.0061807632446289,-,15.0,0.1083333333333333,0.0022101402282714,0,0,670,"['lip_cluster','linear']",['intersecting']
figure_category_based_markersize110_JavierGeneratedData_3dinterleaved_3classes_pca.png,JavierGeneratedData_3dinterleaved_3classes_pca,600,3,110,0.6045785540139266,0.8819775581359863,0.6694192180931458,0.8600969314575195,0.7262238232704004,1.144193410873413,0.5674267214124625,0.8712577819824219,0.6240312664370704,0.6419339179992676,0.3756761419594272,1.1087651252746582,0.382134090524148,0.6374695301055908,0.3555128348794941,1.4028935432434082,0.3560205605555316,0.6640157699584961,0.3689364394058859,0.8721115589141846,0.272502610053259,1.170914888381958,0.2673844905641864,0.6584577560424805,0.2353666666635078,1.4146296977996826,0.259382447801654,0.6725475788116455,0.2618826528160087,0.8988206386566162,0.9766666666666668,0.8318014144897461,24205,0.436194896697998,0.0,0.4091148376464844,0.0305528977691717,0.06227707862854,9.335811539314513,0.0059700012207031,-,15.0,0.1083333333333333,0.0023140907287597,0,0,2333,"['lip_cluster','linear']",['intersecting']
figure_category_based_markersize160_JavierGeneratedData_3dinterleaved_3classes_pca.png,JavierGeneratedData_3dinterleaved_3classes_pca,600,3,160,0.5221229887673441,0.7251856327056885,0.5903119192759869,0.9649577140808104,0.6670292904015087,1.232288122177124,0.4837818714241554,0.9640898704528807,0.5423228309797725,0.9619526863098145,0.3025016890009291,1.20013427734375,0.3072629378522754,0.7181336879730225,0.2851044668564809,1.2451515197753906,0.2848542178548386,0.9755966663360596,0.2955590115833273,0.9801220893859864,0.2129346843783096,1.007554531097412,0.2076815832041989,0.737499475479126,0.1812977590622077,1.2543041706085205,0.2018534992582519,1.0521519184112549,0.2031315569805164,1.0083835124969482,0.9433333333333334,0.6020455360412598,43020,0.8114259243011475,0.0,0.4442894458770752,0.0305528977691717,0.0641934871673584,9.335811539314513,0.0060701370239257,-,15.0,0.1083333333333333,0.0023410320281982,3,0,4753,"['lip_cluster','linear']",['intersecting']
figure_ascending_markersize10_JavierGeneratedData_3dinterleaved_3classes_pca.png,JavierGeneratedData_3dinterleaved_3classes_pca,600,3,10,0.9437126980379276,0.9107182025909424,0.9535138262351356,0.8941535949707031,0.9574619357556402,1.17488431930542,0.9326249846209794,0.6098852157592773,0.9450602097804044,0.8857195377349854,0.8900452679978839,0.8936624526977539,0.888002347276043,0.9229011535644532,0.8729772160246316,0.8912584781646729,0.8749310361481768,0.9352071285247804,0.8818264425924105,0.6054723262786865,0.8421533551674185,0.9363007545471193,0.8309141211126001,0.932335376739502,0.8021931360153245,1.20753812789917,0.8239593497248006,0.6321337223052979,0.8265239125319213,0.9425327777862548,0.9966666666666668,0.475116491317749,200,0.8049972057342529,0.0,0.46022629737854,0.0305528977691717,0.0639894008636474,9.335811539314513,0.0059723854064941,-,15.0,0.1083333333333333,0.00238037109375,0,0,0,"['lip_cluster','linear']",['intersecting']
figure_ascending_markersize60_JavierGeneratedData_3dinterleaved_3classes_pca.png,JavierGeneratedData_3dinterleaved_3classes_pca,600,3,60,0.7566990478625406,0.6966633796691895,0.7894526512837077,0.9945695400238036,0.7867796648631511,1.2371153831481934,0.7096486626935254,1.0216341018676758,0.7535719790379696,0.6899065971374512,0.5456088704545192,1.025407791137695,0.5387663324009138,0.7027478218078613,0.4889578371917968,1.2901661396026611,0.5086119605083992,0.7003862857818604,0.523318717973686,1.04693341255188,0.4266029234442671,0.7004649639129639,0.4089170021850152,1.0531620979309082,0.3546944070480597,0.9605016708374025,0.3963342461892075,1.0500340461730957,0.4008418425309522,0.7080633640289307,0.9933333333333332,0.5999636650085449,7693,0.8691816329956055,0.0,0.5087993144989014,0.0305528977691717,0.0629098415374755,9.335811539314513,0.0059163570404052,-,15.0,0.1083333333333333,0.0022249221801757,0,0,0,"['lip_cluster','linear']",['intersecting']
figure_ascending_markersize110_JavierGeneratedData_3dinterleaved_3classes_pca.png,JavierGeneratedData_3dinterleaved_3classes_pca,600,3,110,0.6391715252521704,0.7366435527801514,0.6783990800117432,1.120325803756714,0.6645342611607923,1.0251893997192385,0.5821368579995271,1.125511884689331,0.633868920612368,0.8032159805297852,0.397120118446566,1.141505479812622,0.3873971207608233,0.7867560386657715,0.3329927742050549,1.3776373863220217,0.3635583201690842,0.7762129306793213,0.3734001346802377,1.1290380954742432,0.2880404748694797,0.7710676193237305,0.2711053936183524,1.1383953094482422,0.2221569068383267,1.0437257289886477,0.2643145108799135,1.1308584213256836,0.2646502977502549,0.7888154983520508,0.9766666666666668,1.1086740493774414,24205,0.1420178413391113,0.0,0.9453978538513184,0.0305528977691717,0.0637404918670654,9.335811539314513,0.0059216022491455,-,15.0,0.1083333333333333,0.0021977424621582,0,0,0,"['lip_cluster','linear']",['intersecting']
figure_ascending_markersize160_JavierGeneratedData_3dinterleaved_3classes_pca.png,JavierGeneratedData_3dinterleaved_3classes_pca,600,3,160,0.5648157788990917,1.1757352352142334,0.6027739841678517,0.8417706489562988,0.5788110411603264,1.100797176361084,0.5027328561053317,1.2241499423980713,0.5552192604076954,0.8258638381958008,0.3265090446540282,1.2231383323669434,0.3141527148080576,0.8575174808502197,0.2595391377761505,1.4827256202697754,0.2951578622645299,0.8398771286010742,0.3016435229560297,0.8311185836791992,0.2296255644134501,1.2618231773376465,0.2124344759438753,0.8658969402313232,0.1672719869257353,1.523471117019653,0.2089031609455525,0.858656644821167,0.2070713767588601,0.8566274642944336,0.9433333333333334,0.7013208866119385,43020,0.6013357639312744,0.0,0.551720142364502,0.0305528977691717,0.0634932518005371,9.335811539314513,0.0058200359344482,-,15.0,0.1083333333333333,0.0022792816162109,0,0,0,"['lip_cluster','linear']",['intersecting']
figure_descending_markersize10_JavierGeneratedData_3dinterleaved_3classes_pca.png,JavierGeneratedData_3dinterleaved_3classes_pca,600,3,10,0.9304662825863468,0.3199255466461181,0.9485377208472496,0.7228336334228516,0.9796820604968745,1.3859550952911377,0.926089638937742,0.7292191982269287,0.940359948665082,1.154090166091919,0.8768401308683179,0.7464268207550049,0.8831734007358983,0.7401144504547119,0.8936034899967744,1.0099399089813232,0.8684364783552654,1.1789541244506836,0.8774239071587732,0.7525496482849121,0.8290584792152,0.7379016876220703,0.8262369053472979,1.187774419784546,0.8214295807946046,1.0291080474853516,0.8175409518348016,0.7526977062225342,0.8223837315968847,0.7549779415130615,0.9966666666666668,0.5791559219360352,200,0.5769124031066895,0.0,1.051138162612915,0.0305528977691717,0.0632910728454589,9.335811539314513,0.0059852600097656,-,15.0,0.1083333333333333,0.0021886825561523,0,0,47,"['lip_cluster','linear']",['intersecting']
figure_descending_markersize60_JavierGeneratedData_3dinterleaved_3classes_pca.png,JavierGeneratedData_3dinterleaved_3classes_pca,600,3,60,0.7081711689321948,0.3567376136779785,0.7703705091570346,1.3957903385162354,0.8835990815188718,1.080801248550415,0.687031303381449,0.8367874622344971,0.7372494502164346,0.8643538951873779,0.5063773721873175,1.2656071186065674,0.5254707544971582,0.8097026348114014,0.536582015598821,1.087108135223389,0.4904900566551359,1.282672882080078,0.5107116110736971,0.8684191703796387,0.3940831450756802,0.828289270401001,0.3987186339598296,0.8176138401031494,0.3852731634713041,1.0996744632720947,0.3813857989118365,0.8384237289428711,0.390669039361977,1.3234210014343262,0.9933333333333332,0.7255301475524902,7693,0.660332441329956,0.0,0.1198718547821044,0.0305528977691717,0.0622503757476806,9.335811539314513,0.0060369968414306,-,15.0,0.1083333333333333,0.0024583339691162,0,0,1502,"['lip_cluster','linear']",['intersecting']
figure_descending_markersize110_JavierGeneratedData_3dinterleaved_3classes_pca.png,JavierGeneratedData_3dinterleaved_3classes_pca,600,3,110,0.5707253645597579,0.9098658561706544,0.6486894541503925,0.8671669960021973,0.8328753008107062,1.1431665420532229,0.5485891121093374,0.8782331943511963,0.6091032458926077,0.8564000129699707,0.350901066597439,1.3547658920288086,0.3689098551744778,0.8689520359039307,0.3866629096368901,1.1396913528442385,0.338450881961107,0.9038410186767578,0.3562964886823975,0.8993551731109619,0.2533277144402603,1.400171995162964,0.2577446515616658,0.9104418754577636,0.2517747525789356,1.1814382076263428,0.2447130325832367,0.9043183326721193,0.251791192787326,0.8922359943389893,0.9766666666666668,0.7917709350585938,24205,0.6957175731658936,0.0,0.6710629463195801,0.0305528977691717,0.0619280338287353,9.335811539314513,0.0058612823486328,-,15.0,0.1083333333333333,0.0022456645965576,0,0,4873,"['lip_cluster','linear']",['intersecting']
figure_descending_markersize160_JavierGeneratedData_3dinterleaved_3classes_pca.png,JavierGeneratedData_3dinterleaved_3classes_pca,600,3,160,0.4855586249790006,1.4250402450561523,0.5677522415234662,0.9428541660308838,0.7963593762788923,1.203430414199829,0.4632876916974587,0.9436359405517578,0.5259340607603771,0.9423131942749025,0.276382988933439,0.9501261711120604,0.2934452082915815,0.9707646369934082,0.3144088244697718,1.286111831665039,0.2661495951138416,0.959672212600708,0.2820309180652964,0.9728147983551024,0.1931675917007363,0.9709208011627196,0.1978532625512226,0.9717490673065186,0.195869882451605,1.227506160736084,0.1867035384663546,0.967125415802002,0.1926766663552799,0.978546380996704,0.9433333333333334,0.8475914001464844,43020,0.7212991714477539,0.0,0.6799430847167969,0.0305528977691717,0.0627477169036865,9.335811539314513,0.0059528350830078,-,15.0,0.1083333333333333,0.0022568702697753,0,0,9233,"['lip_cluster','linear']",['intersecting']
figure_category_based_markersize10_interleaved_100_200_5d_25_cramped_rotated_pca.png,interleaved_100_200_5d_25_cramped_rotated_pca,696,5,10,0.9038527342781234,0.8803491592407227,0.9065782994416935,0.875302791595459,0.9132978070915267,0.7655041217803955,0.8994588128787203,1.3811683654785156,0.906840960515221,0.8727715015411377,0.8478779251326278,0.8747618198394775,0.8366808606591951,0.8662936687469482,0.8146352506828531,1.2877256870269775,0.8441364279018223,0.878777265548706,0.840752117057699,0.8705570697784424,0.7984317455942778,0.8834495544433594,0.7767901261031382,0.3241181373596191,0.735211194887831,1.8523483276367188,0.7952250746595372,0.931147575378418,0.7836417943767393,0.9093327522277832,1.0,0.1456151008605957,321,0.7055771350860596,0.0,0.6926796436309814,0.0306901799797328,0.0835235118865966,9.66769519822021,0.0068898200988769,-,15.0,0.1925287356321839,0.0040550231933593,0,0,52,['cluster'],['intersecting']
figure_category_based_markersize60_interleaved_100_200_5d_25_cramped_rotated_pca.png,interleaved_100_200_5d_25_cramped_rotated_pca,696,5,60,0.6221995052745682,0.932319164276123,0.6426385742664389,0.9184269905090332,0.6882993986415075,1.918020248413086,0.6241573960822768,0.9364392757415771,0.6464735674634761,0.9598097801208496,0.4963239659847196,0.3819339275360107,0.4873815652771842,1.5259277820587158,0.4693996416792306,0.7952225208282471,0.499493553319109,1.5145909786224363,0.4969529019682025,0.9523332118988036,0.4128095547839286,0.3831007480621338,0.3925453415288604,1.5384571552276611,0.3561373366527546,0.7946839332580566,0.4163378112514801,1.530702829360962,0.4036045766343585,0.3885946273803711,0.9956896551724138,0.8604645729064941,9155,0.7528421878814697,0.0,0.751068115234375,0.0306901799797328,0.0825541019439697,9.66769519822021,0.006716251373291,-,15.0,0.1925287356321839,0.0036334991455078,0,0,1485,['cluster'],['intersecting']
figure_category_based_markersize110_interleaved_100_200_5d_25_cramped_rotated_pca.png,interleaved_100_200_5d_25_cramped_rotated_pca,696,5,110,0.4759664371535987,1.0515995025634766,0.4981196644241472,0.9913194179534912,0.5503726813261692,1.4372329711914062,0.4806107093082735,1.0163233280181885,0.5041688823212158,1.0069215297698977,0.3463058005904182,1.0441532135009766,0.3385093195391511,1.6277751922607422,0.3219262511141031,0.8517475128173828,0.3499844807422415,0.9955072402954102,0.3473630221933799,1.612156867980957,0.2721640845100778,0.4294805526733398,0.2563637758149309,1.0288355350494385,0.2274975169330402,2.073559284210205,0.2751899944420617,0.4371190071105957,0.2649566094009663,0.9990170001983644,0.9798850574712644,0.9535603523254396,28175,0.7892177104949951,0.0,0.783663272857666,0.0306901799797328,0.0822286605834961,9.66769519822021,0.0068747997283935,-,15.0,0.1925287356321839,0.003807783126831,1,0,4702,['cluster'],['intersecting']
figure_category_based_markersize160_interleaved_100_200_5d_25_cramped_rotated_pca.png,interleaved_100_200_5d_25_cramped_rotated_pca,696,5,160,0.3933270665377233,1.086434841156006,0.4133740257315244,1.0709869861602783,0.4676833588987104,1.5029282569885254,0.3989294392125343,1.7048306465148926,0.4209017084715416,0.475212812423706,0.2729138856728547,1.1089768409729004,0.2659777806557363,1.0972061157226562,0.2513784675170283,1.524012804031372,0.2765706958151624,1.0958635807037354,0.2742978221480205,1.0930747985839844,0.2089468726887474,1.771816968917847,0.1960665742613414,0.4740927219390869,0.1718823766270527,1.5172135829925537,0.211652970976189,1.092890739440918,0.2034383855084501,1.0718791484832764,0.9410919540229884,0.9997477531433104,49671,0.8491959571838379,0.0,0.8096001148223877,0.0306901799797328,0.0825192928314209,9.66769519822021,0.006737470626831,-,15.0,0.1925287356321839,0.0038075447082519,1,0,8962,['cluster'],['intersecting']
figure_ascending_markersize10_interleaved_100_200_5d_25_cramped_rotated_pca.png,interleaved_100_200_5d_25_cramped_rotated_pca,696,5,10,0.929371595484754,0.9991862773895264,0.9164610706918694,0.3392844200134277,0.8918995280426788,1.3823323249816897,0.9261650077060462,0.979264497756958,0.9185205362856392,1.0046353340148926,0.87104333601246,0.9799566268920898,0.8453324075520758,0.9676432609558104,0.7967337283264033,1.451439380645752,0.8683550137844638,1.0556466579437256,0.8510672393500859,1.0335102081298828,0.8196041852830548,1.061269998550415,0.7844494700344493,1.0831923484802246,0.7199183440911388,1.5053517818450928,0.8173378660056904,0.3670775890350342,0.7928432893082756,1.2082831859588623,1.0,0.8505771160125732,321,0.856889009475708,0.0,0.8559384346008301,0.0306901799797328,0.0919561386108398,9.66769519822021,0.0070571899414062,-,15.0,0.1925287356321839,0.0038197040557861,0,0,0,['cluster'],['intersecting']
figure_ascending_markersize60_interleaved_100_200_5d_25_cramped_rotated_pca.png,interleaved_100_200_5d_25_cramped_rotated_pca,696,5,60,0.6959684383404064,1.151881217956543,0.673502769191954,1.0962755680084229,0.6075005038279992,1.547257661819458,0.6984598320678501,1.263294696807861,0.6832316918783216,1.1121609210968018,0.5496725565620402,0.4152171611785888,0.5086973718685803,1.1060421466827393,0.4281068280097118,1.5500571727752686,0.5541201102728031,1.0734329223632812,0.5235300344548708,1.0756795406341553,0.4541979775839426,1.0750563144683838,0.4086911022927433,1.1550297737121582,0.3305083713098684,1.6005148887634275,0.45922027057636,1.156198501586914,0.4243423415220261,1.1525452136993408,0.9956896551724138,1.0745267868041992,9155,0.1433711051940918,0.0,0.9258780479431152,0.0306901799797328,0.0853078365325927,9.66769519822021,0.007049560546875,-,15.0,0.1925287356321839,0.0039045810699462,0,0,0,['cluster'],['intersecting']
figure_ascending_markersize110_interleaved_100_200_5d_25_cramped_rotated_pca.png,interleaved_100_200_5d_25_cramped_rotated_pca,696,5,110,0.5645937385627722,0.4404816627502441,0.5344163829521087,1.1442525386810305,0.4520550462022856,1.6010777950286863,0.5682258275748454,1.1460812091827393,0.5471846350598905,1.1478066444396973,0.4039429968315685,1.204395771026611,0.3625025333838673,1.2507147789001465,0.283411616141628,1.648446559906006,0.4072687237279705,0.4510490894317627,0.3751708489195993,1.1973116397857666,0.3144645604954381,1.1676671504974363,0.2742729728709445,1.2085459232330322,0.2064088379925266,1.673872947692871,0.3173697540265613,1.322596311569214,0.2854396199988824,1.188143968582153,0.9798850574712644,0.3216819763183594,28175,0.9406359195709229,0.0,0.9261901378631592,0.0306901799797328,0.0837371349334716,9.66769519822021,0.0069735050201416,-,15.0,0.1925287356321839,0.0038449764251708,0,0,0,['cluster'],['intersecting']
figure_ascending_markersize160_interleaved_100_200_5d_25_cramped_rotated_pca.png,interleaved_100_200_5d_25_cramped_rotated_pca,696,5,160,0.4874921047324517,1.2720041275024414,0.4522210588841988,0.4891548156738281,0.3602593235695075,1.683027267456055,0.4912794209552269,1.262722730636597,0.4664470365306953,1.2519090175628662,0.3312469858100567,1.2519159317016602,0.2912041705618625,1.248084306716919,0.2150060257515439,0.948162078857422,0.3337365564768316,1.2717046737670898,0.3028093920115964,1.2706398963928225,0.2508481479166344,1.2753593921661377,0.2147431661117342,1.2867136001586914,0.1532264915325338,0.9496161937713624,0.252700787100699,1.2595367431640625,0.2241675568149673,1.3162622451782229,0.9410919540229884,1.1569163799285889,49671,0.1716718673706054,0.0,0.936091423034668,0.0306901799797328,0.0864934921264648,9.66769519822021,0.0071208477020263,-,15.0,0.1925287356321839,0.0040817260742187,1,0,0,['cluster'],['intersecting']
figure_descending_markersize10_interleaved_100_200_5d_25_cramped_rotated_pca.png,interleaved_100_200_5d_25_cramped_rotated_pca,696,5,10,0.8717217052763874,0.3412890434265136,0.8980872650431528,1.138563871383667,0.9549379614151432,1.5527803897857666,0.8681154784851751,1.122321605682373,0.8888931712623093,0.3311915397644043,0.8181245964054609,1.1792807579040527,0.8283877150829873,1.1117701530456543,0.8477232710546813,1.5885212421417236,0.8150832083516952,1.1293878555297852,0.8242079566607373,0.343522310256958,0.7707364828243772,1.1380717754364014,0.7687276225515387,1.1305906772613523,0.7621532846073027,1.5657496452331543,0.7681572803978014,0.3408541679382324,0.7682984799535615,1.1019318103790283,1.0,0.939887762069702,321,0.9505164623260498,0.0,0.1183657646179199,0.0306901799797328,0.0862114429473877,9.66769519822021,0.0070464611053466,-,15.0,0.1925287356321839,0.003882884979248,0,0,107,['cluster'],['intersecting']
figure_descending_markersize60_interleaved_100_200_5d_25_cramped_rotated_pca.png,interleaved_100_200_5d_25_cramped_rotated_pca,696,5,60,0.5546979398615697,1.2181384563446045,0.6216029794659892,0.4019341468811035,0.8118365142801875,1.6525208950042725,0.5480457253384334,1.1571245193481443,0.5992186268638948,1.2366576194763184,0.4453654481210736,1.2206952571868896,0.4696207994549635,0.3950307369232178,0.5229045507183134,1.611457586288452,0.4426760830974352,1.2068099975585938,0.4625168433096261,0.3797736167907715,0.3720361067824221,1.19325852394104,0.3773568877119668,1.1823945045471191,0.3856514937533527,1.6437344551086426,0.3712902191906622,1.1901662349700928,0.3766014691614981,0.3831543922424316,0.9956896551724138,1.0900213718414309,9155,0.983851671218872,0.0,0.1214206218719482,0.0306901799797328,0.0872611999511718,9.66769519822021,0.0071094036102294,-,15.0,0.1925287356321839,0.0038108825683593,0,0,3238,['cluster'],['intersecting']
figure_descending_markersize110_interleaved_100_200_5d_25_cramped_rotated_pca.png,interleaved_100_200_5d_25_cramped_rotated_pca,696,5,110,0.4098490667915229,1.2392916679382324,0.4771791349206642,0.4387722015380859,0.689990572257975,1.6880207061767578,0.4038679665263973,1.2657976150512695,0.454663381241989,1.2611353397369385,0.301810768366729,0.4466993808746338,0.3227275237922885,1.2473959922790527,0.3661047864955516,1.7130467891693115,0.3003388843933356,0.4418754577636719,0.3170336883018853,1.2454869747161863,0.2388489661474185,1.2809395790100098,0.2438115015483024,1.3339426517486572,0.2491515352361812,0.8824372291564941,0.2390578637167937,1.264967441558838,0.2433653455934729,1.279780626296997,0.9798850574712644,1.2304935455322266,28175,0.1552877426147461,0.0,0.97601056098938,0.0306901799797328,0.0867581367492675,9.66769519822021,0.007181167602539,-,15.0,0.1925287356321839,0.0037460327148437,1,0,10592,['cluster'],['intersecting']
figure_descending_markersize160_interleaved_100_200_5d_25_cramped_rotated_pca.png,interleaved_100_200_5d_25_cramped_rotated_pca,696,5,160,0.330667065434353,1.354710817337036,0.3933369398730039,1.3678946495056152,0.612949199160506,0.9311163425445556,0.3259672046834309,1.3555665016174316,0.3731387568619017,1.3612723350524902,0.2331672283772744,0.4898698329925537,0.2514994342366998,1.3569560050964355,0.2906176077010133,1.7813982963562012,0.2324092429471943,1.3845937252044678,0.2471939050026782,0.4846856594085693,0.1800716559695093,1.3898582458496094,0.1848444346932768,1.3906033039093018,0.1904602678562249,0.9415578842163086,0.18057984914857,1.3568568229675293,0.1848139766659446,1.3817451000213623,0.9410919540229884,0.3360934257507324,49671,1.0583288669586182,0.0,1.0443365573883057,0.0306901799797328,0.0866544246673584,9.66769519822021,0.0071325302124023,-,15.0,0.1925287356321839,0.0040061473846435,2,0,20498,['cluster'],['intersecting']
figure_category_based_markersize10_n100-d5-c3-spr0.1-out0_tsne.png,n100-d5-c3-spr0.1-out0_tsne,100,3,10,1.0,0.3148975372314453,1.0,1.3285198211669922,1.0,1.457282781600952,1.0,1.181849718093872,1.0,0.3065850734710693,0.9740355310610302,1.1812565326690674,0.973471528659439,1.1813740730285645,0.9602005256764684,0.5651021003723145,0.972551271370937,1.2099454402923584,0.9728272885949806,1.217498779296875,0.9493852472964844,0.3085982799530029,0.9483142025161424,1.1714837551116943,0.9234477891048672,1.4414608478546145,0.9465691516000256,0.3144276142120361,0.947092224893998,1.1789729595184326,1.0,1.0111241340637207,9,0.1087427139282226,0.0,1.0225791931152344,0.0288282841450007,0.0148854255676269,12.259053126084096,0.0016665458679199,0.012194642896615792,0.7255966663360596,0.01,0.0005810260772705,0,0,0,['cluster'],['separated']
figure_category_based_markersize60_n100-d5-c3-spr0.1-out0_tsne.png,n100-d5-c3-spr0.1-out0_tsne,100,3,60,1.0,1.2358238697052002,1.0,1.229325294494629,1.0,0.5750198364257812,1.0,1.1931593418121338,1.0,0.3110933303833008,0.7979163318095378,1.2052619457244873,0.7815586663944221,1.207449197769165,0.7204984330631743,1.484480857849121,0.7925995362073586,0.3157441616058349,0.786406275408445,1.2252514362335205,0.6637776994430584,0.3254096508026123,0.6414413602349284,1.2303507328033447,0.5631086758166888,1.4917116165161133,0.6564512437883901,0.3143868446350097,0.6479979745059382,1.2151551246643066,1.0,1.0337204933166504,545,0.1100568771362304,0.0,1.0672061443328855,0.0288282841450007,0.0150175094604492,12.259053126084096,0.0016882419586181,0.029776571662593284,1.7672643661499023,0.01,0.000603437423706,0,0,0,['cluster'],['separated']
figure_category_based_markersize110_n100-d5-c3-spr0.1-out0_tsne.png,n100-d5-c3-spr0.1-out0_tsne,100,3,110,1.0,0.6344654560089111,1.0,0.6005723476409912,1.0,0.851978063583374,1.0,0.6358766555786133,1.0,0.5381369590759277,0.6095957129528864,0.5397841930389404,0.5867839187814776,0.6447601318359375,0.5156293744288756,0.8578386306762695,0.6073959821262503,0.5652437210083008,0.5964434489494321,0.5576624870300293,0.4384305475981537,0.6711959838867188,0.4152117475733313,0.6574759483337402,0.3473723917370588,0.8127963542938232,0.4361584300565442,0.7192513942718506,0.424951490912847,0.6933267116546631,1.0,0.3705930709838867,2483,0.2368860244750976,0.0,0.3527784347534179,0.0288282841450007,0.0183098316192626,12.259053126084096,0.0018384456634521,0.0431094888661769,1.1916580200195312,0.01,0.0006756782531738,0,0,0,['cluster'],['separated']
figure_category_based_markersize160_n100-d5-c3-spr0.1-out0_tsne.png,n100-d5-c3-spr0.1-out0_tsne,100,3,160,1.0,0.525550365447998,1.0,0.7245657444000244,1.0,0.8628883361816406,1.0,0.6573967933654785,1.0,0.6563913822174072,0.4961143915577647,0.6418001651763916,0.4749119434432434,0.6752762794494629,0.4070370942738798,0.8950562477111816,0.4969711395454878,0.6627418994903564,0.4852123616907015,0.6357724666595459,0.3298883829812382,0.6749355792999268,0.3113996869895291,0.6594431400299072,0.2555220167467366,1.0436999797821045,0.3306464384158299,0.717374324798584,0.320317085655823,0.691096305847168,1.0,0.4113922119140625,5313,0.4127707481384277,0.0,0.2513456344604492,0.0288282841450007,0.0181338787078857,12.259053126084096,0.0018246173858642,0.05173613605189976,1.2426440715789795,0.01,0.000582218170166,0,0,0,['cluster'],['separated']
figure_ascending_markersize10_n100-d5-c3-spr0.1-out0_tsne.png,n100-d5-c3-spr0.1-out0_tsne,100,3,10,1.0,0.7063324451446533,1.0,0.7243444919586182,1.0,0.825127363204956,1.0,0.71291184425354,1.0,0.7065036296844482,0.9740355310610302,0.6868889331817627,0.973476370411002,0.6801910400390625,0.960095787907824,0.939267873764038,0.972551271370937,0.5873501300811768,0.9728272885949806,0.7461295127868652,0.9493852472964844,0.7479038238525391,0.9483233920302104,0.7452139854431152,0.9232540620027048,1.01029372215271,0.9465691516000256,0.7796676158905029,0.947092224893998,0.7637887001037598,1.0,0.4541454315185547,9,0.4764635562896728,0.0,0.2793588638305664,0.0288282841450007,0.0180516242980957,12.25905312608409,0.0016717910766601,0.012194642896615794,0.9580507278442384,0.01,0.0005548000335693,0,0,0,['cluster'],['separated']
figure_ascending_markersize60_n100-d5-c3-spr0.1-out0_tsne.png,n100-d5-c3-spr0.1-out0_tsne,100,3,60,1.0,0.4638941287994385,1.0,0.7674672603607178,1.0,1.0809199810028076,1.0,0.6378917694091797,1.0,0.7943727970123291,0.8039293028318205,0.658231258392334,0.7821040422110261,0.6426115036010742,0.7085870685015041,1.0522279739379885,0.7984874835883835,0.6729786396026611,0.7887676870978463,0.6142756938934326,0.6721419601159078,0.8035502433776855,0.6421764003806163,0.6748168468475342,0.5486913218991021,0.9053642749786376,0.6645685939028838,0.8662090301513672,0.6512109020671122,0.6813344955444336,1.0,0.5245392322540283,545,0.3153541088104248,0.0,0.3094837665557861,0.0288282841450007,0.0180246829986572,12.25905312608409,0.0016493797302246,0.029776571662593284,1.0757315158843994,0.01,0.0005106925964355,0,0,0,['cluster'],['separated']
figure_ascending_markersize110_n100-d5-c3-spr0.1-out0_tsne.png,n100-d5-c3-spr0.1-out0_tsne,100,3,110,1.0,0.6944940090179443,1.0,0.6999351978302002,1.0,0.9465601444244384,1.0,0.9125795364379884,1.0,0.7215299606323242,0.6286622214019157,0.70290207862854,0.5881546241723793,0.6947696208953857,0.4908737273728054,0.9634292125701904,0.626140838375576,0.9388723373413086,0.6033388245988934,0.7174406051635742,0.4584298859210279,0.7283506393432617,0.4165857212427419,0.7344472408294678,0.3252701488777725,1.1681132316589355,0.4557532939804684,0.7584488391876221,0.4319865370537136,0.5152676105499268,1.0,0.5749740600585938,2483,0.3425788879394531,0.0,0.5741965770721436,0.0288282841450007,0.0183448791503906,12.25905312608409,0.0018184185028076,0.0431094888661769,0.97295880317688,0.01,0.0005018711090087,0,0,0,['cluster'],['separated']
figure_ascending_markersize160_n100-d5-c3-spr0.1-out0_tsne.png,n100-d5-c3-spr0.1-out0_tsne,100,3,160,1.0,0.7615242004394531,1.0,0.9856798648834229,1.0,1.0123021602630615,1.0,0.7929468154907227,1.0,0.7857248783111572,0.5230975213358688,0.7744126319885254,0.4769608014428277,0.7830915451049805,0.3758277511301641,1.019388198852539,0.5234887654399923,0.7649343013763428,0.4949612163394427,0.7722532749176025,0.3541855531375465,0.7873404026031494,0.3131638383927801,0.8090393543243408,0.2313964860510823,1.0478365421295166,0.3545443835352795,0.805626630783081,0.3288694096876343,1.047351598739624,1.0,0.3971867561340332,5313,0.3725318908691406,0.0,0.6514015197753906,0.0288282841450007,0.0179634094238281,12.25905312608409,0.0017600059509277,0.05173613605189976,1.1143860816955566,0.01,0.0005190372467041,0,0,0,['cluster'],['separated']
figure_descending_markersize10_n100-d5-c3-spr0.1-out0_tsne.png,n100-d5-c3-spr0.1-out0_tsne,100,3,10,1.0,0.7919747829437256,1.0,1.055224895477295,1.0,0.7972211837768555,1.0,1.0871474742889404,1.0,0.5644707679748535,0.973667383146996,0.8217687606811523,0.9734419717837948,0.8404138088226318,0.962282271454379,1.0743765830993652,0.9722654276489996,0.8618948459625244,0.9726829233365082,0.562551736831665,0.948685998241493,0.8421492576599121,0.948258106241975,0.8510777950286865,0.927306381093666,1.0837242603302002,0.946027752501201,0.5902307033538818,0.9468186068663204,0.861687183380127,1.0,0.3958723545074463,9,0.6962089538574219,0.0,0.405674934387207,0.0288282841450007,0.0180351734161376,12.259053126084092,0.0017688274383544,0.012194642896615796,0.8924438953399658,0.01,0.0004923343658447,0,0,0,['cluster'],['separated']
figure_descending_markersize60_n100-d5-c3-spr0.1-out0_tsne.png,n100-d5-c3-spr0.1-out0_tsne,100,3,60,1.0,0.8661341667175293,1.0,0.9020073413848876,1.0,1.1712548732757568,1.0,0.594897985458374,1.0,0.9021854400634766,0.7879962374338125,0.9038026332855223,0.780900481220558,0.9041402339935304,0.7329042237505569,0.842289924621582,0.7833348575660839,0.8902492523193359,0.7828638716105595,0.6134443283081055,0.6501598936998185,0.9120683670043944,0.6405551550068633,0.9051389694213868,0.5784126484265668,1.153676986694336,0.6438376758284017,0.5989136695861816,0.6432015724046198,0.9157204627990724,1.0,0.7456264495849609,545,0.4418926239013672,0.0,0.4334487915039062,0.0288282841450007,0.0183649063110351,12.259053126084092,0.0017940998077392,0.029776571662593284,0.9894065856933594,0.01,0.0005354881286621,0,0,0,['cluster'],['separated']
figure_descending_markersize110_n100-d5-c3-spr0.1-out0_tsne.png,n100-d5-c3-spr0.1-out0_tsne,100,3,110,1.0,0.6124701499938965,1.0,0.9499964714050292,1.0,1.2039794921875,1.0,0.6344528198242188,1.0,1.0030410289764404,0.5929374193749406,0.9714243412017822,0.5854207878528411,0.6312837600708008,0.5380744044747352,1.2120673656463623,0.5915756780902327,0.6932036876678467,0.5902177296263802,0.9682676792144777,0.4214008868827568,0.635432243347168,0.413848007114599,0.6219491958618164,0.3680586796767909,1.2012710571289062,0.4200265991488131,0.9750645160675048,0.418658783011905,0.6306600570678711,1.0,0.8180837631225586,2483,0.4647018909454345,0.0,0.4644196033477783,0.0288282841450007,0.0181410312652587,12.259053126084092,0.0017693042755126,0.0431094888661769,1.0824260711669922,0.01,0.0005068778991699,0,0,0,['cluster'],['separated']
figure_descending_markersize160_n100-d5-c3-spr0.1-out0_tsne.png,n100-d5-c3-spr0.1-out0_tsne,100,3,160,1.0,0.6644065380096436,1.0,0.6463274955749512,1.0,1.2577199935913086,1.0,0.6581339836120605,1.0,1.0270512104034424,0.4775475592617607,0.6556680202484131,0.47327803366151,0.9997673034667968,0.4321047434585339,1.2467875480651855,0.4789356545629996,0.6910111904144287,0.4781058833952227,0.6631135940551758,0.3136699357453801,1.0123870372772217,0.3099962167941844,0.6608998775482178,0.2755954147164715,1.2456490993499756,0.314868766728867,0.6776149272918701,0.3141518704742998,1.0647461414337158,1.0,0.4888954162597656,5313,0.4939639568328857,0.0,0.4862582683563232,0.0288282841450007,0.0181610584259033,12.259053126084092,0.0017998218536376,0.05173613605189976,1.6040096282958984,0.01,0.0005190372467041,0,0,0,['cluster'],['separated']
figure_category_based_markersize10_interleaved_100_200_5d_0_notcramped_notrotated_pca.png,interleaved_100_200_5d_0_notcramped_notrotated_pca,741,5,10,0.9045560461051384,0.7051136493682861,0.9109271910377438,1.0777573585510254,0.931180589210008,1.1275546550750732,0.9086273767100064,0.7145023345947266,0.9129688434310826,1.090288162231445,0.8169135168259297,0.7012245655059814,0.8040518509970972,0.6947805881500244,0.7853174220262453,1.122981309890747,0.8200928921533793,1.0901257991790771,0.810031822094275,0.7062854766845703,0.7447542045740816,1.0875959396362305,0.7196216080357466,0.7037889957427979,0.6789625169991034,1.521188497543335,0.7472797368215804,0.7299826145172119,0.727955061002378,0.7223494052886963,0.9946018893387314,0.9458978176116944,460,0.1139056682586669,0.0,0.925058364868164,0.0307797865472812,0.0840544700622558,8.869529409768719,0.0071375370025634,-,15.0,0.2280701754385964,0.0038826465606689,0,0,40,['cluster'],['intersecting']
figure_category_based_markersize60_interleaved_100_200_5d_0_notcramped_notrotated_pca.png,interleaved_100_200_5d_0_notcramped_notrotated_pca,741,5,60,0.6245032177765806,0.3564310073852539,0.6258620599649013,1.167621374130249,0.6281740750599685,1.2037765979766846,0.6279525830186881,0.775165319442749,0.6286069085903716,1.16595196723938,0.4780937283256322,0.7690577507019043,0.4577816066251317,1.1936211585998535,0.4167873078241688,1.2143886089324951,0.4799683566948377,0.7856040000915527,0.464939956750606,0.7615146636962891,0.3872955639970215,1.1830377578735352,0.3608676126233723,0.7850701808929443,0.3118475379023705,1.195831060409546,0.3884303022164135,1.2312943935394287,0.36889323690985,0.7891983985900879,0.9878542510121456,0.6877009868621826,11046,0.5641040802001953,0.0,0.566788911819458,0.0307797865472812,0.0843780040740966,8.869529409768719,0.0071816444396972,-,15.0,0.2280701754385964,0.0041103363037109,0,0,1824,['cluster'],['intersecting']
figure_category_based_markersize110_interleaved_100_200_5d_0_notcramped_notrotated_pca.png,interleaved_100_200_5d_0_notcramped_notrotated_pca,741,5,110,0.4580557968456009,0.8343019485473633,0.4595094251147552,1.3033900260925293,0.4684000685523456,1.2824265956878662,0.4628929251827574,0.879878044128418,0.4635774858343638,0.855370283126831,0.3299623222016495,0.8585083484649658,0.3140508191572937,1.294084072113037,0.2837172601488656,1.312631368637085,0.3327429983339532,0.8839845657348633,0.3209944572059748,0.8606243133544922,0.2578543756286066,0.8739218711853027,0.2385403921460589,1.3343660831451416,0.2034859415127542,1.320068359375,0.2597188032960161,0.8935215473175049,0.2454891070729264,0.8564434051513672,0.9595141700404858,0.7705929279327393,32262,0.6164212226867676,0.0,0.601656436920166,0.0307797865472812,0.0843870639801025,8.869529409768719,0.0070517063140869,-,15.0,0.2280701754385964,0.0038847923278808,0,0,6551,['cluster'],['intersecting']
figure_category_based_markersize160_interleaved_100_200_5d_0_notcramped_notrotated_pca.png,interleaved_100_200_5d_0_notcramped_notrotated_pca,741,5,160,0.3727039751757586,1.4015066623687744,0.3753206484501148,0.9529902935028076,0.3886168158191804,1.373701095581055,0.3769726663987551,0.9526774883270264,0.3788932730689979,0.9387304782867432,0.2589271248415195,0.9386639595031738,0.2469570960306751,1.419094800949097,0.2232247756226336,1.3800606727600098,0.2610752623863916,0.9854187965393066,0.2525883421865537,0.9552724361419678,0.1983699328911716,0.9576878547668456,0.184020259641982,1.426541090011597,0.1565839617407747,1.374520778656006,0.1996839404560658,0.9687745571136476,0.1894385668071874,0.9600987434387208,0.9176788124156544,0.8241162300109863,55310,0.7205474376678467,0.0,0.1222302913665771,0.0307797865472812,0.0837583541870117,8.869529409768719,0.0072007179260253,-,15.0,0.2280701754385964,0.0039105415344238,2,0,12921,['cluster'],['intersecting']
figure_ascending_markersize10_interleaved_100_200_5d_0_notcramped_notrotated_pca.png,interleaved_100_200_5d_0_notcramped_notrotated_pca,741,5,10,0.9229602864977732,0.3129379749298095,0.9174426945503208,0.8359129428863525,0.9046947554767526,1.267730712890625,0.9284723583477288,0.8302736282348633,0.92419980142799,1.3325040340423584,0.8328469462160508,0.8364932537078857,0.8094068305437205,0.8489851951599121,0.7649241727445355,1.2742226123809814,0.8372007960866343,0.8423292636871338,0.8192516587822133,0.8538942337036133,0.7587648476566968,0.8542959690093994,0.724134480828589,0.8622012138366699,0.6625618506460373,0.7514488697052002,0.7622676456742853,1.3369979858398438,0.7357078491251426,0.8338563442230225,0.9946018893387314,0.6873929500579834,460,0.1200873851776123,0.0,0.6552283763885498,0.0307797865472812,0.0843396186828613,8.86952940976872,0.0071041584014892,-,15.0,0.2280701754385964,0.0038490295410156,0,0,0,['cluster'],['intersecting']
figure_ascending_markersize60_interleaved_100_200_5d_0_notcramped_notrotated_pca.png,interleaved_100_200_5d_0_notcramped_notrotated_pca,741,5,60,0.666298830478421,0.9112756252288818,0.6395848778506616,0.9150922298431396,0.5718397854082957,1.371346950531006,0.6754495288328456,0.9221394062042236,0.6573480790329134,0.9011142253875732,0.5027184488767287,0.9295816421508788,0.4646321787417515,0.9323327541351318,0.3854254557361026,1.3374111652374268,0.5087079598806286,0.9042727947235109,0.4803652897706829,0.9318583011627196,0.4036258646688029,0.9160780906677246,0.3648348752617253,0.9239823818206788,0.2906698500088311,1.3624606132507324,0.4079911943008708,0.3725602626800537,0.3784675989635545,1.4614195823669434,0.9878542510121456,0.839470624923706,11046,0.1353354454040527,0.0,0.6986799240112305,0.0307797865472812,0.0849723815917968,8.86952940976872,0.0071642398834228,-,15.0,0.2280701754385964,0.0037896633148193,0,0,0,['cluster'],['intersecting']
figure_ascending_markersize110_interleaved_100_200_5d_0_notcramped_notrotated_pca.png,interleaved_100_200_5d_0_notcramped_notrotated_pca,741,5,110,0.5145373687632404,0.4188542366027832,0.4781640197462276,1.0020911693572998,0.3951045827011812,1.991704225540161,0.5250763511424783,0.4194164276123047,0.499537541114792,1.5564196109771729,0.3611152452440553,0.4315328598022461,0.3231735595985654,1.5606508255004885,0.2498719383780392,0.8665456771850586,0.3671909696245127,1.0309667587280271,0.338451016772694,1.0122756958007812,0.2781714913179262,0.4311459064483642,0.2440636104466026,1.5824296474456787,0.1827109867763094,1.4216272830963137,0.2823046816281487,0.4125783443450928,0.2559231453209489,1.5760366916656494,0.9595141700404858,0.312807559967041,32262,0.7441027164459229,0.0,0.7210981845855713,0.0307797865472812,0.0847871303558349,8.86952940976872,0.007134199142456,-,15.0,0.2280701754385964,0.0038871765136718,0,0,0,['cluster'],['intersecting']
figure_ascending_markersize160_interleaved_100_200_5d_0_notcramped_notrotated_pca.png,interleaved_100_200_5d_0_notcramped_notrotated_pca,741,5,160,0.4340172096861567,0.4588980674743652,0.3960207982413913,1.0781733989715576,0.3091279916154729,1.4903879165649414,0.4436516203005881,1.066484451293945,0.4168534401292169,1.0672404766082764,0.2930312902806731,1.0747020244598389,0.2578639383747919,1.1063730716705322,0.1904021623279367,1.5217390060424805,0.2978766277411115,1.092787504196167,0.2719047095738462,1.0911664962768557,0.2211824884488258,1.083782434463501,0.1911713849556168,1.1021676063537598,0.1375671670185226,2.101219892501831,0.2242067895539617,0.4792704582214355,0.2017514696233303,1.0704119205474854,0.9176788124156544,0.9688165187835692,55310,0.8052535057067871,0.0,0.7779254913330078,0.0307797865472812,0.0836181640625,8.86952940976872,0.0070657730102539,-,15.0,0.2280701754385964,0.0038633346557617,0,0,0,['cluster'],['intersecting']
figure_descending_markersize10_interleaved_100_200_5d_0_notcramped_notrotated_pca.png,interleaved_100_200_5d_0_notcramped_notrotated_pca,741,5,10,0.8772746403069022,0.9524855613708496,0.9041060681078092,0.9390673637390136,0.957816042663304,0.7319810390472412,0.8727014528927965,0.9318914413452148,0.8941012587709377,0.9371471405029296,0.7936000097024601,0.9540069103240968,0.7982503902264256,0.9824419021606444,0.8055493203141469,1.3836238384246826,0.7897236664560173,0.9451868534088136,0.7945609358412596,1.5496861934661863,0.7244973112878412,0.3257739543914795,0.7145845122740528,0.9569368362426758,0.6950545368973001,1.3891286849975586,0.7211551352559173,0.9568581581115724,0.7149639729146652,0.9343245029449464,0.9946018893387314,0.7995576858520508,460,0.7930188179016113,0.0,0.7745857238769531,0.0307797865472812,0.0852794647216796,8.869529409768719,0.0071620941162109,-,15.0,0.2280701754385964,0.0038721561431884,0,0,106,['cluster'],['intersecting']
figure_descending_markersize60_interleaved_100_200_5d_0_notcramped_notrotated_pca.png,interleaved_100_200_5d_0_notcramped_notrotated_pca,741,5,60,0.5489519723153924,1.0291225910186768,0.6022631313738349,0.9991409778594972,0.7175072206380574,1.432274580001831,0.5390046821107903,1.0126311779022217,0.5802415542912824,1.0059432983398438,0.4278640822219877,1.0220129489898682,0.4409562361496767,1.0251307487487793,0.4562932077030048,1.4530398845672607,0.4205790338073734,1.0125885009765625,0.4338045003396801,1.0241053104400637,0.3505415796819883,1.0410010814666748,0.3478026563792203,1.029284954071045,0.334511666881644,1.4431397914886477,0.3448183905311821,1.0351104736328125,0.346386139182344,1.0443768501281738,0.9878542510121456,0.9465837478637696,11046,0.8366031646728516,0.0,0.8366336822509766,0.0307797865472812,0.0849106311798095,8.869529409768719,0.0071804523468017,-,15.0,0.2280701754385964,0.0039663314819335,0,0,4054,['cluster'],['intersecting']
figure_descending_markersize110_interleaved_100_200_5d_0_notcramped_notrotated_pca.png,interleaved_100_200_5d_0_notcramped_notrotated_pca,741,5,110,0.3770349212047734,1.1494123935699463,0.4319664659785958,0.4200470447540283,0.5862440389197148,1.516996145248413,0.3697254423804542,1.1049175262451172,0.4112018769720029,1.1091251373291016,0.2784707056816498,1.1077394485473633,0.2949388680131525,1.1272954940795898,0.3247138121646149,1.5459859371185305,0.2740478078485423,1.1431357860565186,0.2890405817864601,1.1330111026763916,0.2207598215944496,0.4317033290863037,0.2239104211602286,1.099130392074585,0.2245427166686666,1.5451209545135498,0.2177090183038638,1.105679273605347,0.2228388384426463,1.1324841976165771,0.9595141700404858,1.039085865020752,32262,0.8831679821014404,0.0,0.1180789470672607,0.0307797865472812,0.0847678184509277,8.869529409768719,0.0071067810058593,-,15.0,0.2280701754385964,0.0037848949432373,0,0,14196,['cluster'],['intersecting']
figure_descending_markersize160_interleaved_100_200_5d_0_notcramped_notrotated_pca.png,interleaved_100_200_5d_0_notcramped_notrotated_pca,741,5,160,0.2964548870270058,0.4667985439300537,0.3484624682384502,1.1999266147613523,0.5146175009185974,0.9123153686523438,0.2904737364905069,1.203092098236084,0.3294047766995636,1.16357159614563,0.211985601692486,1.168708086013794,0.228845318342692,1.1767847537994385,0.2618805536272652,1.6736702919006348,0.2087575267308697,1.2259345054626465,0.2232712780013689,0.4895849227905273,0.1649781561813125,1.1820948123931885,0.1703641888795974,1.2322096824645996,0.175627203779459,1.6407866477966309,0.1629237420864662,1.2234985828399658,0.1688637477528294,1.2210307121276855,0.9176788124156544,1.0960826873779297,55310,0.1648504734039306,0.0,0.8971471786499023,0.0307797865472812,0.0847761631011962,8.869529409768719,0.0071678161621093,-,15.0,0.2280701754385964,0.0037691593170166,5,0,27455,['cluster'],['intersecting']
figure_category_based_markersize10_world_9d_umap.png,world_9d_umap,151,5,10,0.9834556659055717,0.2993397712707519,0.980677685745584,1.0532820224761963,0.9922821913062448,1.4572858810424805,0.98074983631625,0.3051798343658447,0.9772497843568572,1.0405287742614746,0.933430877990993,1.058119297027588,0.9222802266617584,1.070707082748413,0.889658664688102,1.4743101596832275,0.9218571988940332,1.082902431488037,0.9223181724646908,0.3036305904388428,0.8882489091092243,1.0584800243377686,0.8704468033830759,1.0796163082122805,0.8062725720209104,1.457142353057861,0.8696367450929277,1.0747075080871582,0.8732333661747903,0.3026528358459472,1.0,0.8785037994384766,38,0.9175150394439696,0.0,0.1086490154266357,0.0291913034004613,0.0157043933868408,9.48536785834645,0.0022902488708496,0.01612436338067896,2.177031755447388,0.5695364238410596,0.0008821487426757,0,0,1,['three_order'],['intersecting']
figure_category_based_markersize60_world_9d_umap.png,world_9d_umap,151,5,60,0.6835932077263783,1.142758846282959,0.7000795802967741,1.1184296607971191,0.8923799650818494,0.7070767879486084,0.6323901271730121,1.0982203483581543,0.6628130008085491,1.105797290802002,0.5384467149083154,1.1367957592010498,0.538974289482644,0.3106110095977783,0.5599912467849542,1.5011725425720217,0.5078183244673549,1.1215877532958984,0.525388212476728,1.107454776763916,0.4441424934657967,0.310762882232666,0.4381462181111252,1.1031100749969482,0.4080157959897523,1.5032808780670166,0.4242476168414052,1.1066691875457764,0.435163325734987,0.3151512145996094,1.0,0.9558587074279784,1695,0.93418288230896,0.0,0.1146712303161621,0.0291913034004613,0.0157380104064941,9.48536785834645,0.0022168159484863,0.037082232664668605,2.4672038555145264,0.5695364238410596,0.0008583068847656,0,0,176,['three_order'],['intersecting']
figure_category_based_markersize110_world_9d_umap.png,world_9d_umap,151,5,110,0.4772077903984831,0.3299272060394287,0.5069592121461101,1.1446168422698977,0.8167240786459631,1.542968511581421,0.4412120176955261,1.1494863033294678,0.4728951167121892,0.321279764175415,0.3467921536896055,1.1426074504852295,0.3543808770451985,1.1345033645629885,0.4017238955422505,1.565176486968994,0.3312848998747926,1.18275785446167,0.345751241293912,0.3357996940612793,0.2723593429858109,1.2291600704193115,0.2723979111975972,1.19028639793396,0.2663725873116666,0.7589550018310547,0.2652086736117925,1.1946885585784912,0.2724890811254521,1.1707229614257812,0.9933774834437086,1.271183967590332,5803,0.1299924850463867,0.0,1.047154188156128,0.0291913034004613,0.0163168907165527,9.48536785834645,0.0022892951965332,0.04924933186086611,2.7463228702545166,0.5695364238410596,0.0009264945983886,0,0,865,['three_order'],['intersecting']
figure_category_based_markersize160_world_9d_umap.png,world_9d_umap,151,5,160,0.3981128220727825,0.3442957401275635,0.4293965067737416,1.2017626762390137,0.7186421866782735,1.6158993244171145,0.3689323938073993,0.3554606437683105,0.3967754814686444,1.1995697021484375,0.2765099665467483,1.4683926105499268,0.2837891879064435,1.2061209678649902,0.3225838293839351,0.774592399597168,0.2641244840506619,1.26310133934021,0.2759163198704527,1.2311382293701172,0.2118122809413267,1.2277264595031738,0.2119256959922582,0.3472700119018554,0.207968274339712,1.630695104598999,0.205690918486029,1.4714324474334717,0.2114944046500303,1.2533817291259766,0.9801324503311258,0.1368858814239502,10504,1.0298898220062256,0.0,0.1165552139282226,0.0291913034004613,0.0165846347808837,9.48536785834645,0.0023479461669921,0.05769317554166826,3.068152904510498,0.5695364238410596,0.0009243488311767,0,0,1761,['three_order'],['intersecting']
figure_ascending_markersize10_world_9d_umap.png,world_9d_umap,151,5,10,0.984578048753744,1.2120964527130127,0.9809794370579088,1.235690355300903,0.9752243462259188,0.7025501728057861,0.981872816163623,1.2533953189849854,0.9773040003224888,1.2122633457183838,0.9350919405064744,0.3172965049743652,0.9225752957498836,1.2622418403625488,0.8750558281144915,1.702866554260254,0.9230324805846056,0.3167455196380615,0.9224018832823732,1.292196273803711,0.8903422403299819,1.2297348976135254,0.8707347442328199,1.2531440258026123,0.7935478988043895,0.7133169174194336,0.870845630810498,1.2588317394256592,0.8733401549103432,0.3338837623596191,1.0,1.044952392578125,38,1.091799020767212,0.0,0.1173436641693115,0.0291913034004613,0.0162353515625,9.485367858346448,0.0023753643035888,0.016124363380678956,2.16751766204834,0.5695364238410596,0.0009028911590576,0,0,0,['three_order'],['intersecting']
figure_ascending_markersize60_world_9d_umap.png,world_9d_umap,151,5,60,0.7235340672093955,0.3442983627319336,0.7262648564830204,1.259092092514038,0.717577162964637,1.6862339973449707,0.6597456195102334,1.2876474857330322,0.6779387523295847,0.3256576061248779,0.567472992500448,1.2291934490203855,0.5557768108595362,0.3310773372650146,0.4762127483407071,1.6863021850585938,0.5237188322615753,1.264063835144043,0.536113643051219,1.2715694904327393,0.4667898021808906,0.3394908905029297,0.4501141449638158,1.344853401184082,0.3563505858002692,0.7224841117858887,0.4341960119563137,1.301527500152588,0.4433620842520485,1.2915544509887695,1.0,0.1267721652984619,1695,1.1361236572265625,0.0,1.152580499649048,0.0291913034004613,0.0161690711975097,9.485367858346448,0.0023798942565917,0.0370822326646686,1.399994134902954,0.5695364238410596,0.0008559226989746,0,0,0,['three_order'],['intersecting']
figure_ascending_markersize110_world_9d_umap.png,world_9d_umap,151,5,110,0.5535548046122294,1.2961366176605225,0.5463471886778801,1.3241450786590576,0.5030797588220568,0.7530801296234131,0.4861554470267205,1.3060963153839111,0.4998396852395097,0.3373997211456299,0.3960022491700561,1.3703594207763672,0.3775142843260725,1.365215539932251,0.2945760374434346,0.7625725269317627,0.359011545689563,1.327182054519653,0.3647993468366592,1.3519253730773926,0.308264208724495,0.3492305278778076,0.288394307863835,1.3454651832580566,0.2082612174048873,1.738781452178955,0.2845843859904237,0.3395678997039795,0.2872057458231369,1.3579559326171875,0.9933774834437086,1.1596918106079102,5803,0.1256818771362304,0.0,1.144269943237305,0.0291913034004613,0.0162763595581054,9.485367858346448,0.0023391246795654,0.04924933186086611,1.6234660148620603,0.5695364238410596,0.0008745193481445,0,0,0,['three_order'],['intersecting']
figure_ascending_markersize160_world_9d_umap.png,world_9d_umap,151,5,160,0.4804154505378583,0.6830542087554932,0.4650988696303225,0.636772632598877,0.4032183519172233,1.060539960861206,0.4165011667202526,0.6309695243835449,0.4246986240429686,0.543370246887207,0.3276572051506285,0.5619335174560547,0.3030345521460925,0.6209471225738525,0.2259919950356036,1.0257704257965088,0.2934576319341702,0.5849971771240234,0.2960586551783937,0.6396374702453613,0.2486072697704686,0.6443305015563965,0.2247278388747922,0.5487995147705078,0.1569901808103476,1.0834150314331057,0.226534420118124,0.6815366744995117,0.2272310391899319,0.6700890064239502,0.9801324503311258,0.379401683807373,10504,0.2340688705444336,0.0,0.3247122764587402,0.0291913034004613,0.015993595123291,9.485367858346448,0.0021672248840332,0.05769317554166823,2.146182060241699,0.5695364238410596,0.000842809677124,0,0,0,['three_order'],['intersecting']
figure_descending_markersize10_world_9d_umap.png,world_9d_umap,151,5,10,0.9812073879075536,0.5383257865905762,0.9777199898278328,0.7074377536773682,0.9927686346680404,1.0921597480773926,0.9768085968003564,0.723928689956665,0.9762595846328224,0.6349985599517822,0.930843208159927,0.6564433574676514,0.9196104115836544,0.5428421497344971,0.8923680337831975,1.1634066104888916,0.9181641156489704,0.5404152870178223,0.9213574715534852,0.7479398250579834,0.8853968657804184,0.5476021766662598,0.8680206763480149,0.7858710289001465,0.8104097386826723,0.9552738666534424,0.8661624756706838,0.7238271236419678,0.872301661778982,0.6856472492218018,1.0,0.4086415767669678,38,0.4291660785675049,0.0,0.292278528213501,0.0291913034004613,0.0160646438598632,9.485367858346448,0.0025572776794433,0.01612436338067896,1.4949395656585691,0.5695364238410596,0.0008192062377929,0,0,5,['three_order'],['intersecting']
figure_descending_markersize60_world_9d_umap.png,world_9d_umap,151,5,60,0.6274582916511979,0.5911955833435059,0.659290454819563,0.7620382308959961,0.9789960243598884,1.1536085605621338,0.606535324257421,0.7684671878814697,0.6443808648977482,0.5970628261566162,0.4956254608241284,0.7545366287231445,0.5114112627243339,0.8145608901977539,0.607123699749575,1.1956989765167236,0.4896111388706208,0.7999403476715088,0.5092392750406802,0.6324107646942139,0.4095718963926706,0.7152044773101807,0.4177170998564128,0.7818009853363037,0.4399923122061476,1.2230443954467771,0.4104810938499885,0.8246579170227051,0.4209552175040597,0.8412339687347412,1.0,0.2926108837127685,1695,0.5134751796722412,0.0,0.2918810844421386,0.0291913034004613,0.0160126686096191,9.485367858346448,0.0020577907562255,0.037082232664668605,1.7588460445404053,0.5695364238410596,0.0008566379547119,0,0,539,['three_order'],['intersecting']
figure_descending_markersize110_world_9d_umap.png,world_9d_umap,151,5,110,0.4205217387549997,0.8467326164245605,0.4675477519460801,0.6887657642364502,0.9848614958661362,1.0927488803863523,0.4126980447341866,0.8120262622833252,0.4503900959629684,0.68550705909729,0.3086865907685423,0.8605203628540039,0.3337466052394271,0.8809518814086914,0.462043917676004,1.1438393592834473,0.3144882186933809,0.7154872417449951,0.3293117716526835,0.7097213268280029,0.2438390957519179,0.700230598449707,0.2594874212772774,0.9153857231140136,0.3018210385410286,1.14392352104187,0.2540353757905914,0.9420456886291504,0.2595397316363832,0.7157144546508789,0.9933774834437086,0.3446812629699707,5803,0.5513839721679688,0.0,0.323833703994751,0.0291913034004613,0.0161061286926269,9.485367858346448,0.0022394657135009,0.04924933186086611,1.960892915725708,0.5695364238410596,0.0008642673492431,0,0,2161,['three_order'],['intersecting']
figure_descending_markersize160_world_9d_umap.png,world_9d_umap,151,5,160,0.3398251052380627,0.7744483947753906,0.390291454183041,0.5574133396148682,0.9361303494759324,1.3942372798919678,0.3378063022993443,0.7680177688598633,0.3718691865235856,0.969318389892578,0.2390555165757278,0.568218469619751,0.2660912413763948,0.9952592849731444,0.3853355567246765,1.2080464363098145,0.2463463721169332,0.7844901084899902,0.2581447121923687,0.7882204055786133,0.1843804911923123,0.8081133365631104,0.2018558204252695,0.7850208282470703,0.24259749138539,1.4274230003356934,0.1938595462507447,0.804668664932251,0.197688050456343,0.8137314319610596,0.9801324503311258,0.3859028816223144,10504,0.3757266998291015,0.0,0.6376948356628418,0.0291913034004613,0.0157263278961181,9.485367858346448,0.0021946430206298,0.057693175541668244,2.273154020309448,0.5695364238410596,0.0008363723754882,0,0,4230,['three_order'],['intersecting']
figure_category_based_markersize10_iris_pca.png,iris_pca,147,3,10,1.0,0.5379352569580078,1.0,0.7956173419952393,1.0,1.0644385814666748,1.0,0.5541906356811523,1.0,0.8025038242340088,0.9439207064645389,1.0672099590301514,0.9242980279636004,0.5626637935638428,0.8941043251117109,1.0625176429748535,0.9454814314789268,0.8179752826690674,0.9297509455315076,0.8240864276885986,0.893797191406484,0.8218612670898438,0.8592510304818181,1.080935001373291,0.8084888524426392,0.8157029151916504,0.8966000786547861,0.8291454315185547,0.8687239121115047,0.8380367755889893,1.0,0.6714363098144531,40,0.398216962814331,0.0,0.3907599449157715,0.0302859657812143,0.017627477645874,16.003226914091478,0.0021605491638183,0.016642575699061878,1.6935279369354248,0.0816326530612244,0.0007205009460449,0,0,0,"['lip_cluster','linear']","['separated','touching']"
figure_category_based_markersize60_iris_pca.png,iris_pca,147,3,60,0.990002395344108,0.87430739402771,0.9925028906061402,0.5861644744873047,0.997669724182988,1.0857632160186768,0.9890004594208516,0.8311712741851807,0.9914402479472458,0.8277373313903809,0.7796237520706559,0.602952241897583,0.7475369675559411,0.8696568012237549,0.7016671343386819,1.1275606155395508,0.758594872452267,0.8853499889373779,0.7530256505250498,0.8993408679962158,0.642986982621786,0.6025769710540771,0.5995566053434812,0.8665623664855957,0.5411200725202898,1.1197998523712158,0.6152591088022128,0.8794596195220947,0.6070471978690481,0.873298168182373,1.0,0.4094080924987793,933,0.3930566310882568,0.0,0.7574577331542969,0.0302859657812143,0.0177719593048095,16.003226914091478,0.0021982192993164,0.02595517857773317,1.8613810539245603,0.0816326530612244,0.0007319450378417,0,0,10,"['lip_cluster','linear']","['separated','touching']"
figure_category_based_markersize110_iris_pca.png,iris_pca,147,3,110,0.9516018479227292,0.6175863742828369,0.9686647134988512,0.9293167591094972,0.9848017008748312,0.8684487342834473,0.9613688162230836,0.9166560173034668,0.9662615774626354,0.9462308883666992,0.6576552264771871,0.6353116035461426,0.6278756018258056,0.94309663772583,0.566139188182962,1.199282169342041,0.6514455775809794,0.9733445644378662,0.6358183395632588,0.6492009162902832,0.5024500805891114,0.9709174633026124,0.4644691765864067,0.9734935760498048,0.3972561822845366,0.8877356052398682,0.4926322487079505,0.9652621746063232,0.4737908153711548,0.6520481109619141,0.9863945578231292,0.475107192993164,3078,0.8023309707641602,0.0,0.4938180446624756,0.0302859657812143,0.0174918174743652,16.003226914091478,0.0022897720336914,0.035947947308085565,2.0378048419952397,0.0816326530612244,0.0007269382476806,0,0,54,"['lip_cluster','linear']","['separated','touching']"
figure_category_based_markersize160_iris_pca.png,iris_pca,147,3,160,0.9041924902352968,0.6598591804504395,0.93458039137583,1.005289077758789,0.9527591467582828,0.9145689010620116,0.9316130808665528,1.0092623233795166,0.9331585707556262,0.6807799339294434,0.5579312734355203,1.0135166645050049,0.5243975316306853,0.6773426532745361,0.4444934797324035,1.264909029006958,0.5664455717695731,0.6811554431915283,0.5359614559019903,1.0362753868103027,0.4034353808298687,0.6977205276489258,0.3644445592481735,1.0407981872558594,0.2898617631226797,0.9498245716094972,0.4069370781330964,1.0575339794158936,0.3759423375114571,0.6894433498382568,0.9727891156462584,0.4863724708557129,6553,0.4912829399108886,0.0,0.4777941703796386,0.0302859657812143,0.0172562599182128,16.003226914091478,0.0022056102752685,0.04388735153074088,2.656121253967285,0.0816326530612244,0.0007226467132568,0,0,108,"['lip_cluster','linear']","['separated','touching']"
figure_ascending_markersize10_iris_pca.png,iris_pca,147,3,10,1.0,0.6499102115631104,1.0,1.026149034500122,1.0,0.9248545169830322,1.0,1.0349578857421875,1.0,0.6757016181945801,0.9454548057321196,0.6793396472930908,0.9243671471970736,1.0535175800323486,0.8916418373155093,0.944516658782959,0.9457026830035092,0.6795423030853271,0.9298611954036656,1.058349847793579,0.8965521922353485,0.6847164630889893,0.8593705043392094,1.0764198303222656,0.804470853677763,0.9288909435272216,0.8969980931922045,0.6746776103973389,0.86891643533515,1.0413899421691897,1.0,0.4984173774719238,40,0.5027148723602295,0.0,0.5393176078796387,0.0302859657812143,0.0174231529235839,16.003226914091478,0.0022242069244384,0.016642575699061878,1.5251762866973877,0.0816326530612244,0.000659704208374,0,0,0,"['lip_cluster','linear']","['separated','touching']"
figure_ascending_markersize60_iris_pca.png,iris_pca,147,3,60,0.9905787309597216,1.100377082824707,0.9939034417580342,0.7167220115661621,0.9925079002675404,0.9540469646453856,0.9957581583106614,1.1204447746276855,0.9937607689796122,0.718888521194458,0.7876760153168532,1.1250100135803225,0.7487615804376975,0.7261552810668945,0.6933198267507283,0.9676647186279296,0.7643392625776865,1.138509750366211,0.7550805919300871,0.7354071140289307,0.6537639188954988,0.7357757091522217,0.6006210668845426,0.7177712917327881,0.5327301620722571,1.3841562271118164,0.6202015054967143,0.7319550514221191,0.6088482146716049,0.7197024822235107,1.0,0.5507791042327881,933,0.5387673377990723,0.0,0.98656964302063,0.0302859657812143,0.017578125,16.003226914091478,0.0022206306457519,0.025955178577733176,1.7238438129425049,0.0816326530612244,0.0007047653198242,0,0,0,"['lip_cluster','linear']","['separated','touching']"
figure_ascending_markersize110_iris_pca.png,iris_pca,147,3,110,0.9649320372431376,0.3165678977966308,0.9725597874821212,1.1705455780029297,0.9653173881264064,0.9967432022094728,0.9800173859784568,1.1817727088928225,0.972695642746658,0.7547428607940674,0.6831829717289777,0.7552323341369629,0.6304283138873468,0.755986213684082,0.5490345467759685,0.9963083267211914,0.6660131171120518,1.1790742874145508,0.6405643139538197,0.7671310901641846,0.5287840934319517,0.7669112682342529,0.4663674621787321,0.763556957244873,0.3836077784133199,1.48154616355896,0.504399931497105,0.7698822021484375,0.477514743848949,0.7460517883300781,0.9863945578231292,0.5832738876342773,3078,0.5807149410247803,0.0,0.5830433368682861,0.0302859657812143,0.0173969268798828,16.003226914091478,0.0021059513092041,0.035947947308085565,1.9086363315582275,0.0816326530612244,0.0006816387176513,0,0,0,"['lip_cluster','linear']","['separated','touching']"
figure_ascending_markersize160_iris_pca.png,iris_pca,147,3,160,0.9331423449921418,0.8119051456451416,0.9399479341029914,0.7898232936859131,0.920278798660381,1.0474495887756348,0.956964383851352,1.2423758506774902,0.9419370097412192,0.8126518726348877,0.5964313748387471,0.8119473457336426,0.5275153932766024,0.8025872707366943,0.4245275181077336,1.503699779510498,0.5867931759547798,0.8185758590698242,0.5419960927393601,0.801156759262085,0.4382831978354371,0.800562858581543,0.3666401676967102,0.8044881820678711,0.2759006889031509,1.5533232688903809,0.4231219278326807,0.8065791130065918,0.3804564995904311,0.8092803955078125,0.9727891156462584,0.61472487449646,6553,0.6211662292480469,0.0,0.6114857196807861,0.0302859657812143,0.0175576210021972,16.003226914091478,0.0021345615386962,0.04388735153074088,2.1576850414276123,0.0816326530612244,0.0006570816040039,0,0,0,"['lip_cluster','linear']","['separated','touching']"
figure_descending_markersize10_iris_pca.png,iris_pca,147,3,10,1.0,0.7846059799194336,1.0,0.7936263084411621,1.0,1.042454719543457,1.0,0.8005492687225342,1.0,0.813819169998169,0.9422084933157636,0.7923688888549805,0.9242462125492746,0.7912414073944092,0.8945434590899508,1.0655584335327148,0.9452414750764194,0.8063733577728271,0.9296388462772917,0.794044017791748,0.8907317626979436,0.7935206890106201,0.8591614766604849,0.7912883758544922,0.8092072605165757,1.5430943965911863,0.8961686042261704,0.8155925273895264,0.8685282000790242,0.8020410537719727,1.0,0.631166934967041,40,0.6528511047363281,0.0,0.6519427299499512,0.0302859657812143,0.0175011157989501,16.003226914091478,0.0022127628326416,0.016642575699061878,1.1329796314239502,0.0816326530612244,0.0006616115570068,0,0,0,"['lip_cluster','linear']","['separated','touching']"
figure_descending_markersize60_iris_pca.png,iris_pca,147,3,60,0.9899720665374968,0.820817232131958,0.9925020753616768,1.319451093673706,0.997674268808049,1.1006669998168943,0.9889944635492588,0.8363761901855469,0.9914380211720932,0.8376007080078125,0.7700714573659883,0.8403279781341553,0.7472115839819893,0.8326902389526367,0.7068873787454675,1.0563976764678955,0.7569322399048035,0.824753999710083,0.7522384909076267,0.8276019096374512,0.6301069916992712,0.8249349594116211,0.5991383918137301,0.8297691345214844,0.5473532080219528,1.0837345123291016,0.6130770196003426,1.3705294132232666,0.6060255840595363,0.8536853790283203,1.0,0.1090321540832519,933,0.6581370830535889,0.0,0.6541621685028076,0.0302859657812143,0.0173544883728027,16.003226914091478,0.0020887851715087,0.025955178577733176,1.8267621994018557,0.0816326530612244,0.0006871223449707,0,0,10,"['lip_cluster','linear']","['separated','touching']"
figure_descending_markersize110_iris_pca.png,iris_pca,147,3,110,0.9512764822968958,0.8686139583587646,0.9681359602852648,1.4064815044403076,0.9848822300394168,1.1660099029541016,0.9575047709198312,0.8994174003601074,0.9648426781549596,0.8954200744628906,0.6415836525007615,0.3222846984863281,0.6268081842346536,1.4321913719177246,0.5759362928000136,1.1303329467773438,0.6449079298566467,0.9061479568481444,0.6335218640451719,0.3250453472137451,0.4840113349285777,1.4409246444702148,0.4634229467527807,0.3249361515045166,0.4069579261846299,1.7060811519622805,0.4861834784050547,0.9012041091918944,0.4715832035255454,0.3236167430877685,0.9863945578231292,0.7062332630157471,3078,0.6865756511688232,0.0,0.6990296840667725,0.0302859657812143,0.0176050662994384,16.003226914091478,0.0021083354949951,0.035947947308085565,2.0287857055664062,0.0816326530612244,0.000687837600708,0,0,83,"['lip_cluster','linear']","['separated','touching']"
figure_descending_markersize160_iris_pca.png,iris_pca,147,3,160,0.8972760517707428,0.8895471096038818,0.9329806383883172,0.8874917030334473,0.9554405292487168,1.1433274745941162,0.91847761770995,0.9041755199432372,0.927755256783227,0.897341251373291,0.5345624983796302,0.8883035182952881,0.5224638569976707,0.8981914520263672,0.4578865452528553,1.156447410583496,0.5530322620963751,1.4842331409454346,0.5314251520825735,0.3338041305541992,0.3806778452820376,1.5201480388641355,0.3628206914730851,0.3298215866088867,0.3010908569471057,1.7676739692687988,0.3956216729202719,0.3405580520629883,0.3723570192475345,0.9174814224243164,0.9727891156462584,0.7364144325256348,6553,0.7248382568359375,0.0,0.7140021324157715,0.0302859657812143,0.0176596641540527,16.003226914091478,0.0022430419921875,0.04388735153074088,2.24263858795166,0.0816326530612244,0.0006773471832275,0,0,257,"['lip_cluster','linear']","['separated','touching']"
figure_category_based_markersize10_olive_tsne.png,olive_tsne,572,3,10,0.9938934348760968,0.9039037227630616,0.9968532502774344,0.91505765914917,0.9987265908246762,1.2050867080688477,0.9908452615345942,0.9436299800872804,0.9930429294039308,0.9397130012512208,0.851431153135283,0.9240658283233644,0.8647446511691324,0.9330103397369384,0.8628115306747597,0.5863425731658936,0.8488158070335637,0.916990041732788,0.8568812531353682,0.9202723503112792,0.7446892033680197,1.5446772575378418,0.7635541596441007,0.3179681301116943,0.7594581230248871,1.1871607303619385,0.7423990564976308,0.926668643951416,0.7535568536386683,1.5531606674194336,0.9965034965034965,0.1274681091308593,280,0.768247127532959,0.0,0.7618062496185303,0.0301227935809461,0.0604631900787353,6.113338833190351,0.0067133903503417,-,15.0,0.0926573426573426,0.0021753311157226,0,0,3,['cluster'],"['intersecting','separated']"
figure_category_based_markersize60_olive_tsne.png,olive_tsne,572,3,60,0.8650229947232632,1.0482330322265625,0.890830771777311,0.3507599830627441,0.9826086936528388,1.2415151596069336,0.8403880818711402,0.999541997909546,0.8711555338370846,0.9843297004699708,0.3680536644972723,0.983360767364502,0.3807153256822259,0.9793965816497804,0.3710522049295267,1.904555082321167,0.3584052235930615,0.3543763160705566,0.370372341108566,0.9887039661407472,0.2337567380155107,0.9869115352630616,0.2420884706909097,0.9996709823608398,0.2287084967063204,1.2971999645233154,0.2277723059718636,1.0297188758850098,0.2351795370224907,1.0714917182922363,0.9772727272727272,0.8946738243103027,13349,0.8415238857269287,0.0,0.1128036975860595,0.0301227935809461,0.0606396198272705,6.113338833190351,0.0058567523956298,-,15.0,0.0926573426573426,0.0021767616271972,0,0,326,['cluster'],"['intersecting','separated']"
figure_category_based_markersize110_olive_tsne.png,olive_tsne,572,3,110,0.7223437206308949,1.068978786468506,0.7656240431944866,1.0429940223693848,0.9230272127648422,1.3249201774597168,0.6752769485463794,1.0756263732910156,0.7265223893591598,1.0708324909210205,0.2557554057864665,1.0779659748077393,0.2635903326110337,1.0783977508544922,0.2515877642699187,0.66184401512146,0.2450013972998255,1.0602946281433103,0.2532542991540402,1.043069839477539,0.1553859311339047,1.0674235820770264,0.1591999856421765,1.1238799095153809,0.1456426518421696,1.3306388854980469,0.1496480682638001,1.0557630062103271,0.1533558747721468,1.1709017753601074,0.8671328671328671,0.9096403121948242,32924,0.8724925518035889,0.0,0.1164472103118896,0.0301227935809461,0.0611863136291503,6.113338833190351,0.0059378147125244,-,15.0,0.0926573426573426,0.0024547576904296,0,0,1517,['cluster'],"['intersecting','separated']"
figure_category_based_markersize160_olive_tsne.png,olive_tsne,572,3,160,0.6047972055677678,0.4240972995758056,0.6565914636418447,1.153921127319336,0.8722359742554642,1.382131576538086,0.5494935523414524,1.1432888507843018,0.6095274501033099,1.1240544319152832,0.2150339222841323,1.145118236541748,0.2222716742908124,1.1585853099822998,0.2151344142251596,0.6996414661407471,0.2043384058104453,1.123849868774414,0.21223673186226,1.111866474151611,0.1307632032013574,1.1365785598754885,0.1337796118138294,1.125798225402832,0.1226988622071562,1.4124529361724854,0.1255047222782288,0.4393737316131592,0.1284880607617577,1.104403018951416,0.7482517482517482,0.8904757499694824,47449,0.8723816871643066,0.0,0.1193110942840576,0.0301227935809461,0.0605523586273193,6.113338833190351,0.005875825881958,-,15.0,0.0926573426573426,0.0021278858184814,0,0,3632,['cluster'],"['intersecting','separated']"
figure_ascending_markersize10_olive_tsne.png,olive_tsne,572,3,10,0.9971522599182986,1.0480132102966309,0.9968536708364488,1.0305755138397217,0.9987719428863068,1.2991890907287598,0.9986952391187374,1.041910171508789,0.9975852446809582,0.3077921867370605,0.8549593368843751,1.054527997970581,0.8652368047815544,1.102013349533081,0.8593324801074727,1.3410184383392334,0.8555266613651696,1.079150676727295,0.8606815248222708,0.3211030960083008,0.7482584274446831,1.030947208404541,0.7643216697223713,1.073972225189209,0.7540577844066625,1.3166844844818115,0.7482594605588524,0.3234272003173828,0.756819340134005,1.0467000007629397,0.9965034965034965,0.8914389610290527,280,0.8858928680419922,0.0,0.1130313873291015,0.0301227935809461,0.0604517459869384,6.11333883319035,0.0059552192687988,-,15.0,0.0926573426573426,0.0020680427551269,0,0,0,['cluster'],"['intersecting','separated']"
figure_ascending_markersize60_olive_tsne.png,olive_tsne,572,3,60,0.9199542216012764,1.1063511371612549,0.9047893754892452,1.1168968677520752,0.9695071863434808,1.3794012069702148,0.9312627401805748,0.3653950691223144,0.9269511017773284,1.0950231552124023,0.385416989675315,1.1449863910675049,0.3862553400937544,1.136369705200195,0.3541724559810784,1.4162163734436035,0.3809890494058392,0.3676881790161133,0.3833788196622655,1.1189236640930176,0.2437731661253926,1.1269807815551758,0.2455378203366869,1.1251561641693115,0.216660562582973,0.6374585628509521,0.2394817290450934,1.110304832458496,0.2416645822682375,1.1196579933166504,0.9772727272727272,0.9852008819580078,13349,0.1323573589324951,0.0,0.8881757259368896,0.0301227935809461,0.0608117580413818,6.11333883319035,0.0059530735015869,-,15.0,0.0926573426573426,0.0023083686828613,0,0,0,['cluster'],"['intersecting','separated']"
figure_ascending_markersize110_olive_tsne.png,olive_tsne,572,3,110,0.8356234315389711,1.2220425605773926,0.8020744406143984,0.399409532546997,0.8703200155476507,1.449490308761597,0.8592087500125838,1.167524337768555,0.8401751045282579,1.190685749053955,0.2783714075906703,1.189279556274414,0.2714684619375758,0.3999617099761963,0.2314962803844595,1.4811837673187256,0.2744251664222208,1.2002921104431152,0.2696386229272205,0.3966183662414551,0.1670024910962885,1.1876649856567385,0.1633834425727036,1.18920636177063,0.1335034162574145,1.4489319324493408,0.1632893047467265,1.1841390132904053,0.1605882169184734,0.3836483955383301,0.8671328671328671,1.003824234008789,32924,0.973311185836792,0.0,0.1130878925323486,0.0301227935809461,0.0592155456542968,6.11333883319035,0.0057408809661865,-,15.0,0.0926573426573426,0.0020740032196044,0,0,0,['cluster'],"['intersecting','separated']"
figure_ascending_markersize160_olive_tsne.png,olive_tsne,572,3,160,0.7652973438802997,0.4128355979919433,0.7166464149039706,1.2459056377410889,0.7717820249059567,1.4991884231567385,0.7990157288717863,0.4280087947845459,0.7654483698337038,1.2517633438110352,0.2437420444248276,1.2373807430267334,0.2334298740072369,0.4379820823669433,0.1905805729289696,1.5247623920440674,0.2412449626423221,1.268118143081665,0.2326678313392411,1.2986316680908203,0.144954544839522,1.281016826629639,0.1394214910378103,0.434218168258667,0.1087128283500713,1.5162110328674316,0.1420698985126006,1.2653827667236328,0.1371832125050427,1.279837131500244,0.7482517482517482,0.17950439453125,47449,1.0103514194488523,0.0,0.1168937683105468,0.0301227935809461,0.0603804588317871,6.11333883319035,0.0057685375213623,-,15.0,0.0926573426573426,0.0021028518676757,0,0,0,['cluster'],"['intersecting','separated']"
figure_descending_markersize10_olive_tsne.png,olive_tsne,572,3,10,0.9938916248484008,0.3153393268585205,0.9951531302526914,1.1726031303405762,0.9991432893389908,1.4291226863861084,0.9908430261953624,1.181715726852417,0.9930421283635776,0.311248779296875,0.8503205448292934,1.1664869785308838,0.8630814057084157,1.1720173358917236,0.8639305519373618,0.5774068832397461,0.8479190119122504,1.159787654876709,0.8564530225154271,1.1836605072021484,0.7429926839146823,0.3216688632965088,0.7619581478340677,1.172349452972412,0.7609519349082821,1.4359760284423828,0.7410293382467283,1.1926233768463137,0.7528951985075242,0.3142445087432861,0.9965034965034965,1.0120880603790283,280,1.0155742168426514,0.0,0.1138818264007568,0.0301227935809461,0.0581731796264648,6.113338833190351,0.0058028697967529,-,15.0,0.0926573426573426,0.0020656585693359,0,0,3,['cluster'],"['intersecting','separated']"
figure_descending_markersize60_olive_tsne.png,olive_tsne,572,3,60,0.8519747604441062,1.2770898342132568,0.8742515410165073,0.3499631881713867,1.0067230627556076,1.5217783451080322,0.8391898307921626,1.3026630878448486,0.8707618968926667,0.3673834800720215,0.3590083959840366,1.2816598415374756,0.3748947363764419,1.2981946468353271,0.3871873660018858,0.6501133441925049,0.3534974745692485,1.2735753059387207,0.3682336983771057,1.5719935894012451,0.2274196888638621,0.3842160701751709,0.2386068066872578,1.2824933528900146,0.2396853813591767,1.530531406402588,0.2239078227306921,1.302307367324829,0.2334858998625011,0.3705604076385498,0.9772727272727272,1.108642578125,13349,1.09698224067688,0.0,0.1198072433471679,0.0301227935809461,0.06278657913208,6.113338833190351,0.0062038898468017,-,15.0,0.0926573426573426,0.0021619796752929,0,0,332,['cluster'],"['intersecting','separated']"
figure_descending_markersize110_olive_tsne.png,olive_tsne,572,3,110,0.6860330886547122,0.3978049755096435,0.73618346581302,1.334012508392334,0.9941302904254778,1.643017053604126,0.6705581015679052,1.3816070556640625,0.7248986392313623,0.4086894989013672,0.2424798144630151,1.3447613716125488,0.2561543819282357,0.4070656299591064,0.2728970576086565,1.617128610610962,0.2390516580308133,1.3431944847106934,0.2507523292610076,1.4104461669921875,0.1472655668693666,0.4128189086914062,0.1550523555426077,1.3974828720092771,0.1581561152845092,1.7529654502868652,0.1454524843375091,0.4145889282226562,0.1515956698590956,1.347825527191162,0.8671328671328671,1.1554484367370603,32924,0.1399846076965332,0.0,1.0717062950134275,0.0301227935809461,0.0596206188201904,6.113338833190351,0.0057959556579589,-,15.0,0.0926573426573426,0.0022156238555908,0,0,1571,['cluster'],"['intersecting','separated']"
figure_descending_markersize160_olive_tsne.png,olive_tsne,572,3,160,0.557707608884547,0.4368691444396972,0.6212720551410517,1.4147765636444092,0.9872493354423646,0.7193737030029297,0.5420445244132246,1.3955156803131104,0.6068470948945588,1.406360149383545,0.1995196400060319,0.4488739967346191,0.2134183027273061,1.3991382122039795,0.2390954475121867,1.7145991325378418,0.1976848689753478,0.4496757984161377,0.2094285728106896,1.3912076950073242,0.1214916023779036,1.5380744934082031,0.1288383077819667,0.4486143589019775,0.1360184298868437,1.6624102592468262,0.1208861636972773,1.492175817489624,0.126551301617258,0.4445762634277344,0.7482517482517482,1.1529688835144043,47449,1.1166789531707764,0.0,0.1214303970336914,0.0301227935809461,0.0630841255187988,6.113338833190351,0.0062127113342285,-,15.0,0.0926573426573426,0.0021388530731201,0,0,3756,['cluster'],"['intersecting','separated']"
figure_category_based_markersize10_swanson_pca.png,swanson_pca,1875,3,10,0.0909090909090911,0.6601166725158691,0.0909091307263307,0.612462043762207,0.1147251153985947,0.9386096000671388,0.0909090909090917,0.7059664726257324,0.0909090909090909,0.5786435604095459,0.0625000000000003,0.5646028518676758,0.0625000305822864,0.6977729797363281,0.0729071347146892,0.9234950542449952,0.0625000000000003,0.5910580158233643,0.0624999999999994,0.6245734691619873,0.0476190476190476,0.6202430725097656,0.0476190722001006,0.6473219394683838,0.0534311614682487,0.98041033744812,0.047619047619048,0.6626276969909668,0.0476190476190476,0.6665878295898438,0.0,0.3940370082855224,2000,0.3954865932464599,1.0,0.2470982074737548,0.0246314024090141,0.1824181079864502,1.1422770653145524e-15,0.016343355178833,-,15.0,0.9893333333333332,0.0050630569458007,0,0,8416,['linear'],['intersecting']
figure_category_based_markersize60_swanson_pca.png,swanson_pca,1875,3,60,0.0909108118326571,0.961805820465088,0.0909060115504504,0.7612080574035645,0.1107513320455937,1.060041904449463,0.0909105099818673,0.8137671947479248,0.0909095839725783,0.8275814056396484,0.0625012652987616,0.8253955841064453,0.0624977373018551,0.8073420524597168,0.0711536036938543,1.0783441066741943,0.0625010433645371,0.8315129280090332,0.0625003625216403,0.832564115524292,0.0476200444472679,0.8263595104217529,0.0476172655352317,0.8497433662414551,0.0524137388561831,1.1091105937957764,0.0476198696028475,0.8300423622131348,0.0476193332208642,0.877392053604126,0.0,0.4767923355102539,11858,0.4718306064605713,1.0,0.2928152084350586,0.0246314024090141,0.1814820766448974,1.1422770653145524e-15,0.0163586139678955,-,15.0,0.9893333333333332,0.0046675205230712,0,0,52694,['linear'],['intersecting']
figure_category_based_markersize110_swanson_pca.png,swanson_pca,1875,3,110,0.090910758626878,0.9783990383148192,0.0908951465863909,0.8108935356140137,0.1069340535099447,1.409309148788452,0.0909105642898923,0.864107608795166,0.0909097286870567,1.1472492218017578,0.0625012261794866,1.0461244583129885,0.0624897490927539,0.8514409065246582,0.0694317074631694,1.2935609817504885,0.0625010832942212,0.8954677581787109,0.0625004689220484,1.0333104133605957,0.0476200136282772,1.0344250202178955,0.0476109723365713,1.065501689910889,0.0514040362674452,1.13690447807312,0.0476199010602856,0.9757359027862548,0.0476194170452585,1.0590488910675049,0.0,0.5669567584991455,21942,0.5939741134643555,1.0,0.3274524211883545,0.0246314024090141,0.1805498600006103,1.1422770653145524e-15,0.0161981582641601,-,15.0,0.9893333333333332,0.0048930644989013,0,0,103570,['linear'],['intersecting']
figure_category_based_markersize160_swanson_pca.png,swanson_pca,1875,3,160,0.0909105884204508,0.8271229267120361,0.0908898415089735,1.1839594841003418,0.1054071628586584,1.2914001941680908,0.0909104725839086,1.0059475898742676,0.0909097628968791,1.2072594165802002,0.0625011010360924,1.2457680702209473,0.0624858487071359,1.232899188995361,0.0687313977624074,1.313081979751587,0.0625010158678842,1.25144362449646,0.0625004940746132,1.043431043624878,0.047619915037699,1.037022352218628,0.0476078995897444,1.0322613716125488,0.0509898109626815,1.524833917617798,0.0476198479404182,1.052757978439331,0.0476194368609539,1.0583198070526123,0.0,0.6606283187866211,31500,0.6769325733184814,1.0,0.3645608425140381,0.0246314024090141,0.1745026111602783,1.1422770653145524e-15,0.0165085792541503,-,15.0,0.9893333333333332,0.0045208930969238,0,0,152920,['linear'],['intersecting']
figure_ascending_markersize10_swanson_pca.png,swanson_pca,1875,3,10,0.0909090909090917,0.9906327724456788,0.0909091307263311,0.7812249660491943,0.1451095767154392,1.0316009521484375,0.090909090909092,0.7945106029510498,0.0909090909090912,0.7873375415802002,0.0625000000000006,0.7806413173675537,0.0625000305822867,1.0027189254760742,0.0785695457051731,0.8377847671508789,0.0625000000000006,0.98954439163208,0.0624999999999996,0.7650051116943359,0.047619047619048,0.9764339923858644,0.0476190722001008,0.5914220809936523,0.0566804068343436,1.2805218696594238,0.0476190476190482,0.8098015785217285,0.0476190476190477,1.0476324558258057,0.0,0.3908483982086181,2000,0.6629352569580078,1.0,0.4000563621520996,0.0246314024090141,0.1760613918304443,1.1422770653145524e-15,0.0161285400390625,-,15.0,0.9973333333333332,0.0046274662017822,0,0,0,['linear'],['intersecting']
figure_ascending_markersize60_swanson_pca.png,swanson_pca,1875,3,60,0.0909515746146317,0.7048559188842773,0.0909812854912096,1.150747776031494,0.1397028136549041,1.197765827178955,0.0909412805499304,0.6835548877716064,0.0909206829517104,1.1907966136932373,0.0625312368631944,0.941396713256836,0.0625530848674011,0.9505748748779296,0.0782129305847941,0.9535057544708252,0.0625236677918643,1.2034881114959717,0.0625085230443064,0.7304716110229492,0.047643657059524,1.2092912197113037,0.047660870654742,0.6888842582702637,0.0568224379360055,1.4999277591705322,0.0476376938163976,1.0063934326171875,0.0476257622740204,0.7205781936645508,0.0,0.7563323974609375,11858,0.4775128364562988,1.0,0.4249782562255859,0.0246314024090141,0.1762280464172363,1.1422770653145524e-15,0.0161738395690917,-,15.0,0.9973333333333332,0.0045807361602783,0,0,0,['linear'],['intersecting']
figure_ascending_markersize110_swanson_pca.png,swanson_pca,1875,3,110,0.09100501097083,1.0796427726745603,0.0910727273105094,1.0780160427093506,0.1343247849191025,1.062136173248291,0.0909828561292506,1.0596745014190674,0.0909345392536299,1.0710597038269043,0.0625705297271578,1.0440614223480225,0.062620329021648,1.376756191253662,0.0776420274634176,1.0849030017852783,0.062554238422113,1.077592134475708,0.0625187110823358,1.1078526973724363,0.0476746144737776,1.1061372756958008,0.0477138519661374,1.125260829925537,0.0568247106160902,1.1049408912658691,0.0476617789881077,1.0980894565582275,0.0476337887319795,1.106142282485962,0.0,0.8459036350250244,21942,0.5376307964324951,1.0,0.4597244262695312,0.0246314024090141,0.1753804683685302,1.1422770653145524e-15,0.0160057544708251,-,15.0,0.9973333333333332,0.0045812129974365,0,0,0,['linear'],['intersecting']
figure_ascending_markersize160_swanson_pca.png,swanson_pca,1875,3,160,0.0910305281783491,0.6568448543548584,0.0911168404484268,1.2281346321105957,0.1322740092473738,1.7718276977539062,0.09100280268935,0.940546989440918,0.0909412121466096,1.226640224456787,0.0625892941922516,0.9306261539459229,0.0626527721410679,1.2037091255187988,0.0774174026402967,1.5077462196350098,0.0625689058683092,1.2248539924621582,0.0625236174963311,1.2666492462158203,0.0476893987784966,1.251561164855957,0.0477394151142244,1.271167516708374,0.0568254916808307,1.2217557430267334,0.0476733350684017,1.2520384788513184,0.0476376541915509,1.274712324142456,0.0,0.5646312236785889,31500,0.5776746273040771,1.0,0.8592028617858887,0.0246314024090141,0.1761126518249511,1.1422770653145524e-15,0.0160713195800781,-,15.0,0.9973333333333332,0.0045366287231445,0,0,0,['linear'],['intersecting']
figure_descending_markersize10_swanson_pca.png,swanson_pca,1875,3,10,0.0909090909090911,1.0214619636535645,0.0909090643642626,0.6663739681243896,0.0733292632775927,1.2675800323486328,0.0909090909090915,0.6909358501434326,0.0909090909090909,1.0298562049865725,0.0625000000000003,0.6805346012115479,0.0624999796118102,0.9796159267425536,0.0527491754958535,1.2814185619354248,0.0625000000000002,1.054291009902954,0.0624999999999994,0.7031693458557129,0.0476190476190476,1.0603034496307373,0.0476190312316798,0.7057075500488281,0.0426270034416877,0.9483659267425536,0.047619047619048,1.0316007137298584,0.0476190476190476,1.0585825443267822,0.0,0.5144352912902832,2000,0.5078334808349609,1.0,0.8876357078552246,0.0246314024090141,0.1771233081817627,1.1422770653145524e-15,0.0159010887145996,-,15.0,0.9973333333333332,0.0045065879821777,0,0,15792,['linear'],['intersecting']
figure_descending_markersize60_swanson_pca.png,swanson_pca,1875,3,60,0.0908666032324847,0.7984552383422852,0.0908368988106252,1.1406073570251465,0.0732638122680784,1.047454833984375,0.0908768989885075,1.139148473739624,0.0908974985708381,0.8005435466766357,0.0624687622446741,1.1621079444885254,0.0624469232728915,1.1729774475097656,0.0524442079875052,1.0942392349243164,0.0624763316959764,1.182889699935913,0.0624914768892752,0.8231630325317383,0.0475944383124512,1.1970343589782717,0.0475772335841068,0.828406572341919,0.0421545753918697,1.4820170402526855,0.0476004014985524,0.8788981437683105,0.0476123329740418,0.8440189361572266,0.0,0.990880250930786,11858,0.5942838191986084,1.0,0.1289982795715332,0.0246314024090141,0.175666332244873,1.1422770653145524e-15,0.0162370204925537,-,15.0,0.9973333333333332,0.004561424255371,0,0,99924,['linear'],['intersecting']
figure_descending_markersize110_swanson_pca.png,swanson_pca,1875,3,110,0.090813150601632,0.9016058444976808,0.0907454103099951,1.3199365139007568,0.0732018084957372,1.2182340621948242,0.0908353137160999,0.9344635009765624,0.0908836411397118,1.3271644115447998,0.0624294657244931,0.9348576068878174,0.0623796690565086,1.3238115310668943,0.0521363076979045,1.19834303855896,0.0624457588880922,1.3514254093170166,0.0624812885975616,0.9455006122589112,0.0475634814468476,1.3486394882202148,0.0475242543559591,0.9386532306671144,0.04167728226435,1.6209962368011477,0.0475763166536137,0.9610226154327391,0.0476043065541494,0.9551608562469482,0.0,0.6197569370269775,21942,1.1497454643249512,1.0,0.6093037128448486,0.0246314024090141,0.1741251945495605,1.1422770653145524e-15,0.0161173343658447,-,15.0,0.9973333333333332,0.0047442913055419,0,0,198372,['linear'],['intersecting']
figure_descending_markersize160_swanson_pca.png,swanson_pca,1875,3,160,0.0907876211877217,0.6195700168609619,0.0907012614836754,1.4522783756256104,0.0731768686332189,1.344005107879639,0.0908153598046737,1.0632688999176023,0.0908769674015098,1.4777753353118896,0.0624106985171354,1.092895269393921,0.0623472181244544,1.0616111755371094,0.0520066812497679,1.7999932765960691,0.0624310897903669,1.079575538635254,0.0624763819936913,1.0608057975769043,0.0475486975536262,1.4685285091400146,0.0474986926567218,1.053422927856445,0.0414784084578666,1.7714612483978271,0.0475647608211599,1.0971968173980713,0.0476004411230702,1.0906603336334229,0.0,0.6918301582336426,31500,0.7037227153778076,1.0,0.6227917671203613,0.0246314024090141,0.1768403053283691,1.1422770653145524e-15,0.0161521434783935,-,15.0,0.9973333333333332,0.0044488906860351,0,0,294153,['linear'],['intersecting']
figure_category_based_markersize10_ms_interleaved_40_80_3d_0_umap.png,ms_interleaved_40_80_3d_0_umap,185,3,10,1.0,0.3073687553405761,1.0,0.7624547481536865,1.0,0.9894077777862548,1.0,1.2181684970855713,1.0,0.7307541370391846,0.9803917730661924,0.7584846019744873,0.9808163285224526,1.22674822807312,0.9703733340031272,1.0170705318450928,0.9809066498459608,0.7743701934814453,0.9809057979492676,1.244661808013916,0.9615377231845724,0.7872133255004883,0.962354829626075,0.7875304222106934,0.9424516342179452,1.028484344482422,0.9625287513628598,0.7781696319580078,0.9625271108160384,0.7886326313018799,1.0,0.6019570827484131,12,0.6116371154785156,0.0,1.1397476196289062,0.0294674712749658,0.0181648731231689,12.512968495706868,0.0023884773254394,0.011603685409398934,2.070955753326416,0.081081081081081,0.0008659362792968,0,0,0,['cluster'],['touching']
figure_category_based_markersize60_ms_interleaved_40_80_3d_0_umap.png,ms_interleaved_40_80_3d_0_umap,185,3,60,0.9756319733470766,1.2779123783111572,0.9759030506844693,0.8299036026000977,0.9944187241928318,1.0454981327056885,0.9704687268952836,0.7827141284942627,0.9748867447636024,0.7903902530670166,0.7096071771919339,0.8108251094818115,0.7169136825964517,0.7857203483581543,0.6899706389923884,1.0525343418121338,0.7054016614526495,0.7958455085754395,0.7117599576167206,1.2964754104614258,0.5575739347537767,0.8164339065551758,0.5665580574369151,0.8235607147216797,0.5282448651358054,1.0549356937408447,0.5540675200063663,1.3430864810943604,0.5604828463088374,0.8768393993377686,0.9945945945945946,0.6650145053863525,1309,0.1135351657867431,0.0,0.6525588035583496,0.0294674712749658,0.017791748046875,12.512968495706868,0.0025157928466796,0.02589941071003936,2.846750020980835,0.081081081081081,0.000922679901123,0,0,0,['cluster'],['touching']
figure_category_based_markersize110_ms_interleaved_40_80_3d_0_umap.png,ms_interleaved_40_80_3d_0_umap,185,3,110,0.9653771704017208,1.329204797744751,0.9657700264822532,0.8665206432342529,0.9919750400790616,1.109769344329834,0.958071346069166,0.865365743637085,0.964304788152168,0.8343758583068848,0.5802499800187644,0.8226544857025146,0.5826674092785602,1.3916471004486084,0.5618402367118744,1.138217210769653,0.5741654112089745,0.8780877590179443,0.5783444547229082,0.8754396438598633,0.4147784339701816,0.8722636699676514,0.4171800220898526,0.8576240539550781,0.3919046717092487,1.1300380229949951,0.4099111335196247,0.8803527355194092,0.4130302397483085,0.8843190670013428,0.9891891891891892,0.6865231990814209,4358,0.7055783271789551,0.0,0.1080591678619384,0.0294674712749658,0.0175948143005371,12.512968495706868,0.0022962093353271,0.034190731675282804,3.080430030822754,0.081081081081081,0.0009002685546875,0,0,0,['cluster'],['touching']
figure_category_based_markersize160_ms_interleaved_40_80_3d_0_umap.png,ms_interleaved_40_80_3d_0_umap,185,3,160,0.9585234782441242,1.4150958061218262,0.95907765287055,0.9155378341674804,0.9902814314466584,1.1504530906677246,0.949755510528246,0.916184902191162,0.9572733702583744,0.968353271484375,0.4840269975502581,0.9318339824676514,0.4864788394794491,0.9065320491790771,0.4620056260223715,1.152784824371338,0.476760267028831,0.3473391532897949,0.4819554843142671,1.4357826709747314,0.3237576967174741,0.920097589492798,0.3258913550192214,0.9491579532623292,0.3012830742004638,1.1690442562103271,0.3182607280507159,0.3493061065673828,0.3220480013308274,0.9362130165100098,0.9891891891891892,0.7506840229034424,8903,0.122380256652832,0.0,0.7050611972808838,0.0294674712749658,0.0179312229156494,12.512968495706868,0.0024118423461914,0.04027320269534653,3.485711574554444,0.081081081081081,0.0008587837219238,0,0,0,['cluster'],['touching']
figure_ascending_markersize10_ms_interleaved_40_80_3d_0_umap.png,ms_interleaved_40_80_3d_0_umap,185,3,10,1.0,1.4173436164855957,1.0,0.8920211791992188,1.0,0.534421443939209,1.0,1.4275133609771729,1.0,0.8985257148742676,0.9804450062435806,0.3037550449371338,0.9808219446060612,1.4199154376983645,0.9691124873640344,0.5388851165771484,0.98103805774698,1.4421262741088867,0.9809600524237372,0.9232058525085448,0.9616401393231933,0.2980077266693115,0.9623656429954708,1.4937927722930908,0.940075881689581,0.5475649833679199,0.962781844018446,1.4634745121002195,0.9626315972763416,0.3083477020263672,1.0,0.721393346786499,12,0.7391149997711182,0.0,0.7507719993591309,0.0294674712749658,0.0176928043365478,12.512968495706868,0.0024430751800537,0.011603685409398934,2.300868034362793,0.081081081081081,0.000807762145996,0,0,0,['cluster'],['touching']
figure_ascending_markersize60_ms_interleaved_40_80_3d_0_umap.png,ms_interleaved_40_80_3d_0_umap,185,3,60,0.9756749290307856,0.9389142990112304,0.975910645647096,0.938957929611206,0.9943620741247392,1.1789920330047607,0.97050096923663,0.9610106945037842,0.974899449761156,0.3091499805450439,0.7142945526306972,1.5556111335754397,0.7177561893995421,0.3155214786529541,0.6657583330539132,1.7879037857055664,0.7083615900958093,0.3140475749969482,0.7131234735665255,0.916696548461914,0.5633695469276456,1.6071374416351318,0.5676085525299164,0.3124744892120361,0.500394514595571,1.801387071609497,0.5577179188259644,0.3207428455352783,0.5621715022391218,0.9063007831573486,0.9945945945945946,0.7567636966705322,1309,0.7788925170898438,0.0,0.7666380405426025,0.0294674712749658,0.0178949832916259,12.512968495706868,0.0023655891418457,0.025899410710039355,2.613227844238281,0.081081081081081,0.0008323192596435,0,0,0,['cluster'],['touching']
figure_ascending_markersize110_ms_interleaved_40_80_3d_0_umap.png,ms_interleaved_40_80_3d_0_umap,185,3,110,0.9655145080351144,0.3364360332489013,0.965791691797818,0.9188575744628906,0.9917836193866534,1.841759204864502,0.958179179880516,0.3304531574249267,0.9643455951263468,0.9416937828063964,0.5874412015503903,0.9570512771606444,0.5838222343188769,1.6120710372924805,0.526020599462041,0.5611796379089355,0.5788698349252394,0.9524490833282472,0.5803893364398224,0.9658997058868408,0.4221406271961304,0.9553992748260498,0.4183609712259369,0.9533562660217284,0.3579292764538362,1.2120747566223145,0.4147033887668919,1.659672498703003,0.415111718841949,0.3264107704162597,0.9891891891891892,0.8332211971282959,4358,0.7989459037780762,0.0,0.8021831512451172,0.0294674712749658,0.0176410675048828,12.512968495706868,0.0024275779724121,0.034190731675282804,2.886510372161865,0.081081081081081,0.0007894039154052,0,0,0,['cluster'],['touching']
figure_ascending_markersize160_ms_interleaved_40_80_3d_0_umap.png,ms_interleaved_40_80_3d_0_umap,185,3,160,0.9588133038157368,0.3467895984649658,0.9591185453805512,1.0002031326293943,0.9899134941743732,1.3023228645324707,0.9499962471726452,1.0202596187591553,0.9573630855527347,1.002326488494873,0.4935289004338564,1.0439388751983645,0.487836258973413,1.0356872081756592,0.4223242845243437,0.5892856121063232,0.4833069656266865,1.0289306640625,0.4847780268055142,1.0063154697418213,0.3322820289379674,1.0190880298614502,0.3271060759281751,1.031139612197876,0.2684197639860511,1.2732796669006348,0.3240943697597053,1.051161289215088,0.3245632293735403,1.025895118713379,0.9891891891891892,0.8536367416381836,8903,0.1202778816223144,0.0,0.8413879871368408,0.0294674712749658,0.0177938938140869,12.512968495706868,0.0024282932281494,0.04027320269534653,3.23117733001709,0.081081081081081,0.000861644744873,0,0,0,['cluster'],['touching']
figure_descending_markersize10_ms_interleaved_40_80_3d_0_umap.png,ms_interleaved_40_80_3d_0_umap,185,3,10,1.0,1.0169219970703125,1.0,1.0215020179748535,1.0,0.5517921447753906,1.0,0.9920737743377686,1.0,0.9680414199829102,0.9799650314890888,0.998398780822754,0.9807881953840736,1.0142717361450195,0.9704600573781508,1.237889289855957,0.980616254458199,1.0389461517333984,0.9807824394234592,1.0253138542175293,0.9607170947479204,0.2968602180480957,0.9623006630635212,1.0109868049621582,0.9426152567784364,1.2405166625976562,0.961969678981886,1.029627561569214,0.9622895811063736,1.0153629779815674,1.0,0.8644206523895264,12,0.893829345703125,0.0,0.1079919338226318,0.0294674712749658,0.0172469615936279,12.512968495706865,0.002413272857666,0.011603685409398934,2.409987449645996,0.081081081081081,0.0007908344268798,0,0,0,['cluster'],['touching']
figure_descending_markersize60_ms_interleaved_40_80_3d_0_umap.png,ms_interleaved_40_80_3d_0_umap,185,3,60,0.964769631720828,1.0814285278320312,0.9726997933524107,0.3143060207366943,1.006081468197514,1.2953596115112305,0.9606304842703154,1.066953420639038,0.9671019788531466,1.0576841831207275,0.7005298319385376,1.0625903606414795,0.7142262661957531,1.091419696807861,0.70752608183806,0.5695030689239502,0.6973633662873147,1.0849909782409668,0.7062628693100755,1.0602600574493408,0.5499143380390585,1.0900719165802002,0.5642810236078011,1.1000900268554688,0.5456145721449774,0.5613760948181152,0.5473566636911392,1.045236587524414,0.5562385890941731,1.044938325881958,0.9945945945945946,0.9134979248046876,1309,0.1140458583831787,0.0,0.8770153522491455,0.0294674712749658,0.0176711082458496,12.512968495706865,0.0023682117462158,0.02589941071003935,2.725547313690185,0.081081081081081,0.0007827281951904,0,0,42,['cluster'],['touching']
figure_descending_markersize110_ms_interleaved_40_80_3d_0_umap.png,ms_interleaved_40_80_3d_0_umap,185,3,110,0.9500236656124532,1.101956129074097,0.9612499332925138,0.3255836963653564,1.0087276450413751,1.3200435638427734,0.9442225763934924,1.075782060623169,0.9533445516556068,1.124147653579712,0.5675391776415823,1.1603624820709229,0.5794699458251755,1.1507790088653564,0.5870733006712696,0.5937342643737793,0.564167634866322,1.1214599609375,0.5719711112206296,1.1184017658233645,0.4046321581386237,1.4039249420166016,0.4147453739930986,1.191978931427002,0.4140132303374789,0.5923774242401123,0.4022569367089527,1.1248531341552734,0.4085398906869488,1.127413988113403,0.9891891891891892,0.9367046356201172,4358,0.1235954761505127,0.0,0.9317939281463624,0.0294674712749658,0.0188574790954589,12.512968495706865,0.0025849342346191,0.034190731675282804,3.060325384140014,0.081081081081081,0.000866413116455,0,0,110,['cluster'],['touching']
figure_descending_markersize160_ms_interleaved_40_80_3d_0_umap.png,ms_interleaved_40_80_3d_0_umap,185,3,160,0.94009982316492,0.3890321254730224,0.9536866001207958,1.2333924770355225,1.010517992909777,1.410618543624878,0.9332107711703572,1.1800870895385742,0.9442185005457846,1.1964197158813477,0.4695097257409129,0.3538134098052978,0.4831879704290951,1.1513426303863523,0.4913660244658435,1.427642583847046,0.4664731624493687,1.4635636806488037,0.4756382111054164,0.3492634296417236,0.3128866263955279,1.1397705078125,0.3235603649663358,1.1605360507965088,0.324602183066904,1.423058271408081,0.3109527364812079,1.22363543510437,0.3178841896492822,0.3552896976470947,0.9891891891891892,0.9821217060089112,8903,0.970874547958374,0.0,0.1108624935150146,0.0294674712749658,0.0177857875823974,12.512968495706865,0.0024857521057128,0.040273202695346524,3.438159942626953,0.081081081081081,0.0008642673492431,0,0,182,['cluster'],['touching']
figure_category_based_markersize10_ms_interleaved_400_800_3d_50_umap.png,ms_interleaved_400_800_3d_50_umap,1892,3,10,0.4811689086593851,1.2297508716583252,0.4998354468240613,1.230156660079956,0.5875292478465493,1.5610826015472412,0.4749352898583731,0.3869192600250244,0.4864193319184148,1.258979320526123,0.3634510462165666,1.229435682296753,0.3800540018441444,1.2016992568969729,0.4209428488291065,0.6362416744232178,0.3600124118251202,1.2556021213531494,0.3694520581524263,1.2493906021118164,0.2920106966752357,1.2918620109558103,0.3065837364052005,0.3771452903747558,0.3279553161208344,1.5567922592163086,0.2898706985340764,1.243934154510498,0.2978332989320289,1.2755553722381592,0.9223044397463002,0.2674076557159424,4984,1.047144651412964,0.0021141649048625,0.1312110424041748,0.0302118969192076,0.1950364112854004,3.484457114701708,0.0175755023956298,-,15.0,0.4698731501057082,0.0066754817962646,0,0,1693,['cluster'],['intersecting']
figure_category_based_markersize60_ms_interleaved_400_800_3d_50_umap.png,ms_interleaved_400_800_3d_50_umap,1892,3,60,0.2301605188289777,1.4413411617279053,0.2381052197879143,1.340169906616211,0.2961791999747974,1.6746816635131836,0.226358144518883,0.5215015411376953,0.2313691287697152,1.3516101837158203,0.1623777096304646,1.3684325218200684,0.168665228132834,1.439889669418335,0.1914234893965201,0.795717716217041,0.160512283216434,1.378446340560913,0.1641345953779328,1.4378104209899902,0.1254363980634621,0.5499277114868164,0.130582658161763,1.3827478885650637,0.141408628816178,1.7039449214935305,0.1243421098873578,0.5237228870391846,0.1271775371362468,1.3938767910003662,0.7447145877378436,1.3781671524047852,45716,0.1828234195709228,0.0021141649048625,1.1005702018737793,0.0302118969192076,0.2085967063903808,3.484457114701708,0.0175554752349853,-,15.0,0.4698731501057082,0.0065243244171142,18,0,26948,['cluster'],['intersecting']
figure_category_based_markersize110_ms_interleaved_400_800_3d_50_umap.png,ms_interleaved_400_800_3d_50_umap,1892,3,110,0.1790868786402296,0.6012475490570068,0.1848176804945474,0.6414353847503662,0.233710763398523,1.799886703491211,0.1762283763810938,1.5661442279815674,0.1794562725121029,1.574604034423828,0.1245074461359903,0.6349213123321533,0.1284949401357038,1.5329899787902832,0.1464972847481038,1.8211398124694824,0.1230653201891014,0.643427848815918,0.1252173514620377,1.4995708465576172,0.0954251804068337,1.5189294815063477,0.0984826048951934,1.5034215450286863,0.1066855904549268,0.8815617561340332,0.0945440783139711,1.5337510108947754,0.0961553329561172,1.5641465187072754,0.611522198731501,0.3894712924957275,82588,1.2028062343597412,0.0021141649048625,1.1014971733093262,0.0302118969192076,0.2063002586364746,3.484457114701708,0.017458438873291,-,15.0,0.4698731501057082,0.0062906742095947,69,0,63973,['cluster'],['intersecting']
figure_category_based_markersize160_ms_interleaved_400_800_3d_50_umap.png,ms_interleaved_400_800_3d_50_umap,1892,3,160,0.1555954664930945,0.7509386539459229,0.1599215282264289,1.7551610469818115,0.2022845665685183,1.0592920780181885,0.153304193639052,1.7328941822052002,0.1554082480885776,1.7239503860473633,0.1079679497033717,0.7708852291107178,0.1107884952597011,1.6668486595153809,0.126196844580115,1.9767687320709229,0.1068046664838574,0.7677640914916992,0.1081622412806687,1.6427772045135498,0.0826644862161986,1.6747794151306152,0.0847504372577074,0.769770622253418,0.0917033593413253,1.9843206405639648,0.0819484402347888,1.7352168560028076,0.0829457266285738,0.7787594795227051,0.5116279069767442,1.368149995803833,108841,1.266162395477295,0.0021141649048625,0.1454994678497314,0.0302118969192076,0.20802903175354,3.484457114701708,0.0174953937530517,-,15.0,0.4698731501057082,0.0065340995788574,111,0,102254,['cluster'],['intersecting']
figure_ascending_markersize10_ms_interleaved_400_800_3d_50_umap.png,ms_interleaved_400_800_3d_50_umap,1892,3,10,0.5459654038338022,0.3736066818237304,0.5095418979658293,1.285947322845459,0.4570567874076036,1.5866320133209229,0.5409252156039854,1.3785388469696045,0.5189116274293066,0.3776648044586181,0.3979818943264233,1.318002462387085,0.3877516038507508,0.3695697784423828,0.3522677513985708,1.5644097328186035,0.3952303866969764,1.332324743270874,0.3872144669676237,0.3819646835327148,0.313112884071392,1.278480052947998,0.3129504413741129,1.3388640880584717,0.2865668125508807,1.6656363010406494,0.3113659204190104,0.3757343292236328,0.3088339612959665,1.3421056270599363,0.9223044397463002,0.2597582340240478,4984,1.1288268566131592,0.0021141649048625,1.131528615951538,0.0302118969192076,0.2069485187530517,3.484457114701708,0.017632246017456,-,15.0,0.4698731501057082,0.00618577003479,0,0,0,['cluster'],['intersecting']
figure_ascending_markersize60_ms_interleaved_400_800_3d_50_umap.png,ms_interleaved_400_800_3d_50_umap,1892,3,60,0.2885314349454542,0.7961819171905518,0.2480587991282801,0.7371633052825928,0.1878764635735788,1.083303928375244,0.2840277834699468,0.7811121940612793,0.25838284929538,0.7128863334655762,0.1894865355519542,0.7267727851867676,0.1766178881877688,0.7801663875579834,0.141699749320168,0.9912309646606444,0.1879479004280939,0.8816483020782471,0.1780998978834328,0.8573088645935059,0.1410633652307396,0.7545645236968994,0.1371256995475828,0.8259577751159668,0.1137435861315889,1.214460849761963,0.1404402759257846,0.805363655090332,0.1358801478573429,0.7961316108703613,0.7447145877378436,0.6309337615966797,45716,0.3061883449554443,0.0021141649048625,0.5198013782501221,0.0302118969192076,0.2072105407714843,3.484457114701708,0.0174455642700195,-,15.0,0.4698731501057082,0.0061480998992919,7,0,0,['cluster'],['intersecting']
figure_ascending_markersize110_ms_interleaved_400_800_3d_50_umap.png,ms_interleaved_400_800_3d_50_umap,1892,3,110,0.2337918011764191,0.9450347423553468,0.1944853420219745,1.0447218418121338,0.1341233451265409,1.197812557220459,0.2296514151058276,1.069516658782959,0.2043259042386378,0.9479987621307372,0.1498349708118879,0.9339258670806884,0.1356583009538673,0.949101448059082,0.1008787270529422,1.2635033130645752,0.1485636674038382,0.9960994720458984,0.1383373317273648,1.0047595500946045,0.1102449679655487,0.9827299118041992,0.1041542096651088,0.879065752029419,0.0808409928981931,1.4152894020080566,0.1097958047653621,0.8987836837768555,0.1045667281124037,1.0240492820739746,0.611522198731501,0.700310230255127,82588,0.5410106182098389,0.0021141649048625,0.3084683418273926,0.0302118969192076,0.2071969509124755,3.484457114701708,0.0173225402832031,-,15.0,0.4698731501057082,0.0060710906982421,22,0,0,['cluster'],['intersecting']
figure_ascending_markersize160_ms_interleaved_400_800_3d_50_umap.png,ms_interleaved_400_800_3d_50_umap,1892,3,160,0.2089044149113968,1.1415021419525146,0.1694828488206957,1.1384234428405762,0.1077515477981569,1.2927422523498535,0.2050455526239208,1.1561598777770996,0.1793662278758465,1.1907098293304443,0.1327889515377409,1.0125644207000732,0.117524596888379,1.1721196174621582,0.0817417246329412,1.314689874649048,0.131635600589199,1.173206806182861,0.1209367723966401,1.169990062713623,0.09732724045284,1.192805290222168,0.089948990586715,1.2150402069091797,0.0658470923664654,1.492603063583374,0.0969321633662192,1.1809673309326172,0.0912210531756197,1.2237484455108645,0.5116279069767442,0.7637419700622559,108841,0.658118486404419,0.0021141649048625,0.3517487049102783,0.0302118969192076,0.2069792747497558,3.484457114701708,0.0175530910491943,-,15.0,0.4698731501057082,0.0060346126556396,66,0,0,['cluster'],['intersecting']
figure_descending_markersize10_ms_interleaved_400_800_3d_50_umap.png,ms_interleaved_400_800_3d_50_umap,1892,3,10,0.4364540531277403,0.9054977893829346,0.485457415107741,0.7287447452545166,0.662562769733313,1.2031042575836182,0.4340187112500806,0.7536520957946777,0.4644537512762586,0.7385098934173584,0.3391590116475055,0.707416296005249,0.3711705485145302,0.6918940544128418,0.4622570594192016,1.1956539154052734,0.3378039019764889,0.93752121925354,0.3584762612320201,0.7715103626251221,0.2773350377241836,0.7627098560333252,0.3004405386491581,0.7536065578460693,0.3549490156376201,1.044175148010254,0.2765068757748183,0.9574875831604004,0.2918767981348221,1.0030794143676758,0.9223044397463002,0.4994220733642578,4984,0.6248109340667725,0.0021141649048625,0.3664784431457519,0.0302118969192076,0.2058033943176269,3.484457114701708,0.0177640914916992,-,15.0,0.4698731501057082,0.006058931350708,0,0,2885,['cluster'],['intersecting']
figure_descending_markersize60_ms_interleaved_400_800_3d_50_umap.png,ms_interleaved_400_800_3d_50_umap,1892,3,60,0.185038932940049,0.8631892204284668,0.2263988349461447,1.1381359100341797,0.3860583143172807,1.2201886177062988,0.1847810685389969,1.1488101482391355,0.2094293209867769,0.7101657390594482,0.1387726776355631,1.1478683948516846,0.1606877668998244,0.922171115875244,0.2283240324519448,1.2090060710906982,0.1385335752765194,1.1523780822753906,0.1532791536357531,0.9571576118469238,0.1110150117504965,0.959303855895996,0.1245405336948017,1.1682281494140625,0.1620956072320672,1.257595777511597,0.1108018067918344,0.9776821136474608,0.1208720947098603,0.7514743804931641,0.7447145877378436,0.9194040298461914,45716,0.4484834671020508,0.0021141649048625,0.6541423797607422,0.0302118969192076,0.2065651416778564,3.484457114701708,0.0171608924865722,-,15.0,0.4698731501057082,0.0060393810272216,20,0,50407,['cluster'],['intersecting']
figure_descending_markersize110_ms_interleaved_400_800_3d_50_umap.png,ms_interleaved_400_800_3d_50_umap,1892,3,110,0.1365063971148602,0.8446111679077148,0.174120046255422,1.1150267124176023,0.3227019020449166,1.4019110202789309,0.1365060459374592,1.1322824954986572,0.1589076723959022,1.124134540557861,0.1016779140899423,0.870370626449585,0.1210250460718166,1.38643217086792,0.1795858851612982,1.140289545059204,0.101537216571253,1.1259615421295166,0.1145224625061603,1.390878677368164,0.0810091074698198,0.8542816638946533,0.0927442392145609,1.379159927368164,0.1244106428006759,1.1630208492279053,0.0808307568388219,1.3946964740753174,0.0895186184055809,0.893690824508667,0.611522198731501,0.9855055809020996,82588,0.5360996723175049,0.0021141649048625,0.4322304725646972,0.0302118969192076,0.2050585746765136,3.484457114701708,0.0171046257019042,-,15.0,0.4698731501057082,0.0063872337341308,69,0,122459,['cluster'],['intersecting']
figure_descending_markersize160_ms_interleaved_400_800_3d_50_umap.png,ms_interleaved_400_800_3d_50_umap,1892,3,160,0.1142560662571827,0.9845409393310548,0.1496971487705275,1.014909029006958,0.2904516569317897,1.539100170135498,0.1143920615831984,1.2839033603668213,0.1355448311094073,1.2924773693084717,0.0852960979251282,1.3002901077270508,0.103546350910999,1.285383939743042,0.1578635611080288,1.2943809032440186,0.0852738032920963,1.2879347801208496,0.0973620632450601,1.2919137477874756,0.0680482227005093,1.287992238998413,0.079146060827738,1.311340570449829,0.1083863457141249,1.6123113632202148,0.0679717400544214,1.0297646522521973,0.0759633155409404,1.3326339721679688,0.5116279069767442,1.018007516860962,108841,0.588327169418335,0.0021141649048625,0.4765219688415527,0.0302118969192076,0.1932191848754882,3.484457114701708,0.0175223350524902,-,15.0,0.4698731501057082,0.0059285163879394,120,0,197971,['cluster'],['intersecting']
figure_category_based_markersize10_interleaved_100_200_10d_0_notcramped_notrotated_umap.png,interleaved_100_200_10d_0_notcramped_notrotated_umap,1490,10,10,0.7970200277957613,0.9922654628753662,0.8307109487635074,0.6894001960754395,1.006004217592888,1.8731555938720703,0.764340798108051,1.025580644607544,0.79794329711992,0.6806666851043701,0.2327834081571471,0.9915926456451416,0.238450749908292,1.0065019130706787,0.2127600460266113,1.8817217350006104,0.2292151437528082,0.7107462882995605,0.2323588660375815,1.00616455078125,0.1362954140863034,0.7095992565155029,0.1392042621673468,1.0030028820037842,0.1189593971169558,1.911250591278076,0.1348234004674486,1.0574469566345217,0.135977579220575,0.706895112991333,0.4597315436241611,0.5068509578704834,6004,0.8669309616088867,0.0268456375838926,0.5018496513366699,0.0292833149872578,0.1469860076904297,1.2943986971544172,0.0136153697967529,-,15.0,0.0295302013422818,0.0155656337738037,0,0,108,['cluster'],"['intersecting','separated']"
figure_category_based_markersize60_interleaved_100_200_10d_0_notcramped_notrotated_umap.png,interleaved_100_200_10d_0_notcramped_notrotated_umap,1490,10,60,0.4871514992120671,1.1304478645324707,0.5372966502083019,0.7942371368408203,1.0028924554172278,1.9860687255859373,0.4575453266690434,0.7927577495574951,0.4935990356182013,1.125319480895996,0.1636534275829245,1.1385612487792969,0.1760233465936175,0.7979559898376465,0.1651697633638356,2.003203630447388,0.1617904267134724,1.1801960468292236,0.1624221542219129,0.8119492530822754,0.0983458395166803,1.1903469562530518,0.1052525227232754,0.842496395111084,0.0899957330940546,1.6638951301574707,0.0982695225969022,1.2065222263336182,0.097203879299932,0.7945606708526611,0.1630872483221476,0.9589004516601562,14538,0.5765011310577393,0.0268456375838926,0.5383787155151367,0.0292833149872578,0.1476352214813232,1.2943986971544172,0.013801097869873,-,15.0,0.0295302013422818,0.0158510208129882,3,0,1924,['cluster'],"['intersecting','separated']"
figure_category_based_markersize110_interleaved_100_200_10d_0_notcramped_notrotated_umap.png,interleaved_100_200_10d_0_notcramped_notrotated_umap,1490,10,110,0.4065420645977208,0.9014971256256104,0.4626122451838506,1.2981939315795898,1.1034445292919743,1.7980234622955322,0.3889929971628425,0.9213757514953612,0.4161185957810992,1.2920801639556885,0.1521132223366332,0.903958797454834,0.1715925385023794,1.3109192848205566,0.167464643092588,1.7947092056274414,0.1521826047523212,1.3194668292999268,0.1524477408577669,0.9158151149749756,0.0935599779349393,1.3329439163208008,0.1053310031467033,0.926288366317749,0.0906078905728055,1.7705166339874268,0.0945951532461527,1.3186748027801514,0.0933176291423745,0.9817466735839844,0.1476510067114094,0.629885196685791,18253,0.6324243545532227,0.0268456375838926,0.5663285255432129,0.0292833149872578,0.1504707336425781,1.2943986971544172,0.0138051509857177,-,15.0,0.0295302013422818,0.0155434608459472,3,0,5135,['cluster'],"['intersecting','separated']"
figure_category_based_markersize160_interleaved_100_200_10d_0_notcramped_notrotated_umap.png,interleaved_100_200_10d_0_notcramped_notrotated_umap,1490,10,160,0.373526938256812,0.5881898403167725,0.4354240927049186,1.013113260269165,1.1679768817395415,2.308668375015259,0.362039103896785,1.011662483215332,0.3839947682293227,1.00193190574646,0.147490599217445,1.435206174850464,0.1719045438556095,1.0346872806549072,0.1673298282291191,1.888335943222046,0.1490172605336588,1.0395162105560305,0.1486494664459319,1.4305689334869385,0.0918864013750124,1.0394110679626465,0.107092153916355,1.049731731414795,0.09012045279973,2.335658311843872,0.09381627412855,1.0601918697357178,0.0921636112033681,1.031747579574585,0.1409395973154362,0.7141635417938232,21066,0.693864107131958,0.0268456375838926,0.6056852340698242,0.0292833149872578,0.1486175060272216,1.2943986971544172,0.013578176498413,-,15.0,0.0295302013422818,0.0152368545532226,3,0,9135,['cluster'],"['intersecting','separated']"
figure_ascending_markersize10_interleaved_100_200_10d_0_notcramped_notrotated_umap.png,interleaved_100_200_10d_0_notcramped_notrotated_umap,1490,10,10,0.8332300312336769,0.364875316619873,0.8592920291449513,0.8402349948883057,0.8807166583658117,2.145301818847656,0.8093912589665216,0.8329651355743408,0.8251413228726202,0.8177225589752197,0.2539924543488946,1.2768845558166504,0.2458899017993558,0.8589086532592773,0.1689263140997434,1.7042393684387207,0.2469010936832356,1.2890324592590332,0.2411514321302089,0.831592321395874,0.1498329161347383,0.8590593338012695,0.143472581684531,0.841022253036499,0.0934226465680226,2.2137110233306885,0.1456682651459943,0.8859086036682129,0.141210420859295,0.8484609127044678,0.4597315436241611,0.6491565704345703,6004,0.6538312435150146,0.0268456375838926,0.6351573467254639,0.0292833149872578,0.15086030960083,1.2943986971544177,0.0143089294433593,-,15.0,0.0295302013422818,0.0158009529113769,0,0,0,['cluster'],"['intersecting','separated']"
figure_ascending_markersize60_interleaved_100_200_10d_0_notcramped_notrotated_umap.png,interleaved_100_200_10d_0_notcramped_notrotated_umap,1490,10,60,0.6059915940734606,0.9355361461639404,0.6176802670887143,0.942070484161377,0.2518439127358732,1.7969958782196045,0.577161796947111,1.431924819946289,0.5651591863735652,0.9855144023895264,0.2083032401418116,0.9770359992980956,0.1967238448963204,0.9593183994293212,0.0384815433506329,1.820868730545044,0.2009265347923768,0.9458696842193604,0.1831895351495642,0.9424960613250732,0.1257671958029007,1.4601538181304932,0.1169922440756285,0.9789361953735352,0.0208323550605349,1.8070743083953855,0.1216357012726384,0.9638686180114746,0.1093106286362174,0.9457674026489258,0.1630872483221476,0.707930326461792,14538,0.7024013996124268,0.0268456375838926,0.6754553318023682,0.0292833149872578,0.1525232791900634,1.2943986971544177,0.0138795375823974,-,15.0,0.0295302013422818,0.0159649848937988,3,0,0,['cluster'],"['intersecting','separated']"
figure_ascending_markersize110_interleaved_100_200_10d_0_notcramped_notrotated_umap.png,interleaved_100_200_10d_0_notcramped_notrotated_umap,1490,10,110,0.5594790020724365,0.5425035953521729,0.5601593809429294,1.0713739395141602,-0.0807311151734087,1.989140033721924,0.5402654066665761,1.577491283416748,0.5077270435260282,1.083792209625244,0.2065877040900945,1.0974063873291016,0.1996868615689493,1.1138136386871338,-0.0134729589989641,1.9616899490356443,0.2013670144651296,1.0987334251403809,0.1803425217399433,1.0661194324493408,0.1266826446650254,1.087815761566162,0.1214996663926099,1.100192308425903,-0.0073497693093935,1.9500184059143064,0.123744440000047,1.1115074157714844,0.1096437640051456,1.066622018814087,0.1476510067114094,0.7552690505981445,18253,0.7741847038269043,0.0268456375838926,0.7070744037628174,0.0292833149872578,0.15183687210083,1.2943986971544177,0.0137805938720703,-,15.0,0.0295302013422818,0.0155701637268066,3,0,0,['cluster'],"['intersecting','separated']"
figure_ascending_markersize160_interleaved_100_200_10d_0_notcramped_notrotated_umap.png,interleaved_100_200_10d_0_notcramped_notrotated_umap,1490,10,160,0.5415650624076449,0.5995650291442871,0.5387348811151713,1.1810965538024902,-0.2371605090973698,2.6090729236602783,0.5282859352787519,1.2415242195129397,0.4855290127809898,0.6166446208953857,0.2067116569923234,1.7813518047332764,0.2035866178661191,1.2243139743804932,-0.0426925312439965,2.0977654457092285,0.2035245661432,1.2122249603271484,0.1805512406141292,0.6090481281280518,0.1277332866998058,1.783210515975952,0.125507870337217,1.213599443435669,-0.0234576325487916,2.0874929428100586,0.1260412701860475,0.6161525249481201,0.1108945138498018,1.758368968963623,0.1409395973154362,0.836477518081665,21066,0.2195336818695068,0.0268456375838926,0.7507431507110596,0.0292833149872578,0.1521492004394531,1.2943986971544177,0.01383638381958,-,15.0,0.0295302013422818,0.0158915519714355,2,0,0,['cluster'],"['intersecting','separated']"
figure_descending_markersize10_interleaved_100_200_10d_0_notcramped_notrotated_umap.png,interleaved_100_200_10d_0_notcramped_notrotated_umap,1490,10,10,0.7498528460536387,0.3895652294158935,0.8193144040445661,1.0138795375823977,1.1234032146460533,1.246919870376587,0.7322189780131758,1.5596308708190918,0.7795355195289346,0.9734680652618408,0.2135070310523111,0.3774669170379638,0.2340591066259777,1.553492546081543,0.2522650610402818,1.230668067932129,0.2144932798636858,1.5733087062835691,0.2257637367132099,0.3666975498199463,0.1244744375302969,1.5979793071746826,0.1365314923543487,0.3898878097534179,0.1420854864313622,2.4767956733703613,0.125650401307876,0.3800835609436035,0.131995715826382,1.578498601913452,0.4597315436241611,0.1473138332366943,6004,0.763519287109375,0.0268456375838926,0.769115686416626,0.0292833149872578,0.1498918533325195,1.2943986971544177,0.0138037204742431,-,15.0,0.0295302013422818,0.0159096717834472,0,0,215,['cluster'],"['intersecting','separated']"
figure_descending_markersize60_interleaved_100_200_10d_0_notcramped_notrotated_umap.png,interleaved_100_200_10d_0_notcramped_notrotated_umap,1490,10,60,0.3475298808718789,1.0696778297424316,0.3673619117492391,1.713919162750244,2.0280286502812204,1.324402093887329,0.3230773860218547,1.0659334659576416,0.4006514973213387,1.6958434581756592,0.1203389792250592,0.4656431674957275,0.1415311384456278,1.0740242004394531,0.2520707546004131,2.6012282371521,0.1207700359670417,0.4612438678741455,0.1407612642450235,1.0560994148254397,0.0727681900262027,1.7113380432128906,0.0876496809578829,0.4595038890838623,0.1343870978645541,1.937081813812256,0.0742657044461655,1.0490477085113523,0.0853787258083791,1.7118771076202393,0.1630872483221476,0.1567945480346679,14538,0.8222217559814453,0.0268456375838926,0.8350579738616943,0.0292833149872578,0.1504578590393066,1.2943986971544177,0.0138499736785888,-,15.0,0.0295302013422818,0.0157263278961181,4,0,3452,['cluster'],"['intersecting','separated']"
figure_descending_markersize110_interleaved_100_200_10d_0_notcramped_notrotated_umap.png,interleaved_100_200_10d_0_notcramped_notrotated_umap,1490,10,110,0.2481608039865557,1.2544360160827637,0.2528849512696691,0.5430233478546143,4.235908061421041,2.0499753952026367,0.227399276159166,1.1838796138763428,0.3031926669528271,1.1734724044799805,0.0985494198409382,1.1619641780853271,0.1180529799706944,1.1892366409301758,0.2833733807956562,2.723142385482788,0.0974425363567785,0.5259642601013184,0.1221587782382866,1.1655981540679932,0.0614826878042291,1.1881599426269531,0.0769990174515597,1.1755290031433103,0.1465899714900441,2.0655972957611084,0.0620064060626555,1.2086560726165771,0.0764882580938161,1.239593267440796,0.1476510067114094,0.9719767570495604,18253,0.9692797660827636,0.0268456375838926,0.9309964179992676,0.0292833149872578,0.155583381652832,1.2943986971544177,0.0147173404693603,-,15.0,0.0295302013422818,0.0159564018249511,3,0,8710,['cluster'],"['intersecting','separated']"
figure_descending_markersize160_interleaved_100_200_10d_0_notcramped_notrotated_umap.png,interleaved_100_200_10d_0_notcramped_notrotated_umap,1490,10,160,0.2056920383103845,0.6685073375701904,0.205349380126749,1.3473317623138428,11.962561143493527,2.3273584842681885,0.1860853652625597,1.3535540103912354,0.2597510507025056,1.4341773986816406,0.0877106648528633,0.6814281940460205,0.1055880914727624,1.3593347072601318,0.3025499659986151,2.257030725479126,0.0853761897838468,1.3136188983917236,0.1124581695645481,1.3348312377929688,0.0557394731207676,1.3757014274597168,0.0710642116165404,1.3547375202178955,0.1532124621332873,2.20117735862732,0.0553959619300614,1.3574140071868896,0.071764066282459,1.409374713897705,0.1409395973154362,1.0177171230316162,21066,1.0529885292053225,0.0268456375838926,0.1432700157165527,0.0292833149872578,0.1587517261505127,1.2943986971544177,0.0146262645721435,-,15.0,0.0295302013422818,0.0168564319610595,1,0,14127,['cluster'],"['intersecting','separated']"
figure_category_based_markersize10_shuttle_small_umap.png,shuttle_small_umap,14500,7,10,0.8743085881918963,1.894958019256592,0.5661420433520887,0.9207541942596436,0.9777960299764004,2.3390467166900635,0.8515083871715421,1.7869677543640137,0.8693066200857942,3.1173017024993896,0.1938284276561244,1.7574503421783447,0.1785833057800243,1.726837158203125,0.1972499659197988,1.5910923480987549,0.1921931942194829,1.8185126781463623,0.1932394116197523,3.114414930343628,0.1089960671982996,1.7458527088165283,0.1060117802828082,1.8129093647003172,0.1096886858614551,1.6302595138549805,0.1083211296065356,1.814549684524536,0.1087014007089478,3.13755464553833,0.1502758620689655,1.275242567062378,30286,1.223574161529541,0.3615862068965517,0.2923259735107422,0.0304016030085768,1.626485824584961,0.5781015847134665,0.1364893913269043,-,15.0,0.5123448275862069,0.0821497440338134,0,0,2822,['cluster'],['intersecting']
figure_category_based_markersize60_shuttle_small_umap.png,shuttle_small_umap,14500,7,60,0.6973455394413166,2.578813076019287,0.3398712285823478,1.724130392074585,0.871853515373614,3.2342450618743896,0.6502546267978622,2.606170654296875,0.6795972068971181,3.9780566692352295,0.1635944500699531,2.643122673034668,0.1318268465396418,2.572446346282959,0.1674605531373878,3.1931285858154297,0.1597341324443184,1.8592586517333984,0.161374559968367,3.868231773376465,0.0926668608813117,2.539937257766724,0.0817719944909997,2.552316188812256,0.0926257879165142,2.4139881134033203,0.0910502488646701,2.630653381347656,0.0915577579286782,3.917976140975952,0.0476551724137931,1.4778475761413574,59341,0.6220765113830566,0.3615862068965517,1.1995570659637451,0.0304016030085768,1.626488208770752,0.5781015847134665,0.1361103057861328,-,15.0,0.5123448275862069,0.07918381690979,3,0,40604,['cluster'],['intersecting']
figure_category_based_markersize110_shuttle_small_umap.png,shuttle_small_umap,14500,7,110,0.611503580987443,2.778879880905152,0.2577659536290682,2.729950189590454,0.793826541770208,4.22147274017334,0.5613660465253356,3.497263669967652,0.5904274423448562,4.868808746337891,0.1575186844388504,3.4419267177581787,0.1155729133781632,2.726804494857788,0.1615313923153556,4.1372387409210205,0.1524541819557004,3.62056040763855,0.1542853252619106,4.947107553482056,0.0904028918543894,2.747076988220215,0.0744845413816407,3.5781118869781494,0.0899137200829444,4.250173330307007,0.0882042149183277,3.597268581390381,0.0887365976802485,4.823773384094238,0.0364827586206896,0.8484930992126465,71254,1.8223943710327148,0.3615862068965517,1.2469658851623535,0.0304016030085768,1.6206517219543457,0.5781015847134665,0.1363544464111328,-,15.0,0.5123448275862069,0.0791041851043701,4,0,106274,['cluster'],['intersecting']
figure_category_based_markersize160_shuttle_small_umap.png,shuttle_small_umap,14500,7,160,0.565158986756517,3.561203718185425,0.223075855762953,3.5775022506713867,0.7409588293714438,3.988388538360596,0.5154344149671015,3.4283480644226074,0.5424751540260143,5.631195783615112,0.1544283707596435,3.370280265808105,0.1076815253512748,4.101190805435181,0.1580388523757003,4.818596839904785,0.1486504672521674,4.343634843826294,0.150530609284484,5.665944814682007,0.0894328429145425,3.335245132446289,0.070969761588403,4.167114734649658,0.0884524191250071,4.840593099594116,0.0868487552104175,3.443619966506958,0.0873901904732263,5.533365726470947,0.0330344827586206,2.052013874053955,79360,2.077888011932373,0.3615862068965517,0.3127865791320801,0.0304016030085768,1.5989007949829102,0.5781015847134665,0.1342599391937255,-,15.0,0.5123448275862069,0.0770950317382812,4,0,184623,['cluster'],['intersecting']
figure_ascending_markersize10_shuttle_small_umap.png,shuttle_small_umap,14500,7,10,0.8976829319215737,1.799720287322998,0.9012125320231597,0.8860359191894531,0.909330511805738,2.382922410964966,0.9083079609223804,1.8172290325164795,0.9043296487206424,2.3129775524139404,0.1965217381917761,1.7272109985351562,0.2183432589847646,1.7692103385925293,0.1866665414022078,2.4046220779418945,0.1959816275646713,0.9688427448272704,0.1952732599582431,3.123216152191162,0.1103385922967604,1.806720733642578,0.1242193936267083,1.7384095191955566,0.1040086737306205,1.553635835647583,0.1098407414552408,1.786494493484497,0.1094539028353459,3.1991331577301025,0.1502758620689655,1.3832643032073977,30286,0.3490817546844482,0.3615862068965517,1.2379536628723145,0.0304016030085768,1.5794405937194824,0.5781015847134665,0.1325154304504394,-,15.0,0.5123448275862069,0.0803651809692382,4,0,0,['cluster'],['intersecting']
figure_ascending_markersize60_shuttle_small_umap.png,shuttle_small_umap,14500,7,60,0.7374747916435663,2.561320304870605,0.7896530150221022,1.644420146942139,0.7197188337831266,3.115586996078491,0.7585367051977955,2.561417579650879,0.7465633606929232,2.9729816913604736,0.1691278835870738,2.472373008728028,0.2043968840813346,2.5216758251190186,0.1427867822274785,3.2102596759796143,0.1682329314589968,1.6525914669036863,0.1660128692403842,3.9064459800720215,0.0955165247584292,2.5325286388397217,0.1173914772840619,1.6006898880004885,0.0792552085888227,3.10413670539856,0.094607817252994,2.5682127475738525,0.0933899720645756,2.942547082901001,0.0476551724137931,1.536719799041748,59341,0.5568954944610596,0.3615862068965517,1.2781522274017334,0.0304016030085768,1.5733561515808103,0.5781015847134665,0.1327543258666992,-,15.0,0.5123448275862069,0.0792222023010253,4,0,0,['cluster'],['intersecting']
figure_ascending_markersize110_shuttle_small_umap.png,shuttle_small_umap,14500,7,110,0.6599404521367455,2.3957648277282715,0.7414508223056879,2.4918227195739746,0.5847062341086826,3.020789861679077,0.6874699803637103,3.3360583782196045,0.6703411368730985,4.64191484451294,0.1650239360672878,2.433745861053467,0.206116918794314,3.375657081604004,0.1263198343830114,3.9923059940338135,0.1639433112682565,2.492037773132324,0.160759523697138,4.704735994338989,0.0943025621179655,3.3263089656829834,0.1196956353259625,2.4936680793762207,0.0708086628738022,3.96892523765564,0.0930688825841796,3.371248483657837,0.0913311671241497,3.727260828018189,0.0364827586206896,1.819623947143555,71254,1.8456199169158936,0.3615862068965517,0.3006215095520019,0.0304016030085768,1.577375411987305,0.5781015847134665,0.1332254409790039,-,15.0,0.5123448275862069,0.0806572437286377,10,0,0,['cluster'],['intersecting']
figure_ascending_markersize160_shuttle_small_umap.png,shuttle_small_umap,14500,7,160,0.6169940743266025,3.166752576828003,0.7164071180659247,3.301806688308716,0.4986679071817816,3.82816743850708,0.6486050759647766,3.194800615310669,0.6282588060106826,4.4890336990356445,0.1631620782658366,4.081450700759888,0.206873738695964,4.313749074935913,0.1152859845650916,4.883812665939331,0.1620903839710699,3.182466506958008,0.158298273065691,5.506671905517578,0.0940115656769705,3.1465835571289062,0.1208915271603141,4.230360269546509,0.0651770667691196,4.807941436767578,0.0926181084818877,3.16533637046814,0.0905577606422189,5.462933778762817,0.0330344827586206,2.149155616760254,79360,1.0549991130828855,0.3615862068965517,1.4346368312835691,0.0304016030085768,1.5721778869628906,0.5781015847134665,0.1313033103942871,-,15.0,0.5123448275862069,0.0757641792297363,11,0,0,['cluster'],['intersecting']
figure_descending_markersize10_shuttle_small_umap.png,shuttle_small_umap,14500,7,10,0.8428802770521286,0.9571282863616944,0.521571842551263,0.91158127784729,1.0798665400195515,2.5919227600097656,0.8398824708948858,0.9911763668060304,0.8622348818240153,3.332064151763916,0.1899583795976532,1.961643934249878,0.1664871158797266,0.894904613494873,0.2086926329647235,2.5422885417938232,0.1902285751168924,0.9907684326171876,0.1921695737196677,3.2959237098693848,0.1070410073955514,1.928242921829224,0.0990524623199008,0.8849351406097412,0.1155076983796606,2.5255112648010254,0.1072613259257713,2.020493507385254,0.1081350186963663,2.3554272651672363,0.1502758620689655,1.4983367919921875,30286,0.3558833599090576,0.3615862068965517,1.3406109809875488,0.0304016030085768,1.7937140464782717,0.5781015847134665,0.1325984001159668,-,15.0,0.5123448275862069,0.0801353454589843,2,0,2906,['cluster'],['intersecting']
figure_descending_markersize60_shuttle_small_umap.png,shuttle_small_umap,14500,7,60,0.6229303784729212,1.6478767395019531,0.2799126842204044,2.6070396900177,1.297043436589814,3.2804858684539795,0.622866514845582,1.6393744945526123,0.6624695795509612,3.956634759902954,0.1539596121058412,2.666909694671631,0.1136583878055992,1.6357731819152832,0.1977952776079239,3.3474974632263184,0.1546802380576605,1.6511404514312744,0.1585908885631077,3.994126319885254,0.087834068030663,1.6209404468536377,0.0713060934485444,2.6093943119049072,0.1070608715082575,3.371284008026123,0.0883047470601431,1.6526060104370115,0.0900774167723337,3.9520230293273926,0.0476551724137931,1.7326865196228027,59341,0.5441453456878662,0.3615862068965517,1.4649407863616943,0.0304016030085768,1.7791664600372314,0.5781015847134665,0.130533218383789,-,15.0,0.5123448275862069,0.0788202285766601,6,0,41076,['cluster'],['intersecting']
figure_descending_markersize110_shuttle_small_umap.png,shuttle_small_umap,14500,7,110,0.520362524766433,2.620727062225342,0.2069433610632939,2.933858633041382,1.5151034475747565,3.249403476715088,0.526339281380142,2.6614489555358887,0.5682207019694876,3.894185304641724,0.1438614228568142,2.666231155395508,0.0976999386079212,2.7602384090423584,0.2064181749894819,3.341381549835205,0.1452613559321739,2.6247143745422363,0.1502621873132117,3.970679044723511,0.0834687582232639,2.5287210941314697,0.0639443352002303,2.883946180343628,0.1107536432651128,3.2774441242218018,0.0842575577345522,2.736360549926758,0.0865786706058566,4.0216498374938965,0.0364827586206896,1.1751558780670166,71254,1.1779332160949707,0.3615862068965517,0.4933931827545166,0.0304016030085768,1.7515628337860107,0.5781015847134665,0.1257669925689697,-,15.0,0.5123448275862069,0.0734527111053466,7,0,107107,['cluster'],['intersecting']
figure_descending_markersize160_shuttle_small_umap.png,shuttle_small_umap,14500,7,160,0.4651576584622005,3.1231210231781006,0.1782558147518514,3.959104537963867,1.7149570468620317,3.870329856872559,0.4754859822513547,3.3816542625427246,0.5171122270733828,4.667288303375244,0.1380734987538218,3.6130993366241455,0.0904481903819905,3.89382529258728,0.214053491783595,4.273884296417236,0.1399318588636162,3.620650291442871,0.1456047310865836,4.8063063621521,0.0810686130206037,3.489330768585205,0.0605980134760154,4.07387900352478,0.1141506394643464,4.325052976608276,0.0820374194782824,3.576230525970459,0.0847313927551718,4.846153974533081,0.0330344827586206,1.5079145431518557,79360,1.5234065055847168,0.3615862068965517,0.5678558349609375,0.0304016030085768,1.747558832168579,0.5781015847134665,0.1262249946594238,-,15.0,0.5123448275862069,0.0731198787689209,7,0,185806,['cluster'],['intersecting']
figure_category_based_markersize10_n500-d5-c3-spr0.1-out0_umap.png,n500-d5-c3-spr0.1-out0_umap,500,3,10,0.9644740751537416,0.3058311939239502,0.9743949202403488,0.7915475368499756,1.0092503379382267,1.040245532989502,0.9520985074277408,0.637218713760376,0.9632680031496836,0.790156364440918,0.61517915100463,0.7809586524963379,0.6267835099753998,0.7777597904205322,0.6224452776295817,1.0751745700836182,0.6208123034702351,0.8057575225830078,0.6292277809760898,0.7895147800445557,0.4516199902980663,0.787494421005249,0.461975600356626,0.7642323970794678,0.4499843685176026,1.0513594150543213,0.4605590687525023,0.7773330211639404,0.4672097010377822,0.8054115772247314,0.98,0.4914157390594482,848,0.3183519840240478,0.0,0.5297083854675293,0.0289416097782731,0.0697245597839355,4.211250640514492,0.0051202774047851,0.023097867160826843,14.386703729629517,0.034,0.0019123554229736,0,0,14,['cluster'],"['touching','separated']"
figure_category_based_markersize60_n500-d5-c3-spr0.1-out0_umap.png,n500-d5-c3-spr0.1-out0_umap,500,3,60,0.804315817202154,0.545783519744873,0.8516542648086887,0.9196906089782716,1.0367129890915567,0.9980862140655518,0.7490229931508836,0.7291553020477295,0.7971231887959156,0.926774263381958,0.2747321235995064,0.7399401664733887,0.2804942157765291,0.879941463470459,0.2724837647449624,1.205230712890625,0.2714759133589968,0.7736985683441162,0.2760398326167388,0.7449254989624023,0.1656582004226819,0.7718803882598877,0.1678954820712959,0.7232141494750977,0.1568553705498286,0.9887490272521972,0.1657807455750753,0.9499311447143556,0.166922059709773,0.771172046661377,0.872,0.6240432262420654,13973,0.3590743541717529,0.0,0.5941009521484375,0.0289416097782731,0.0698397159576416,4.211250640514492,0.0051410198211669,-,15.0,0.034,0.002126932144165,0,0,395,['cluster'],"['touching','separated']"
figure_category_based_markersize110_n500-d5-c3-spr0.1-out0_umap.png,n500-d5-c3-spr0.1-out0_umap,500,3,110,0.6745828410793447,1.033210039138794,0.7432649734554969,0.8197569847106934,1.068901572511874,1.095567226409912,0.6045294187315715,0.8166954517364502,0.6653650350784233,1.046178102493286,0.2130700335700355,0.8350577354431152,0.2174532613028438,0.8421463966369629,0.2111662958651854,1.103100299835205,0.2084907210123979,0.8389673233032227,0.2109985548817846,0.8546929359436035,0.1265152179511511,0.8367185592651367,0.1273566793267669,0.8450560569763184,0.1171554389247682,1.123805046081543,0.1259672103401017,0.8507845401763916,0.1253792172098751,1.068495273590088,0.698,0.408825159072876,26519,0.6755084991455078,0.0,0.3875200748443603,0.0289416097782731,0.0702695846557617,4.211250640514492,0.0051746368408203,-,15.0,0.034,0.0018751621246337,0,0,1166,['cluster'],"['touching','separated']"
figure_category_based_markersize160_n500-d5-c3-spr0.1-out0_umap.png,n500-d5-c3-spr0.1-out0_umap,500,3,160,0.5816204504749726,0.8885266780853271,0.6578014994514456,0.8757073879241943,1.100634001243343,1.132859230041504,0.5081681370781597,0.8839850425720215,0.5701472291074482,1.1381220817565918,0.1881838368176077,0.6622574329376221,0.1923041361978141,0.8961853981018066,0.1888394924195144,1.4450299739837646,0.1821407976276928,0.667123556137085,0.184543824175081,0.9039416313171388,0.1122514486260986,1.1549983024597168,0.1126129059162506,0.6664819717407227,0.1032797761981202,1.171069860458374,0.110954988873306,1.2009737491607666,0.1100884961567639,0.6630458831787109,0.556,0.7502970695495605,34592,0.4475111961364746,0.0,0.4221625328063965,0.0289416097782731,0.0704424381256103,4.211250640514492,0.0050373077392578,-,15.0,0.034,0.0019667148590087,0,0,2126,['cluster'],"['touching','separated']"
figure_ascending_markersize10_n500-d5-c3-spr0.1-out0_umap.png,n500-d5-c3-spr0.1-out0_umap,500,3,10,0.9781774169209736,0.9214694499969482,0.9790350055723056,0.604360818862915,0.978731618007478,1.139012098312378,0.9743036449850392,0.87493896484375,0.9776978770690806,0.8738117218017578,0.6250013119908422,0.8965001106262207,0.6295764390520888,0.9042634963989258,0.5986830253547357,0.8601834774017334,0.6339941891239691,0.912421703338623,0.6371657358578995,0.8986966609954834,0.4592034789417822,0.9101378917694092,0.4639671470481356,0.615476131439209,0.4312323667080374,1.182971715927124,0.469874253470662,0.9493658542633056,0.4725697174626042,0.6116232872009277,0.98,0.7916378974914551,848,0.463996410369873,0.0,0.4583494663238525,0.0289416097782731,0.0696907043457031,4.211250640514491,0.0050537586212158,0.023097867160826846,11.28544020652771,0.034,0.0019922256469726,0,0,0,['cluster'],"['touching','separated']"
figure_ascending_markersize60_n500-d5-c3-spr0.1-out0_umap.png,n500-d5-c3-spr0.1-out0_umap,500,3,60,0.8608731185676425,1.0028557777404783,0.8711545969375684,0.6536004543304443,0.8801406174924552,1.2372632026672363,0.8276414483302156,0.654167652130127,0.8514841770467636,0.9695656299591064,0.2920491906272888,0.9836738109588624,0.2844962618355132,1.0311930179595947,0.2384440937302001,0.9340372085571288,0.2909612230541516,1.0023081302642822,0.286548546025836,0.6716008186340332,0.1758535475222196,0.9933223724365234,0.1700082506215725,1.0184190273284912,0.1379019648055762,0.9346356391906738,0.1765064447154432,0.6884851455688477,0.1722593481869011,1.0015583038330078,0.872,0.5049946308135986,13973,0.8601939678192139,0.0,0.4855051040649414,0.0289416097782731,0.0699915885925293,4.211250640514491,0.0051743984222412,0.04375145129125769,13.58026361465454,0.034,0.0018322467803955,0,0,0,['cluster'],"['touching','separated']"
figure_ascending_markersize110_n500-d5-c3-spr0.1-out0_umap.png,n500-d5-c3-spr0.1-out0_umap,500,3,110,0.7625240835681005,1.0286262035369873,0.7753328805260779,1.04194974899292,0.7650378114516494,0.9661223888397216,0.7166803344935126,1.0806012153625488,0.7462291553149665,0.7521798610687256,0.2358129555269119,1.0807368755340576,0.2232583685291489,1.097017765045166,0.1705142237311636,0.9893043041229248,0.2324903534550516,0.7363264560699463,0.2238288398163471,1.065558910369873,0.1394726549410591,1.083444118499756,0.1304042413416501,0.7198419570922852,0.0959499354895623,1.3679664134979248,0.138750423027044,0.7531912326812744,0.1316598817179943,1.0918784141540527,0.698,0.5274043083190918,26519,0.9482026100158693,0.0,0.5352733135223389,0.0289416097782731,0.0708503723144531,4.211250640514491,0.0052399635314941,-,15.0,0.034,0.0019123554229736,0,0,0,['cluster'],"['touching','separated']"
figure_ascending_markersize160_n500-d5-c3-spr0.1-out0_umap.png,n500-d5-c3-spr0.1-out0_umap,500,3,160,0.6855093611528433,0.4013023376464844,0.6969708141594795,1.164480209350586,0.6622400685247039,1.0290634632110596,0.6361797051115097,1.1723544597625732,0.6646966724593524,0.7739028930664062,0.2151459009267434,1.1623449325561523,0.1999053850203762,0.7909152507781982,0.1412865177180133,1.0542473793029783,0.2102014936469489,1.1983749866485596,0.1999768046954665,0.8108823299407959,0.1275958101713972,1.2100582122802734,0.116686758659531,0.8037815093994141,0.0790788520547187,1.0584943294525146,0.125900228351534,1.2181987762451172,0.1176925535585453,0.8163394927978516,0.556,0.5805575847625732,34592,0.5880663394927979,0.0,0.5457332134246826,0.0289416097782731,0.070483922958374,4.211250640514491,0.0051486492156982,-,15.0,0.034,0.002037763595581,0,0,0,['cluster'],"['touching','separated']"
figure_descending_markersize10_n500-d5-c3-spr0.1-out0_umap.png,n500-d5-c3-spr0.1-out0_umap,500,3,10,0.9615565033785448,0.7548930644989014,0.9723525572693468,1.1054754257202148,1.0111110249126958,0.9785642623901368,0.9520197010276912,1.1635537147521973,0.9632416391520064,0.733757495880127,0.6095570958862179,0.7268435955047607,0.6249498017138023,1.1568572521209717,0.6348798126787503,1.005171298980713,0.6172367541343216,0.7274699211120605,0.6276469046938705,1.139946222305298,0.4462113754574324,0.718775749206543,0.4604425774658838,0.732046365737915,0.4627077305843891,1.4231784343719482,0.4566524253611163,0.750819206237793,0.4654748246737009,0.7488367557525635,0.98,1.044471263885498,848,0.1198527812957763,0.0,1.0435996055603027,0.0289416097782731,0.0713310241699218,4.211250640514491,0.0052697658538818,0.023097867160826843,11.71674370765686,0.034,0.0018136501312255,0,0,14,['cluster'],"['touching','separated']"
figure_descending_markersize60_n500-d5-c3-spr0.1-out0_umap.png,n500-d5-c3-spr0.1-out0_umap,500,3,60,0.7453644442852727,0.342536449432373,0.7786123242701842,1.235377550125122,1.096779023358716,1.0614066123962402,0.7037083402698616,0.7907702922821045,0.7623342974069465,1.2069289684295654,0.2575579166106537,0.7829346656799316,0.2684775837259995,1.261286735534668,0.2993032200650757,1.0718250274658203,0.2565077825360753,0.8322231769561768,0.2674042560578648,0.7940182685852051,0.1556755046550167,0.8132579326629639,0.1622040206232803,1.2577567100524902,0.1732974300882361,1.072239637374878,0.1568383616008779,0.8089356422424316,0.1621388831144258,0.8030753135681152,0.872,0.6489822864532471,13973,0.6329696178436279,0.0,1.1083354949951172,0.0289416097782731,0.0691797733306884,4.211250640514491,0.0051805973052978,0.04375145129125769,13.448912620544434,0.034,0.0018911361694335,0,0,449,['cluster'],"['touching','separated']"
figure_descending_markersize110_n500-d5-c3-spr0.1-out0_umap.png,n500-d5-c3-spr0.1-out0_umap,500,3,110,0.5868746967353791,0.8611338138580322,0.6327122242089864,0.8703944683074951,1.2045849790228638,1.125375509262085,0.5378949746843724,0.8742823600769043,0.6126433406415532,1.283884048461914,0.1895188227260963,0.8629038333892822,0.2010639905659609,0.8589890003204346,0.2447787808713712,1.103322982788086,0.1878831920756209,0.8611292839050293,0.1990043724455116,0.834846019744873,0.1130058391997251,1.3250370025634766,0.1195230842529236,0.8705534934997559,0.1362308466836943,1.120204210281372,0.1138198622941357,0.85866379737854,0.1187964583306347,0.8731961250305176,0.698,0.6483809947967529,26519,0.675459623336792,0.0,0.6595885753631592,0.0289416097782731,0.0702757835388183,4.211250640514491,0.0051581859588623,-,15.0,0.034,0.001854658126831,0,0,1382,['cluster'],"['touching','separated']"
figure_descending_markersize160_n500-d5-c3-spr0.1-out0_umap.png,n500-d5-c3-spr0.1-out0_umap,500,3,160,0.4834290318143126,1.4185411930084229,0.5357230125948695,0.9108951091766356,1.31767811629094,1.199244499206543,0.4354655149890705,0.9304115772247314,0.5126485244985746,0.9076907634735109,0.1605834956085841,0.9362635612487792,0.1733563552645898,0.9117913246154784,0.2284595559820466,1.6839392185211182,0.158155286530631,0.9248032569885254,0.1706006587439253,0.9269921779632568,0.0962832351243009,0.9255435466766356,0.1034094834901672,0.9441943168640136,0.1250723225063207,1.188063383102417,0.0966239015993931,0.9151782989501952,0.1023266003939096,0.9323816299438475,0.556,0.7270302772521973,34592,0.1436116695404052,0.0,0.6613099575042725,0.0289416097782731,0.0709514617919921,4.211250640514491,0.0050721168518066,-,15.0,0.034,0.0018811225891113,0,0,2545,['cluster'],"['touching','separated']"
figure_category_based_markersize10_efashion_umap.png,efashion_umap,3272,8,10,0.1594785905789995,0.9634463787078856,0.1637035021462506,1.498565435409546,0.1533524379044581,1.706455945968628,0.162772457665946,0.977519989013672,0.1642398116804913,0.9883995056152344,0.1365330677674917,0.9878408908843994,0.1403025023830071,0.9841248989105223,0.1356091176633758,1.7262489795684814,0.1383683465635431,0.444504976272583,0.139903738596679,1.5154352188110352,0.1193597754720948,0.9972167015075684,0.1227549886057314,0.9928557872772216,0.1215459051770359,1.723351240158081,0.1203278593123234,0.9998979568481444,0.1218488976426371,0.9813494682312012,0.5223105134474327,0.8578207492828369,12076,0.1702034473419189,0.1173594132029339,0.7499635219573975,0.0287181434121877,0.3093941211700439,1.1884685639195034,0.0287089347839355,-,15.0,0.8224327628361858,0.0150976181030273,25,0,11323,['three_order'],"['intersecting','separated']"
figure_category_based_markersize60_efashion_umap.png,efashion_umap,3272,8,60,0.1076110346691076,0.609398365020752,0.1080820071937646,1.1815316677093506,0.079766173198322,1.9169425964355469,0.1105506337408057,1.7505109310150146,0.1104969909125683,1.1962342262268066,0.0856393371844616,0.6288323402404785,0.0860081122561937,1.21484375,0.0682960796827285,1.9265415668487549,0.0871276801891639,1.245145320892334,0.0871321004532115,0.6422221660614014,0.0711185628642411,1.796492338180542,0.0714214972611526,1.212249517440796,0.0597099938100404,1.3725090026855469,0.0718949194086533,1.805649757385254,0.0719236485644577,0.629077672958374,0.2955378973105134,0.8844470977783203,45634,0.8447306156158447,0.1173594132029339,0.8159751892089844,0.0287181434121877,0.3094277381896972,1.1884685639195034,0.0288591384887695,-,15.0,0.8224327628361858,0.0154428482055664,329,0,88862,['three_order'],"['intersecting','separated']"
figure_category_based_markersize110_efashion_umap.png,efashion_umap,3272,8,110,0.1006451323213125,0.8742120265960693,0.1001776963803195,1.4814903736114502,0.0633596750785541,2.2407543659210205,0.1041818909996563,1.8179357051849363,0.1036938304370302,1.4393916130065918,0.0768157069705155,1.4922513961791992,0.076504684011614,1.454627275466919,0.0535278139667868,2.302581548690796,0.0785979031978911,1.4886367321014404,0.0782791902839207,1.607447624206543,0.0621100981356207,1.5121676921844482,0.0618814626415967,1.451529026031494,0.0463373919599382,2.2555601596832275,0.0631019360358569,1.4789602756500244,0.0628701513304823,1.7196128368377686,0.2124083129584352,1.0293869972229004,63067,1.007925510406494,0.1173594132029339,0.8636987209320068,0.0287181434121877,0.3235456943511963,1.1884685639195034,0.0301601886749267,-,15.0,0.8224327628361858,0.0156526565551757,640,0,169305,['three_order'],"['intersecting','separated']"
figure_category_based_markersize160_efashion_umap.png,efashion_umap,3272,8,160,0.0986111722928025,1.0688130855560305,0.097719749508636,1.7183198928833008,0.0560898451319377,2.601597309112549,0.102630510037453,1.156489610671997,0.1019227740314321,1.758354663848877,0.0734288772215955,1.7682523727416992,0.0728221108904754,2.467936992645264,0.0471425567797415,1.9068045616149905,0.075424892471854,1.7154648303985596,0.0749607738199724,1.763528823852539,0.0584918398131109,1.755218267440796,0.0580354755848239,2.41309118270874,0.0406570610856359,1.868606805801392,0.0596205026044226,1.8010802268981934,0.0592793839005044,1.819920301437378,0.1781784841075794,1.072385311126709,73597,1.1299400329589844,0.1173594132029339,0.9168813228607178,0.0287181434121877,0.3194770812988281,1.1884685639195034,0.0300815105438232,-,15.0,0.8224327628361858,0.0157332420349121,848,0,242401,['three_order'],"['intersecting','separated']"
figure_ascending_markersize10_efashion_umap.png,efashion_umap,3272,8,10,0.1874263772374537,1.145223617553711,0.17308073764993,1.1054127216339111,0.1093947352608197,2.63624906539917,0.1872472302033104,0.4549934864044189,0.178648250030543,1.1046137809753418,0.1637597784542284,1.1112146377563477,0.1533268904651175,1.1114068031311035,0.101153344040847,1.901810884475708,0.1614346221795558,1.15771746635437,0.1550634213724875,1.1195785999298096,0.1453999208854631,1.14208984375,0.1376201853314612,1.1630918979644775,0.0940667091235946,1.9322311878204343,0.1418765080907671,1.1626372337341309,0.1369796130859434,0.449674129486084,0.5223105134474327,0.9555537700653076,12076,0.944101095199585,0.1173594132029339,0.9159691333770752,0.0287181434121877,0.3234026432037353,1.1884685639195034,0.0300774574279785,-,15.0,0.8224327628361858,0.0147464275360107,19,0,0,['three_order'],"['intersecting','separated']"
figure_ascending_markersize60_efashion_umap.png,efashion_umap,3272,8,60,0.1348928449367132,0.6001608371734619,0.1183167696967945,1.409921407699585,0.0429415163502933,2.1363587379455566,0.1323344732027667,1.3791232109069824,0.1229968931002229,1.3742427825927734,0.1121710054139878,1.3705182075500488,0.0996943423768004,0.6197900772094727,0.039314523700157,2.094334840774536,0.1076160328252265,1.3165671825408936,0.1011197740543944,1.327784776687622,0.0960003574007005,1.3542325496673584,0.0861368607676507,1.3621573448181152,0.0362525083690931,2.1692965030670166,0.0906784260631786,1.3929626941680908,0.0858498902284029,1.3911800384521484,0.2955378973105134,0.2662525177001953,45634,0.996798038482666,0.1173594132029339,0.922539472579956,0.0287181434121877,0.321711778640747,1.1884685639195034,0.0292887687683105,-,15.0,0.8224327628361858,0.0151808261871337,295,0,0,['three_order'],"['intersecting','separated']"
figure_ascending_markersize110_efashion_umap.png,efashion_umap,3272,8,110,0.1294342565957318,0.8252286911010742,0.11200811942167,1.682800531387329,0.0252786488859763,2.3816709518432617,0.1253370684337281,0.8533222675323486,0.1157555202904887,1.5837137699127195,0.103925571454587,1.560192584991455,0.0915730572995594,1.5474822521209717,0.0231885296164714,2.349869728088379,0.09857583273358,0.8565680980682373,0.0924486894639937,1.567575216293335,0.0868160171203823,1.5744247436523438,0.0774439712053105,1.592970609664917,0.0214176500391546,2.3222925662994385,0.0812317136841025,1.570467472076416,0.0769543018877607,1.612401008605957,0.2124083129584352,0.298335313796997,63067,1.0993523597717283,0.1173594132029339,0.9524717330932616,0.0287181434121877,0.3250119686126709,1.1884685639195034,0.0299077033996582,-,15.0,0.8224327628361858,0.0151708126068115,577,0,0,['three_order'],"['intersecting','separated']"
figure_ascending_markersize160_efashion_umap.png,efashion_umap,3272,8,160,0.1286618300947748,1.0266506671905518,0.1108837913339599,1.0403907299041748,0.0151321802384923,2.506373167037964,0.1234342492926042,1.8254237174987795,0.1137723372556407,1.829556226730347,0.1005700295236231,1.8410861492156985,0.0887368803512794,1.877687692642212,0.0139517751877288,1.785160779953003,0.094664389205747,1.7898247241973877,0.0889488602857005,1.8104193210601809,0.0825468858119882,1.7893292903900146,0.0739639914181442,1.028071403503418,0.0129422021735992,2.5571694374084477,0.0767707775039242,1.798680067062378,0.0730174990310924,1.767334222793579,0.1781784841075794,1.175912380218506,73597,0.3363909721374511,0.1173594132029339,1.0142822265625,0.0287181434121877,0.3200013637542724,1.1884685639195034,0.0298588275909423,-,15.0,0.8224327628361858,0.0155911445617675,764,0,0,['three_order'],"['intersecting','separated']"
figure_descending_markersize10_efashion_umap.png,efashion_umap,3272,8,10,0.1426094558337943,0.4294240474700928,0.1579477542250308,1.2567384243011477,0.2768497334603894,1.1897950172424316,0.141637303919169,1.232128620147705,0.150132460169457,1.2265229225158691,0.1247591374509596,1.2642288208007812,0.137081404523371,1.239105224609375,0.2217283110193527,1.193187952041626,0.1243794212058523,1.2265424728393557,0.1311890766055392,1.225750207901001,0.1108803299084487,1.224968194961548,0.1210849676564449,1.2401914596557615,0.1849119199517355,1.1845080852508545,0.1108703558363292,1.2406189441680908,0.1164905546720695,1.232994794845581,0.5223105134474327,1.0783751010894775,12076,0.169917345046997,0.1173594132029339,0.9942803382873536,0.0287181434121877,0.3120906352996826,1.1884685639195034,0.0290040969848632,-,15.0,0.8224327628361858,0.0149369239807128,22,0,24820,['three_order'],"['intersecting','separated']"
figure_descending_markersize60_efashion_umap.png,efashion_umap,3272,8,60,0.0895877802094887,1.4222416877746582,0.1025746564205646,0.6012909412384033,0.2028967306701461,2.1490514278411865,0.087276018046118,1.4413580894470217,0.0947697104710952,0.6106317043304443,0.0745806833480032,1.3907959461212158,0.0831949746399418,1.383194923400879,0.1445408766843778,2.213530302047729,0.0728984669020574,1.448472261428833,0.0786231645157358,0.6281898021697998,0.0638799724686395,1.4226648807525637,0.0699745172289943,1.466231107711792,0.1122548562192456,1.3623852729797363,0.0625879441672673,1.4102213382720947,0.0671776597726975,1.4117391109466553,0.2955378973105134,1.1306734085083008,45634,0.2291359901428222,0.1173594132029339,1.0298750400543213,0.0287181434121877,0.3237507343292236,1.1884685639195034,0.0294272899627685,-,15.0,0.8224327628361858,0.0145351886749267,292,0,225244,['three_order'],"['intersecting','separated']"
figure_descending_markersize110_efashion_umap.png,efashion_umap,3272,8,110,0.0813154795011101,1.5785565376281738,0.0942826013201594,1.6313035488128662,0.1977131373481472,2.395481824874878,0.0788174237747372,0.8141915798187256,0.0862271779089134,1.6079046726226809,0.0655520550101055,1.6751339435577393,0.0736955616949187,1.7057268619537354,0.1303326748550866,1.5609846115112305,0.0639800629388234,1.7030525207519531,0.0693174865511937,1.6410064697265625,0.0549078797373211,1.7073402404785156,0.0604877773201203,0.8084588050842285,0.0972052213256391,2.425609350204468,0.0538439520708711,1.7005999088287354,0.0579526146910304,0.8114926815032959,0.2124083129584352,1.234243392944336,63067,1.222992181777954,0.1173594132029339,0.1597805023193359,0.0287181434121877,0.323124885559082,1.1884685639195034,0.0297036170959472,-,15.0,0.8224327628361858,0.0151503086090087,596,0,470728,['three_order'],"['intersecting','separated']"
figure_descending_markersize160_efashion_umap.png,efashion_umap,3272,8,160,0.0784722717333468,0.9770309925079346,0.0915492360623122,1.034855604171753,0.1984565704731311,2.580657958984375,0.0759337402434715,1.8620173931121824,0.083353327789177,1.0132169723510742,0.0621452135103343,1.8536248207092283,0.0699539848216485,1.8606114387512207,0.124803500442819,2.7152693271636963,0.0605933730265989,1.0162527561187744,0.0657580877251436,1.850543737411499,0.051442094408836,1.900550842285156,0.0566022616089764,1.0085680484771729,0.0910224078614038,2.6174209117889404,0.0504094926359742,1.8970532417297363,0.054296515121577,0.9870412349700928,0.1781784841075794,1.33309006690979,73597,0.3295075893402099,0.1173594132029339,1.133598804473877,0.0287181434121877,0.3134605884552002,1.1884685639195034,0.0286421775817871,-,15.0,0.8224327628361858,0.0149216651916503,776,0,711159,['three_order'],"['intersecting','separated']"
figure_category_based_markersize10_fisheries_clusteredByEscapementTarget_umap.png,fisheries_clusteredByEscapementTarget_umap,121,11,10,0.7756153024850945,1.2356078624725342,0.8227353173741363,1.2565913200378418,0.8848970347976749,2.236891508102417,0.7317723424090113,0.3345866203308105,0.764072682198847,1.2749109268188477,0.767101527755331,0.3389027118682861,0.8086761502950536,1.2368168830871582,0.8475528532313892,2.157696008682251,0.7214296622321992,1.3057687282562256,0.7544143891506337,0.3255722522735595,0.7587726316692895,1.2958664894104004,0.7950894054955865,0.3359785079956054,0.8132330168626732,2.129980087280273,0.7113752689920052,1.2573068141937256,0.7449972202853457,1.284224510192871,1.0,0.1209979057312011,49,1.1030187606811523,0.0,0.1170427799224853,0.028664147217654,0.0140533447265625,7.1747235346287255,0.0018694400787353,0.024036371786446048,1.985576629638672,0.8347107438016529,0.0011482238769531,0,0,21,['three_order'],['intersecting']
figure_category_based_markersize60_fisheries_clusteredByEscapementTarget_umap.png,fisheries_clusteredByEscapementTarget_umap,121,11,60,0.3258141087672652,1.3331665992736816,0.3405139729167944,0.3461184501647949,0.3939254646524635,2.174031972885132,0.2833802348000364,1.3262579441070557,0.3008194056166938,0.3365402221679687,0.3187626407570979,1.2801856994628906,0.3307427783771407,0.3485050201416015,0.3677155551161796,2.182619333267212,0.275883296983559,1.314891338348389,0.2939267135837883,0.3361821174621582,0.3120099311921857,1.2721266746520996,0.3215167182114311,1.3153355121612549,0.3447758265744279,1.2394263744354248,0.2687728045943284,1.2942156791687012,0.2873428115128195,1.3067450523376465,0.9834710743801652,0.1214449405670166,2006,1.145301103591919,0.0,1.1531968116760254,0.028664147217654,0.0138654708862304,7.1747235346287255,0.0018661022186279,0.053178904349079965,1.1000244617462158,0.8347107438016529,0.0011103153228759,0,0,1089,['three_order'],['intersecting']
figure_category_based_markersize110_fisheries_clusteredByEscapementTarget_umap.png,fisheries_clusteredByEscapementTarget_umap,121,11,110,0.220677662816795,1.3300528526306152,0.221898783400875,0.3550136089324951,0.2455817867855593,2.2267277240753174,0.1891571051955775,1.3550868034362793,0.1975173021427544,0.3401389122009277,0.2141827059543676,1.3494350910186768,0.2142745064780649,0.3552746772766113,0.2290730110439091,2.187202215194702,0.1827947118159848,1.369332790374756,0.1917899710494776,0.3415911197662353,0.2080591359668577,1.31105375289917,0.2071567546818686,1.3684484958648682,0.2146439719693103,1.2201766967773438,0.1768463952912508,1.3192155361175537,0.1863854265501661,1.366727352142334,0.9834710743801652,0.1265561580657959,5827,1.2291452884674072,0.0,0.116262674331665,0.028664147217654,0.0140151977539062,7.1747235346287255,0.0018591880798339,0.06852227184631808,2.234904527664185,0.8347107438016529,0.0011687278747558,0,0,3783,['three_order'],['intersecting']
figure_category_based_markersize160_fisheries_clusteredByEscapementTarget_umap.png,fisheries_clusteredByEscapementTarget_umap,121,11,160,0.1798162164163006,0.6944589614868164,0.1759596302090145,0.6462202072143555,0.1884590216277017,1.5382750034332275,0.1529283645192563,0.6453604698181152,0.157940563442025,0.5725727081298828,0.172998759264582,0.6288485527038574,0.1689607509755432,0.6824159622192383,0.1759487644901674,1.559504508972168,0.1468376654783324,0.6454713344573975,0.1524928459376399,0.6254169940948486,0.1666793657380065,0.7203159332275391,0.1624973408019582,0.7468533515930176,0.1649960243483503,1.5948965549468994,0.1412135345830966,0.6858320236206055,0.1474084057238373,0.6665594577789307,0.9586776859504132,0.3648931980133056,9878,0.2494621276855468,0.0,0.3440423011779785,0.028664147217654,0.0140268802642822,7.1747235346287255,0.0020196437835693,0.07890990363282047,1.7563657760620115,0.8347107438016529,0.0011303424835205,0,0,7308,['three_order'],['intersecting']
figure_ascending_markersize10_fisheries_clusteredByEscapementTarget_umap.png,fisheries_clusteredByEscapementTarget_umap,121,11,10,0.7858569394441206,0.5558183193206787,0.823437743016034,0.675309419631958,0.8566151522610379,1.551059007644653,0.7511103110747062,0.6642971038818359,0.7797828783579049,0.5480308532714844,0.7771326431653341,0.783423900604248,0.8093627487233906,0.7034149169921875,0.8187320306009324,1.4423305988311768,0.7402556227551278,0.7685656547546387,0.7697524203865174,0.565263032913208,0.7685999279159956,0.7838466167449951,0.7957608349118264,0.5857183933258057,0.7840577041918747,1.769608497619629,0.7297101986631948,0.5631346702575684,0.7599767316941178,0.747718095779419,1.0,0.4292576313018799,49,0.4298715591430664,0.0,0.2817790508270263,0.028664147217654,0.0125911235809326,7.1747235346287255,0.0019662380218505,0.024036371786446048,1.1340155601501465,0.8347107438016529,0.001054048538208,0,0,0,['three_order'],['intersecting']
figure_ascending_markersize60_fisheries_clusteredByEscapementTarget_umap.png,fisheries_clusteredByEscapementTarget_umap,121,11,60,0.3518432958715204,0.7556636333465576,0.3410903841262814,0.617274284362793,0.3463353609165048,1.6597371101379397,0.3202536200305076,0.794489860534668,0.3282477760582851,0.6636946201324463,0.3439935526552532,0.8270246982574463,0.3338987249479939,0.8316764831542969,0.3243808139429065,1.7274928092956543,0.3112432452132585,0.6775681972503662,0.3203526400646488,0.8635213375091553,0.3364864264032603,0.6341028213500977,0.3270040662193754,0.8177704811096191,0.305043781717823,1.617081880569458,0.3027260117999742,0.8779242038726807,0.3128283771141318,0.6878526210784912,0.9834710743801652,0.4941902160644531,2006,0.5095858573913574,0.0,0.3194949626922607,0.028664147217654,0.0127811431884765,7.1747235346287255,0.0019824504852294,0.05317890434907996,1.3355748653411863,0.8347107438016529,0.0010647773742675,0,0,0,['three_order'],['intersecting']
figure_ascending_markersize110_fisheries_clusteredByEscapementTarget_umap.png,fisheries_clusteredByEscapementTarget_umap,121,11,110,0.2525446846968308,0.7168715000152588,0.2223758520627361,0.7155725955963135,0.2064160315633347,1.5815374851226809,0.2331529883203795,0.9238340854644777,0.2270367591467404,0.9130642414093018,0.2448719110323299,0.7533831596374512,0.2167388339997323,0.7592053413391113,0.193178045595086,1.6581275463104248,0.2245380009478059,0.7670624256134033,0.2200027605986613,0.7450671195983887,0.2376516162758716,0.7721762657165527,0.2113805368056421,0.7575469017028809,0.1815356987548192,1.8980591297149656,0.216536974189472,0.7762882709503174,0.2133915157175627,0.7734172344207764,0.9834710743801652,0.3502662181854248,5827,0.576286792755127,0.0,0.3557262420654297,0.028664147217654,0.0128035545349121,7.1747235346287255,0.0020864009857177,0.06852227184631808,1.5079076290130615,0.8347107438016529,0.0010287761688232,0,0,0,['three_order'],['intersecting']
figure_ascending_markersize160_fisheries_clusteredByEscapementTarget_umap.png,fisheries_clusteredByEscapementTarget_umap,121,11,160,0.2137539056272066,0.8089847564697266,0.1763733171820938,0.8215713500976562,0.1545502026592745,1.7171494960784912,0.1992070107273036,0.8308453559875488,0.1870268715660406,0.5704085826873779,0.2054282186570831,1.072767734527588,0.1709936214551294,0.8327136039733887,0.1449200438906726,1.7736656665802002,0.1907486408473021,0.5871915817260742,0.1803469996910701,0.8380904197692871,0.1977267859258481,1.1092228889465332,0.165932392263069,0.60135817527771,0.1364196177783005,1.713611364364624,0.1829793027242319,1.109534502029419,0.174127831325676,0.5845448970794678,0.9586776859504132,0.6380219459533691,9878,0.4061288833618164,0.0,0.394411563873291,0.028664147217654,0.0127992630004882,7.1747235346287255,0.0020313262939453,0.07890990363282048,1.7398526668548584,0.8347107438016529,0.0010442733764648,0,0,0,['three_order'],['intersecting']
figure_descending_markersize10_fisheries_clusteredByEscapementTarget_umap.png,fisheries_clusteredByEscapementTarget_umap,121,11,10,0.7534799962320953,0.8490180969238281,0.8224876342234567,0.8685171604156494,0.9065451580025008,1.7700488567352295,0.7100677733530112,0.5940828323364258,0.7564591580095268,0.8530161380767822,0.7453484478366237,0.8754823207855225,0.8084363637254771,0.8907392024993896,0.8675045856029959,1.4975392818450928,0.7001751974494956,0.8858323097229004,0.7469781420945791,0.8808958530426025,0.7373905367232395,0.9036567211151124,0.794857129139977,0.8905832767486572,0.8316877638255165,1.498182773590088,0.6905544783450606,0.8976438045501709,0.7377318433699283,0.9145560264587402,1.0,0.7327179908752441,49,0.4230804443359375,0.0,0.4238073825836181,0.028664147217654,0.0126757621765136,7.1747235346287255,0.0020606517791748,0.02403637178644604,1.1396701335906982,0.8347107438016529,0.0010545253753662,0,0,43,['three_order'],['intersecting']
figure_descending_markersize60_fisheries_clusteredByEscapementTarget_umap.png,fisheries_clusteredByEscapementTarget_umap,121,11,60,0.2720853913927287,0.6348538398742676,0.3398924173573932,0.9288058280944824,0.4522390980149975,1.8136556148529053,0.2530377691031924,0.924180030822754,0.2898422719507619,0.6250662803649902,0.2683891916845973,0.9375247955322266,0.3301476459285249,0.9470348358154296,0.4260408870479303,1.5359258651733398,0.2486431800731756,0.949425220489502,0.2852422632101062,0.9482822418212892,0.2647920695996529,0.974418878555298,0.3209460694071016,0.65413498878479,0.402711792869998,1.881333827972412,0.244398629778637,0.6638152599334717,0.2807859843737598,0.9784159660339355,0.9834710743801652,0.4637391567230224,2006,0.8025338649749756,0.0,0.4688601493835449,0.028664147217654,0.0128674507141113,7.1747235346287255,0.001946210861206,0.05317890434907996,1.301199436187744,0.8347107438016529,0.0010392665863037,0,0,2250,['three_order'],['intersecting']
figure_descending_markersize110_fisheries_clusteredByEscapementTarget_umap.png,fisheries_clusteredByEscapementTarget_umap,121,11,110,0.1722282711272782,0.6840348243713379,0.2213708052378313,1.0396277904510498,0.2906522465731215,1.5864455699920654,0.1635507682795504,1.0277676582336426,0.1889020498560357,1.0359444618225098,0.169209601085546,0.6990020275115967,0.2140068380827965,1.0843489170074463,0.2723390578562155,1.585296869277954,0.1601331535875253,1.0545313358306885,0.1852847044093937,0.7063846588134766,0.1662949256557601,1.059711456298828,0.2071170271891227,0.7087986469268799,0.2561968102393471,1.9583606719970703,0.1568554467028979,0.7058355808258057,0.1818032952725434,0.7094976902008057,0.9834710743801652,0.4967982769012451,5827,0.8908278942108154,0.0,0.5049700736999512,0.028664147217654,0.0128858089447021,7.1747235346287255,0.0019118785858154,0.06852227184631808,1.4203431606292725,0.8347107438016529,0.0010581016540527,0,0,7366,['three_order'],['intersecting']
figure_descending_markersize160_fisheries_clusteredByEscapementTarget_umap.png,fisheries_clusteredByEscapementTarget_umap,121,11,160,0.1345959345977792,0.72845458984375,0.175481798064092,0.7193710803985596,0.2268931823487094,2.017461061477661,0.1293346820519945,0.7244598865509033,0.1503303135508154,0.7231338024139404,0.1313091069410095,1.114856243133545,0.1691308139186742,0.7334210872650146,0.2118069171495447,1.625546932220459,0.1260325606839397,1.1278226375579834,0.1467674502263455,0.7243142127990723,0.1281789810483866,1.1348073482513428,0.1632234791430263,0.7496061325073242,0.1986017654082857,2.051654100418091,0.1228948583194815,0.7533829212188721,0.143369558414279,0.7491838932037354,0.9586776859504132,0.5421950817108154,9878,0.548198938369751,0.0,0.5445046424865723,0.028664147217654,0.0127348899841308,7.1747235346287255,0.0020103454589843,0.07890990363282045,2.0437822341918945,0.8347107438016529,0.0010590553283691,0,0,13724,['three_order'],['intersecting']
figure_category_based_markersize10_UnEvenDensity_tsne.png,UnEvenDensity_tsne,905,2,10,1.0,0.7454888820648193,1.0,0.7467858791351318,1.0,1.345533847808838,1.0,0.7568073272705078,1.0,0.7440121173858643,1.0,0.7493510246276855,1.0,1.190305233001709,1.0,0.954570770263672,1.0,0.7692258358001709,1.0,0.7551131248474121,1.0,1.1999428272247314,1.0,0.7683422565460205,1.0,0.9519712924957277,1.0,0.7691256999969482,1.0,0.7608017921447754,1.0,0.6091759204864502,0,1.0150487422943115,0.0,0.1099007129669189,0.0295401426671978,0.0872859954833984,9.688568369653703,0.009103775024414,-,15.0,0.0,0.0027329921722412,0,0,0,['cluster'],['separated']
figure_category_based_markersize60_UnEvenDensity_tsne.png,UnEvenDensity_tsne,905,2,60,1.0,0.3744497299194336,1.0,1.276292324066162,1.0,1.0044021606445312,1.0,0.8239548206329346,1.0,1.2749171257019043,0.602046866484206,0.8209803104400635,0.6489809612670872,0.8172569274902344,0.8225983597047768,1.4584412574768066,0.5812380118585343,0.843247652053833,0.607576838050846,0.838874340057373,0.4306631260020021,0.8633627891540527,0.4803640383008595,1.2990458011627195,0.6986556936497195,1.051471710205078,0.4096797184564678,0.8583614826202393,0.4363449665691731,0.8643341064453125,1.0,0.8611702919006348,8842,0.612046480178833,0.0,0.6160862445831299,0.0295401426671978,0.0880970954895019,9.688568369653703,0.0089626312255859,-,15.0,0.0,0.0024271011352539,0,0,0,['cluster'],['separated']
figure_category_based_markersize110_UnEvenDensity_tsne.png,UnEvenDensity_tsne,905,2,110,1.0,1.388981819152832,1.0,0.91894793510437,1.0,1.109546184539795,1.0,0.9182295799255372,1.0,0.9170546531677246,0.3231359800117577,0.9229540824890136,0.3604646155835449,0.97139310836792,0.4416343289964891,1.1112866401672363,0.3182538035293264,1.412968397140503,0.3413544086933103,0.9276878833770752,0.1927025543872206,0.9438798427581788,0.2198577834975131,0.9393279552459716,0.2833958275737032,1.120837926864624,0.189240091160733,1.4366445541381836,0.2058031025328259,0.94714093208313,0.9613259668508288,0.8984107971191406,43893,0.6798381805419922,0.0,0.639500617980957,0.0295401426671978,0.0890753269195556,9.688568369653703,0.0089344978332519,-,15.0,0.0,0.0025310516357421,0,0,0,['cluster'],['separated']
figure_category_based_markersize160_UnEvenDensity_tsne.png,UnEvenDensity_tsne,905,2,160,1.0,1.4829325675964355,1.0,0.996924877166748,1.0,1.198835372924805,1.0,1.0075383186340332,1.0,1.0250420570373535,0.2387185964534985,1.0158140659332275,0.2581235761288163,1.032905101776123,0.2778274844638394,1.2160475254058838,0.2398015132987981,1.0342600345611572,0.2533610246560832,1.0371780395507812,0.1355368857996325,1.0239784717559814,0.1481870772182316,1.5464372634887695,0.161323840647488,1.2149717807769775,0.1362354956617486,1.0503463745117188,0.145056321445132,1.0414693355560305,0.8331491712707182,0.8602449893951416,81537,0.719367504119873,0.0,0.1318230628967285,0.0295401426671978,0.0896449089050293,9.688568369653703,0.0090932846069335,-,15.0,0.0,0.0027189254760742,0,0,0,['cluster'],['separated']
figure_ascending_markersize10_UnEvenDensity_tsne.png,UnEvenDensity_tsne,905,2,10,1.0,0.3303959369659424,1.0,0.8532776832580566,1.0,1.0485734939575195,1.0,0.8662054538726807,1.0,0.8541321754455566,1.0,0.8605756759643555,1.0,0.8321437835693359,1.0,1.5804295539855957,1.0,0.868382453918457,1.0,0.8752641677856445,1.0,0.8904416561126709,1.0,0.8874664306640625,1.0,1.0683295726776123,1.0,0.8796370029449463,1.0,0.883631706237793,1.0,0.7345037460327148,0,0.1207125186920166,0.0,0.6994514465332031,0.0295401426671978,0.0875201225280761,9.688568369653703,0.0088987350463867,-,15.0,0.0,0.0024139881134033,0,0,0,['cluster'],['separated']
figure_ascending_markersize60_UnEvenDensity_tsne.png,UnEvenDensity_tsne,905,2,60,1.0,0.9428350925445556,1.0,0.9266998767852784,1.0,1.6766161918640137,1.0,0.9423208236694336,1.0,0.3908364772796631,0.6070505594330728,1.5129709243774414,0.6501711256277982,0.9509742259979248,0.7775212062067552,1.1530473232269287,0.584259258926586,0.3987128734588623,0.6093430472390218,1.5067973136901855,0.4358022924263529,0.9964916706085204,0.4816692974731256,0.3863117694854736,0.6360201994131736,1.723520278930664,0.4126880310611115,0.4005687236785888,0.4381692019942417,0.9724137783050536,1.0,1.0007264614105225,8842,0.138561725616455,0.0,0.7094948291778564,0.0295401426671978,0.0895566940307617,9.688568369653703,0.009000539779663,-,15.0,0.0,0.002406358718872,0,0,0,['cluster'],['separated']
figure_ascending_markersize110_UnEvenDensity_tsne.png,UnEvenDensity_tsne,905,2,110,1.0,0.4475071430206299,1.0,1.074665069580078,1.0,1.2830216884613037,1.0,1.056575059890747,1.0,1.1053171157836914,0.3322183956910627,1.0524799823760986,0.3624032959413042,1.0537662506103516,0.3628475495734297,1.247535228729248,0.3237618476356484,1.0580332279205322,0.3442981661435323,1.0394127368927002,0.1991977815516924,1.0489978790283203,0.2213019207006872,1.7110974788665771,0.2216333301635332,0.655179500579834,0.1931478812715119,1.0568945407867432,0.2079469618884165,1.7008380889892578,0.9613259668508288,0.3943300247192383,43893,0.7923600673675537,0.0,0.7602357864379883,0.0295401426671978,0.0886518955230712,9.688568369653703,0.0090487003326416,-,15.0,0.0,0.0024452209472656,0,0,0,['cluster'],['separated']
figure_ascending_markersize160_UnEvenDensity_tsne.png,UnEvenDensity_tsne,905,2,160,1.0,1.1636149883270264,1.0,1.1436986923217771,1.0,1.3075850009918213,1.0,0.5210492610931396,1.0,1.7147338390350342,0.2498421373706928,0.5140655040740967,0.2602062995847323,1.1502737998962402,0.2087306775438336,1.3296384811401367,0.2469460814659007,1.799931526184082,0.2566703518367309,0.5197317600250244,0.142754058194127,1.1567401885986328,0.1495615828029635,1.141218185424805,0.1165266858127312,1.995565414428711,0.1408662214293994,0.5245304107666016,0.1472299585492352,1.156973123550415,0.8331491712707182,0.987450361251831,81537,0.8500001430511475,0.0,0.7817304134368896,0.0295401426671978,0.0902626514434814,9.688568369653703,0.0091090202331542,-,15.0,0.0,0.0025057792663574,0,0,0,['cluster'],['separated']
figure_descending_markersize10_UnEvenDensity_tsne.png,UnEvenDensity_tsne,905,2,10,1.0,0.9891338348388672,1.0,0.9558489322662354,1.0,1.1567368507385254,1.0,0.9793756008148192,1.0,0.9815273284912108,1.0,0.9872097969055176,1.0,0.3277318477630615,1.0,1.141653299331665,1.0,0.9522686004638672,1.0,1.6602957248687744,1.0,0.3370566368103027,1.0,0.97282075881958,1.0,1.163794994354248,1.0,0.9746503829956056,1.0,0.986142873764038,1.0,0.8689498901367188,0,0.8063192367553711,0.0,0.1125946044921875,0.0295401426671978,0.0891900062561035,9.688568369653703,0.0090689659118652,-,15.0,0.0,0.0023500919342041,0,0,0,['cluster'],['separated']
figure_descending_markersize60_UnEvenDensity_tsne.png,UnEvenDensity_tsne,905,2,60,1.0,1.04667067527771,1.0,1.0290141105651855,1.0,1.2145566940307615,1.0,1.0294904708862305,1.0,1.0302207469940186,0.5956976351100034,1.0537714958190918,0.6476888417767319,1.0489497184753418,1.0173224774818492,1.2506389617919922,0.5777454637255365,1.0516629219055176,0.605624922577376,1.0503807067871094,0.4241947104864886,1.089639663696289,0.4789495655923573,1.077284812927246,1.0352556705224307,1.256575107574463,0.4062180495756523,1.061246633529663,0.4343342995607887,1.077613353729248,1.0,1.1192996501922607,8842,0.1414453983306884,0.0,0.8454666137695312,0.0295401426671978,0.0889558792114257,9.688568369653703,0.0087733268737792,-,15.0,0.0,0.0023353099822998,0,0,0,['cluster'],['separated']
figure_descending_markersize110_UnEvenDensity_tsne.png,UnEvenDensity_tsne,905,2,110,1.0,1.1427109241485596,1.0,1.140300989151001,1.0,1.3444650173187256,1.0,1.1392998695373535,1.0,1.1401166915893557,0.3133113631487544,1.1642487049102783,0.3588025620493992,1.166905403137207,0.5601622995199356,1.3464510440826416,0.3130760942159909,0.465872049331665,0.3386953495987563,1.1580121517181396,0.1857553055753387,1.200700283050537,0.2186224239403175,1.174321174621582,0.3890454454228894,1.3704688549041748,0.1855899327423941,1.1848995685577393,0.2038731123258781,1.168757438659668,0.9613259668508288,1.1896512508392334,43893,0.1580290794372558,0.0,0.8682699203491211,0.0295401426671978,0.0905377864837646,9.688568369653703,0.0091397762298583,-,15.0,0.0,0.002418041229248,0,0,0,['cluster'],['separated']
figure_descending_markersize160_UnEvenDensity_tsne.png,UnEvenDensity_tsne,905,2,160,1.0,0.5075027942657471,1.0,1.2615067958831787,1.0,0.7172346115112305,1.0,1.2316691875457764,1.0,1.2095766067504885,0.2272162016305184,1.2519171237945557,0.2564864797823553,1.2443785667419434,0.3437644613974695,1.4345967769622805,0.2333388806007617,1.2538244724273682,0.2505012960357813,0.5107543468475342,0.1281691551104543,1.224067211151123,0.1471089709418128,1.2578675746917725,0.2075577134925658,1.4634146690368652,0.1320790263840242,1.2656042575836182,0.1431846136657124,1.2473700046539309,0.8331491712707182,1.1264369487762451,81537,0.1736764907836914,0.0,0.8934805393218994,0.0295401426671978,0.0897531509399414,9.688568369653703,0.009052038192749,-,15.0,0.0,0.0025579929351806,0,0,0,['cluster'],['separated']
figure_category_based_markersize10_boston_tsne.png,boston_tsne,155,3,10,0.7781454214824313,0.303356409072876,0.7339994481407697,1.1024644374847412,0.9599969154717464,1.3095338344573977,0.7267568239709754,1.0801169872283936,0.7512821554398659,1.0696508884429932,0.5812903499109668,0.3122339248657226,0.5544091672473709,1.041389226913452,0.6085998340172979,1.309093952178955,0.5847108636700407,1.077507257461548,0.5881096883149486,1.076313018798828,0.4639263544558388,1.078622579574585,0.4454253478024095,0.3104987144470215,0.4455213038817236,1.3182430267333984,0.4891128549712035,1.087228536605835,0.4831692063987803,1.0921165943145752,0.9225806451612903,0.9141757488250732,259,0.1125729084014892,0.0,0.9135594367980956,0.033914317041484,0.0341467857360839,5.215827483512675,0.0022876262664794,0.037291211500172325,2.35199236869812,0.2451612903225806,0.0008132457733154,0,0,37,['linear'],['intersecting']
figure_category_based_markersize60_boston_tsne.png,boston_tsne,155,3,60,0.5470575887414798,1.1199951171875,0.4890428905943861,0.32118821144104,0.6840868131385835,1.35422682762146,0.4748908195499712,1.0957379341125488,0.4772588997084406,1.1195244789123535,0.3268080513028398,0.3170371055603027,0.2957282279516813,1.1557018756866455,0.3054438000896631,1.3472778797149658,0.3036344600870726,1.1151466369628906,0.2998573625514759,0.3168768882751465,0.2330003442260039,1.109547138214111,0.211947221426298,1.1206412315368652,0.1966163653709389,1.381937026977539,0.2231584726790091,1.134828805923462,0.2186012577849033,0.325322151184082,0.9225806451612903,1.001904010772705,3716,1.0175495147705078,0.0,0.1171169281005859,0.033914317041484,0.0355746746063232,5.215827483512675,0.0024011135101318,0.05968105190920521,2.7353708744049072,0.2451612903225806,0.0008220672607421,0,0,732,['linear'],['intersecting']
figure_category_based_markersize110_boston_tsne.png,boston_tsne,155,3,110,0.4180471569625352,1.248823165893555,0.3585279914234666,1.2088496685028076,0.5179352765129834,0.6278612613677979,0.3504282585370177,1.290255784988403,0.3454526074531014,1.2102289199829102,0.2389023447009236,0.3418347835540771,0.2070653917226609,1.150402545928955,0.2106128074284278,1.4587149620056152,0.2169023552778148,1.1845407485961914,0.2092688120959005,1.214993953704834,0.16723675323976,0.3574481010437011,0.1455688404446429,1.320445537567139,0.1321814950959785,1.4601836204528809,0.1570576732938298,0.3403654098510742,0.1500975764608373,1.1758875846862793,0.8709677419354839,1.0227539539337158,8789,0.1258754730224609,0.0,0.9908404350280762,0.033914317041484,0.0361814498901367,5.215827483512675,0.0023529529571533,0.07408475732079511,2.9010443687438965,0.2451612903225806,0.0008494853973388,0,0,2270,['linear'],['intersecting']
figure_category_based_markersize160_boston_tsne.png,boston_tsne,155,3,160,0.3575931851199306,1.465411901473999,0.2982991493242577,0.3586626052856445,0.4256391882315031,1.477426528930664,0.293602361425422,1.2660784721374512,0.2854774567960657,0.354274034500122,0.2069924982572283,1.2275819778442385,0.1748674176389369,1.215585708618164,0.1748087573284029,1.481091022491455,0.185269801393681,0.358558177947998,0.1766937598016263,1.2114288806915283,0.1456513170041979,1.2811627388000488,0.1236874136448198,1.289405345916748,0.1099908339715353,0.6309454441070557,0.1353344740307732,1.2761378288269043,0.1279407943058635,1.2878797054290771,0.8387096774193549,1.0811707973480225,12835,0.1255533695220947,0.0,1.0340378284454346,0.033914317041484,0.0348312854766845,5.215827483512675,0.0023133754730224,0.08448967579303356,3.212913751602173,0.2451612903225806,0.0008111000061035,0,0,4221,['linear'],['intersecting']
figure_ascending_markersize10_boston_tsne.png,boston_tsne,155,3,10,0.8115167103170083,0.3259186744689941,0.784600321165691,1.2303247451782229,0.7995311204965498,0.5820038318634033,0.787001823691912,1.1995081901550293,0.7911407365651861,1.2753853797912598,0.6033574039326799,1.2216858863830566,0.5826988116884133,0.3176958560943603,0.5348642601837661,1.4620327949523926,0.6269061573797938,1.2305681705474854,0.6160416909542591,0.3202643394470215,0.4801864588017207,1.2203660011291504,0.4634412837284019,1.2174837589263916,0.4018431052961221,1.5872325897216797,0.5209350614364809,0.3216955661773681,0.5044044823312637,1.261474370956421,0.9225806451612903,1.0674285888671875,259,0.1177284717559814,0.0,1.072502613067627,0.0339143170414843,0.0341782569885253,5.215827483512674,0.0022933483123779,0.03729121150017231,1.2730214595794678,0.2451612903225806,0.0007205009460449,0,0,0,['linear'],['intersecting']
figure_ascending_markersize60_boston_tsne.png,boston_tsne,155,3,60,0.6026934024705065,1.3059217929840088,0.539209065830909,1.3691470623016355,0.4940995426902529,0.6167078018188477,0.6197284049089566,1.3186757564544678,0.5666048820144844,1.2323555946350098,0.3574684450164317,0.3262205123901367,0.3155574745179286,1.281604528427124,0.249676912563809,1.5245530605316162,0.3689473537357357,1.2621455192565918,0.3398004639958946,0.3384575843811035,0.254085633222941,1.3008825778961182,0.223043945781411,0.3379876613616943,0.1670433913278203,1.5509495735168457,0.2626590135563615,1.302558183670044,0.2426649168377964,1.2713816165924072,0.9225806451612903,0.1182787418365478,3716,1.0980310440063477,0.0,0.1174101829528808,0.0339143170414843,0.0359201431274414,5.215827483512674,0.00242280960083,0.0596810519092052,2.528695821762085,0.2451612903225806,0.0007317066192626,0,0,0,['linear'],['intersecting']
figure_ascending_markersize110_boston_tsne.png,boston_tsne,155,3,110,0.4834068906834965,1.3342173099517822,0.4079074012697444,0.3470215797424316,0.328448137507171,1.5464396476745603,0.5222174868427635,1.29992413520813,0.4447159758598008,1.3206892013549805,0.2733416369881828,0.345461368560791,0.2261353609241616,1.297935962677002,0.1587988732428088,0.617224931716919,0.2845647170580234,1.3103489875793457,0.2488643316179838,1.2973453998565674,0.1905415118716221,0.3533532619476318,0.1564278502860586,1.3101801872253418,0.1047128412421636,1.577653884887695,0.1955658483669434,1.3125393390655518,0.1727748025643753,0.3446528911590576,0.8709677419354839,1.1141977310180664,8789,0.1250536441802978,0.0,1.1787686347961426,0.0339143170414843,0.0351989269256591,5.215827483512674,0.0023486614227294,0.07408475732079511,2.735958337783813,0.2451612903225806,0.0007379055023193,0,0,0,['linear'],['intersecting']
figure_ascending_markersize160_boston_tsne.png,boston_tsne,155,3,160,0.4219341206818655,0.3452351093292236,0.3447809351585718,1.334608554840088,0.2480546977677346,0.610360860824585,0.4717135427774317,1.3516619205474854,0.3848950551682378,0.3457615375518799,0.2411159089186515,1.2995970249176023,0.1935461263684846,1.3434107303619385,0.123457916111511,0.6138198375701904,0.2544401079687798,1.3342077732086182,0.2168992906388431,1.346784591674805,0.1687841316172358,0.338773250579834,0.1345340652182067,1.3314330577850342,0.082179510236789,1.582164287567139,0.1742019060724916,0.3518574237823486,0.1509944847375939,1.336573600769043,0.8387096774193549,1.122411012649536,12835,0.1281793117523193,0.0,1.1426384449005127,0.0339143170414843,0.0357494354248046,5.215827483512674,0.0024006366729736,0.08448967579303351,2.9837772846221924,0.2451612903225806,0.000765323638916,0,0,0,['linear'],['intersecting']
figure_descending_markersize10_boston_tsne.png,boston_tsne,155,3,10,0.7021982931473252,0.6332831382751465,0.7278308045552818,0.5947408676147461,1.2653795948418638,0.8312530517578125,0.6217614768250072,0.6249287128448486,0.6840818354099452,0.5206866264343262,0.5284809713635882,0.5215401649475098,0.5502734867018401,0.6302280426025391,0.7369504075081238,0.7651984691619873,0.5102915385501066,0.6037189960479736,0.5416738350446246,0.6151032447814941,0.4236691637031266,0.5806560516357422,0.4423583484684128,0.5615971088409424,0.5198558605227566,0.87674880027771,0.4327141664776972,0.6942050457000732,0.4483409416926313,0.6461949348449707,0.9225806451612903,0.3573625087738037,259,0.2545754909515381,0.0,0.3331143856048584,0.0339143170414843,0.0332624912261962,5.215827483512674,0.0023636817932128,0.03729121150017232,1.570410966873169,0.2451612903225806,0.000784158706665,0,0,72,['linear'],['intersecting']
figure_descending_markersize60_boston_tsne.png,boston_tsne,155,3,60,0.4409417197572449,0.5044622421264648,0.4763982330075564,0.5389881134033203,1.1113819962762082,0.9352846145629884,0.3512891883069622,0.6397764682769775,0.4123149575776709,0.7367560863494873,0.2694554461764712,0.6337413787841797,0.2879654722742453,0.6510970592498779,0.3911214592598908,0.8630993366241455,0.240607464330423,0.7579669952392578,0.2668836757365689,0.538358211517334,0.1940050897860131,0.7808334827423096,0.2063475431353161,0.554776668548584,0.2373199684314698,1.039167404174805,0.1829613047008486,0.7478997707366943,0.1972942597590062,0.5895061492919922,0.9225806451612903,0.4366865158081054,3716,0.4348232746124267,0.0,0.2511870861053467,0.0339143170414843,0.0334970951080322,5.215827483512674,0.0022602081298828,0.05968105190920521,1.7194457054138184,0.2451612903225806,0.0007326602935791,0,0,1291,['linear'],['intersecting']
figure_descending_markersize110_boston_tsne.png,boston_tsne,155,3,110,0.3089720167479328,0.8620612621307373,0.3470748494290461,0.5656466484069824,0.96953732615413,1.0925841331481934,0.239814438060954,0.6024551391601562,0.289476208191852,0.8426547050476074,0.1815524531020153,0.6130537986755371,0.1996995369526691,0.7730906009674072,0.2839353535819663,1.005866765975952,0.1612300531272501,0.9527809619903564,0.1810696977922521,0.6536946296691895,0.1285419565836701,0.7875967025756836,0.1401772960328339,0.6597287654876709,0.166321906394424,1.058257818222046,0.121436675630862,0.6573922634124756,0.1317357278569458,0.8092808723449707,0.8709677419354839,0.4992909431457519,8789,0.3290026187896728,0.0,0.459726333618164,0.0339143170414843,0.0339882373809814,5.215827483512674,0.0022692680358886,0.07408475732079511,1.943977117538452,0.2451612903225806,0.0007755756378173,0,0,3716,['linear'],['intersecting']
figure_descending_markersize160_boston_tsne.png,boston_tsne,155,3,160,0.2478709769686577,0.7025973796844482,0.28737761394961,0.8101215362548828,0.8750366928960123,0.8952233791351318,0.1903642708690717,0.7853434085845947,0.2338076890318248,0.8303632736206055,0.1465131062100559,0.6707119941711426,0.1666550693019157,0.8671004772186279,0.2462119046414214,0.9065275192260742,0.1303588950781766,0.8658609390258789,0.1483082798425767,0.7103216648101807,0.1039901113878285,0.8843708038330078,0.1173558381677827,0.8950450420379639,0.1432608345179667,0.9562387466430664,0.0991161522329368,0.9080023765563964,0.1085964463911476,0.7405605316162109,0.8387096774193549,0.3613209724426269,12835,0.5638184547424316,0.0,0.538630485534668,0.0339143170414843,0.0338320732116699,5.215827483512674,0.0023038387298583,0.08448967579303354,2.013498544692993,0.2451612903225806,0.0007221698760986,0,0,6592,['linear'],['intersecting']
figure_category_based_markersize10_interleaved_100_200_4d_0_notcramped_notrotated_tsne.png,interleaved_100_200_4d_0_notcramped_notrotated_tsne,1254,4,10,0.9733663025056508,0.956141710281372,0.9825213868654588,0.7531707286834717,0.9962746096461604,1.3057801723480225,0.9792299300476436,0.8236005306243896,0.9808887421230712,0.7576639652252197,0.7437295851706278,0.7836122512817383,0.7519733593693421,0.7868847846984863,0.7761739121410525,1.135692119598389,0.7483150160102991,0.8010718822479248,0.7525907232722866,0.77712082862854,0.6017618446855368,0.7977554798126221,0.6090582279846547,0.808638334274292,0.6357267833288028,1.139340877532959,0.6055245901869117,0.8156161308288574,0.6104993800043812,0.8000607490539551,1.0,0.5035150051116943,1176,0.6379213333129883,0.0,0.6127312183380127,0.0304814935829461,0.1391389369964599,4.6624850394880015,0.0119404792785644,-,15.0,0.0837320574162679,0.0064835548400878,0,0,20,['cluster'],['touching']
figure_category_based_markersize60_interleaved_100_200_4d_0_notcramped_notrotated_tsne.png,interleaved_100_200_4d_0_notcramped_notrotated_tsne,1254,4,60,0.7231321481518174,0.9585139751434326,0.7791829768905365,0.8899662494659424,0.8976671921872251,1.2583682537078855,0.7642167216634912,0.668809175491333,0.7755311954825346,1.1051080226898191,0.261399646136687,0.9022936820983888,0.2705468508251964,0.9185514450073242,0.2766240453197656,1.0233590602874756,0.2652028292986031,1.155252456665039,0.2683165299227189,0.917898654937744,0.1595342452070889,0.6642274856567383,0.1636918571331072,1.140991449356079,0.163504734028629,1.0468769073486328,0.1604397760248607,0.9238851070404052,0.1622206280592462,1.178518533706665,0.9098883572567784,0.5945284366607666,36726,0.4549720287322998,0.0,0.6508007049560547,0.0304814935829461,0.1402111053466797,4.6624850394880015,0.0118477344512939,-,15.0,0.0837320574162679,0.006117820739746,0,0,1026,['cluster'],['touching']
figure_category_based_markersize110_interleaved_100_200_4d_0_notcramped_notrotated_tsne.png,interleaved_100_200_4d_0_notcramped_notrotated_tsne,1254,4,110,0.5511311838561846,1.0199031829833984,0.6180470396463482,1.2725894451141355,0.8344575480986767,1.138481855392456,0.5970437820005214,1.0392982959747314,0.6160977682531528,1.020226240158081,0.1919216971101515,1.3010852336883545,0.1994739306644631,0.7962465286254883,0.2095512327317122,1.425851583480835,0.1961192283998986,1.0497610569000244,0.1982872147836832,1.0361878871917725,0.1161917022404708,1.125692367553711,0.1189290720394878,0.7812404632568359,0.1198204315208307,1.4090356826782229,0.1173301413179229,1.0804202556610107,0.1181577785328423,1.0800766944885254,0.7200956937799043,0.5893011093139648,70287,0.5123586654663086,0.0,0.7466535568237305,0.0304814935829461,0.1388704776763916,4.6624850394880015,0.0116274356842041,-,15.0,0.0837320574162679,0.0060060024261474,0,0,3735,['cluster'],['touching']
figure_category_based_markersize160_interleaved_100_200_4d_0_notcramped_notrotated_tsne.png,interleaved_100_200_4d_0_notcramped_notrotated_tsne,1254,4,160,0.4629303159968722,0.8498008251190186,0.5280845101205882,1.1511569023132324,0.7806030217418446,1.2383337020874023,0.5062286368865765,1.1641228199005127,0.5266749099581256,0.881892204284668,0.1678566446068268,1.1793644428253174,0.1746670342864177,1.185946702957153,0.1864471643938218,1.5280394554138184,0.1723870316262616,1.239194393157959,0.1740127255607598,1.1804530620574951,0.1025138796405121,1.1894383430480957,0.1046383975362763,0.8856327533721924,0.1058667248014919,1.5454351902008057,0.1038808990710927,1.182852268218994,0.1042241219602567,0.8868100643157959,0.5550239234449761,0.923729419708252,90619,0.5622515678405762,0.0,0.4767839908599853,0.0304814935829461,0.1390895843505859,4.6624850394880015,0.0117802619934082,-,15.0,0.0837320574162679,0.0060710906982421,3,0,7394,['cluster'],['touching']
figure_ascending_markersize10_interleaved_100_200_4d_0_notcramped_notrotated_tsne.png,interleaved_100_200_4d_0_notcramped_notrotated_tsne,1254,4,10,0.9838374367690152,0.3394134044647217,0.9840982910880248,0.9733648300170898,0.9817518259343802,1.3365092277526855,0.9863583507584894,1.036503553390503,0.985358693341888,0.6716885566711426,0.7524154929304241,1.0086281299591064,0.7539718649430762,0.6767041683197021,0.7579892904589589,1.3506643772125244,0.7545049289046633,1.0315287113189695,0.7561844840888758,0.6958253383636475,0.6091329487042104,1.0269572734832764,0.6110750450788,0.6958119869232178,0.6172944875385189,1.378087043762207,0.6109054714827431,0.7237296104431152,0.6134975459086041,1.021834135055542,1.0,0.6077325344085693,1176,0.5239834785461426,0.0,0.4852170944213867,0.0304814935829461,0.1358208656311035,4.6624850394880015,0.0117485523223876,-,15.0,0.0837320574162679,0.0060174465179443,0,0,0,['cluster'],['touching']
figure_ascending_markersize60_interleaved_100_200_4d_0_notcramped_notrotated_tsne.png,interleaved_100_200_4d_0_notcramped_notrotated_tsne,1254,4,60,0.7680547824668895,0.7818613052368164,0.7956762492802631,0.7701382637023926,0.8139274274063921,1.4830749034881592,0.7972157734653562,0.7900416851043701,0.7982238592725233,1.1436972618103027,0.274050057959404,0.7958078384399414,0.2748272739966535,1.1738574504852295,0.2523074326823679,1.1473376750946045,0.274835634797258,0.7991487979888916,0.2736408143804792,1.1397511959075928,0.1667793447835602,0.8199939727783203,0.1660990085822465,0.8167662620544434,0.1492932459432147,1.5283992290496826,0.1660381796852508,0.8178877830505371,0.1651235915246525,1.177152395248413,0.9098883572567784,0.7430140972137451,36726,0.6309947967529297,0.0,0.5353248119354248,0.0304814935829461,0.1394462585449218,4.6624850394880015,0.0117139816284179,-,15.0,0.0837320574162679,0.0061795711517333,0,0,0,['cluster'],['touching']
figure_ascending_markersize110_interleaved_100_200_4d_0_notcramped_notrotated_tsne.png,interleaved_100_200_4d_0_notcramped_notrotated_tsne,1254,4,110,0.6224388426145182,0.8864893913269043,0.6537681366074904,1.246371507644653,0.6598822693540147,1.2463796138763428,0.6569061490731107,1.2837185859680176,0.6562446022477735,0.899756669998169,0.208455683316864,1.277543306350708,0.206050897050677,0.9049301147460938,0.1787920606620672,1.6370737552642822,0.2093364975838464,0.9220728874206544,0.2055961828503407,0.9039373397827148,0.125191200129655,1.31596040725708,0.1222980476420135,0.9341831207275392,0.1034045193922864,1.2646079063415527,0.1245065146907136,1.293797731399536,0.1218919828744995,0.9050707817077636,0.7200956937799043,0.7233290672302246,70287,0.6447703838348389,0.0,0.5544898509979248,0.0304814935829461,0.1376488208770752,4.6624850394880015,0.0116612911224365,-,15.0,0.0837320574162679,0.0060305595397949,0,0,0,['cluster'],['touching']
figure_ascending_markersize160_interleaved_100_200_4d_0_notcramped_notrotated_tsne.png,interleaved_100_200_4d_0_notcramped_notrotated_tsne,1254,4,160,0.5436321495853458,1.387232780456543,0.5708033811362612,0.9838271141052246,0.5584045638451136,1.3315773010253906,0.5778347049810373,1.3962113857269287,0.5740479920750825,0.9953329563140868,0.1871774534831513,1.0012059211730957,0.1827038409681963,1.4515674114227295,0.15148466593096,1.3645753860473633,0.1881313771203695,1.4070909023284912,0.1827644894775366,0.983938217163086,0.1130509593362947,1.0138325691223145,0.1087575893807597,1.456068754196167,0.0876282868189567,1.3590970039367676,0.1123561401268637,1.0239310264587402,0.1086834820848656,1.0016345977783203,0.5550239234449761,0.7074193954467773,90619,1.1404879093170166,0.0,0.1257867813110351,0.0304814935829461,0.1387026309967041,4.6624850394880015,0.0118653774261474,-,15.0,0.0837320574162679,0.0060863494873046,1,0,0,['cluster'],['touching']
figure_descending_markersize10_interleaved_100_200_4d_0_notcramped_notrotated_tsne.png,interleaved_100_200_4d_0_notcramped_notrotated_tsne,1254,4,10,0.970448794807044,0.3413636684417724,0.9807199821100576,1.222642183303833,0.9994161453827772,1.15985107421875,0.9754007499414088,0.8226749897003174,0.9791981043675811,0.7924163341522217,0.7401284750775607,0.7978534698486328,0.7502258728776133,1.2219607830047607,0.7818950140562984,1.1650161743164062,0.7445200647139403,0.8180015087127686,0.750912924572191,0.8113038539886475,0.5981639417154954,0.8104541301727295,0.6074578473666221,1.2403621673583984,0.642135396785002,1.1713550090789795,0.6020199004113298,0.820732593536377,0.6089463282267389,0.79819655418396,1.0,0.723078727722168,1176,0.6379518508911133,0.0,0.5971744060516357,0.0304814935829461,0.1407148838043213,4.6624850394880015,0.011855125427246,-,15.0,0.0837320574162679,0.0059015750885009,0,0,31,['cluster'],['touching']
figure_descending_markersize60_interleaved_100_200_4d_0_notcramped_notrotated_tsne.png,interleaved_100_200_4d_0_notcramped_notrotated_tsne,1254,4,60,0.682727720009942,0.4354944229125976,0.7563282760804786,1.390702486038208,0.9814866823597612,1.2856409549713137,0.7025269444889992,0.9411354064941406,0.7448527666004214,0.9230504035949708,0.2492012407143258,0.9172134399414062,0.2648763289325434,0.9034202098846436,0.298832160525693,1.2433586120605469,0.2509628786155909,1.4193251132965088,0.2613808518436358,0.901897430419922,0.1524174287562678,0.9253685474395752,0.1605518772510673,0.926213264465332,0.1762469345014778,1.292102336883545,0.1527680076449171,0.9264774322509766,0.1585006420427747,0.9211933612823486,0.9098883572567784,0.8473801612854004,36726,0.7080581188201904,0.0,0.6518309116363525,0.0304814935829461,0.1393988132476806,4.6624850394880015,0.0117149353027343,-,15.0,0.0837320574162679,0.006096601486206,1,0,2298,['cluster'],['touching']
figure_descending_markersize110_interleaved_100_200_4d_0_notcramped_notrotated_tsne.png,interleaved_100_200_4d_0_notcramped_notrotated_tsne,1254,4,110,0.4981430879488274,1.01452898979187,0.5897095243237159,1.0698790550231934,0.9855170856964158,1.3831911087036133,0.5188958892481232,1.0186774730682373,0.5762793663747461,1.5203032493591309,0.1770388253360043,1.030078411102295,0.1927562393642656,1.0526597499847412,0.2352421562097335,1.394148349761963,0.1792557297099838,1.0578148365020752,0.1902642257486082,1.0360360145568848,0.1076484007903717,1.0411176681518557,0.1152067242795066,1.0438313484191897,0.1335616031142451,1.404778003692627,0.1083414743063847,1.0830295085906982,0.1139415705488259,1.0282647609710691,0.7200956937799043,0.2932209968566894,70287,0.7414066791534424,0.0,0.6762692928314209,0.0304814935829461,0.1388421058654785,4.6624850394880015,0.011648416519165,-,15.0,0.0837320574162679,0.0060224533081054,2,0,7813,['cluster'],['touching']
figure_descending_markersize160_interleaved_100_200_4d_0_notcramped_notrotated_tsne.png,interleaved_100_200_4d_0_notcramped_notrotated_tsne,1254,4,160,0.4045032790079468,1.10776686668396,0.4982268982708812,1.1301212310791016,0.981922687363832,1.452768087387085,0.4234698548413497,1.1268081665039062,0.4840716911037022,1.095347881317139,0.1503501183111301,1.1070828437805176,0.1669351912993152,1.1046156883239746,0.2152028724641511,2.0015499591827397,0.1533787516680935,1.119367599487305,0.1649664491987232,0.5701582431793213,0.0923351115846435,1.2145330905914309,0.1002649030988345,1.1591637134552002,0.1208437874436203,1.491130828857422,0.0936489820455918,1.1181108951568604,0.0994246532203859,1.1204283237457275,0.5550239234449761,0.8457736968994141,90619,0.2293367385864257,0.0,0.7285826206207275,0.0304814935829461,0.1395168304443359,4.6624850394880015,0.0122544765472412,-,15.0,0.0837320574162679,0.0060231685638427,3,0,15235,['cluster'],['touching']
figure_category_based_markersize10_UnEvenDensity-noName_umap.png,UnEvenDensity-noName_umap,905,2,10,1.0,0.3376147747039795,1.0,0.9129481315612792,1.0,1.0858995914459229,1.0,0.926704168319702,1.0,0.921905517578125,0.609887965282077,0.348768949508667,0.6624419473971663,1.4483642578125,0.8167061948013101,1.0885825157165527,0.602102768978361,0.3383584022521972,0.6290308921575132,1.499445915222168,0.4387329582437818,0.949126958847046,0.4952622027194118,0.9372105598449708,0.6901973045182762,0.5150895118713379,0.4307203388179833,1.4842631816864014,0.45882207597473,0.3321142196655273,0.9779005524861878,0.7572040557861328,1344,0.7439711093902588,0.0,0.7174537181854248,0.0291901558043586,0.1112761497497558,6.000571036263913,0.0087170600891113,-,15.0,0.0,0.0026586055755615,0,0,0,['cluster'],['separated']
figure_category_based_markersize60_UnEvenDensity-noName_umap.png,UnEvenDensity-noName_umap,905,2,60,1.0,0.9996426105499268,1.0,0.991905689239502,1.0,1.2013132572174072,1.0,1.0012390613555908,1.0,1.0033326148986816,0.3543000795068549,1.0064573287963867,0.4134140683626267,0.9840042591094972,0.590517004717707,1.1546635627746582,0.3531587449460138,1.007805347442627,0.383825343053551,1.0046534538269043,0.2152883858684798,1.0271203517913818,0.2605683437114426,1.0177884101867676,0.4189600063954213,0.5660669803619385,0.2144461367252041,1.0035569667816162,0.2374900147108721,1.6359138488769531,0.8828729281767956,0.3033041954040527,17181,0.8085782527923584,0.0,0.759465217590332,0.0291901558043586,0.1101973056793212,6.000571036263913,0.0086970329284667,-,15.0,0.0,0.0025951862335205,0,0,0,['cluster'],['separated']
figure_category_based_markersize110_UnEvenDensity-noName_umap.png,UnEvenDensity-noName_umap,905,2,110,1.0,1.0417242050170898,1.0,1.679666519165039,1.0,0.6261246204376221,1.0,1.0597541332244873,1.0,1.084491491317749,0.2354005463434764,0.4570896625518799,0.2629598747835945,1.7380385398864746,0.3036629790964404,0.6274404525756836,0.2390309150262733,1.0826997756958008,0.255584674678334,1.0830914974212646,0.1334016883297168,1.0731816291809082,0.1513838805254047,1.7423405647277832,0.1790109956656451,0.6301884651184082,0.1357382801696598,1.1422674655914309,0.1465159534935894,1.0943899154663086,0.7679558011049724,0.9583728313446044,46241,0.871983528137207,0.0,0.8288724422454834,0.0291901558043586,0.1122417449951171,6.000571036263913,0.0088217258453369,-,15.0,0.0,0.0027978420257568,0,0,0,['cluster'],['separated']
figure_category_based_markersize160_UnEvenDensity-noName_umap.png,UnEvenDensity-noName_umap,905,2,160,1.0,1.128593683242798,1.0,1.1651010513305664,1.0,1.3655362129211426,1.0,1.1713111400604248,1.0,1.1875629425048828,0.1937816342230118,1.1707777976989746,0.2066665222849026,0.4858222007751465,0.220546935028468,1.3127155303955078,0.1964876874367935,1.160836935043335,0.2046086671150253,1.1468236446380615,0.1072858287207438,1.1622095108032229,0.1152415458993261,1.1459617614746094,0.1239408554066,1.310570478439331,0.1089472392664396,1.132286548614502,0.1139632699386179,1.1567785739898682,0.6508287292817679,0.9398889541625975,69071,0.913649320602417,0.0,0.8478763103485107,0.0291901558043586,0.1099188327789306,6.000571036263913,0.0086402893066406,-,15.0,0.0,0.002671480178833,0,0,0,['cluster'],['separated']
figure_ascending_markersize10_UnEvenDensity-noName_umap.png,UnEvenDensity-noName_umap,905,2,10,1.0,0.3324258327484131,1.0,1.0385329723358154,1.0,1.229567050933838,1.0,1.0125534534454346,1.0,1.0102145671844482,0.6111846954682463,1.02927827835083,0.6628935782214374,1.0139851570129397,0.8366459030822397,1.2438621520996094,0.6031563146579537,0.3409950733184814,0.6296411962316196,0.9885902404785156,0.4400762963037121,1.0271928310394287,0.4957672533945984,1.0234010219573977,0.7191670234358437,1.2405893802642822,0.4317994353894068,1.0542428493499756,0.4594717781212885,1.0542421340942385,0.9779005524861878,0.9382164478302002,1344,0.1679697036743164,0.0,0.863398551940918,0.0291901558043586,0.1170704364776611,6.000571036263912,0.0090858936309814,-,15.0,0.0,0.0026593208312988,0,0,0,['cluster'],['separated']
figure_ascending_markersize60_UnEvenDensity-noName_umap.png,UnEvenDensity-noName_umap,905,2,60,1.0,1.3304722309112549,1.0,0.4004321098327636,1.0,1.2966625690460205,1.0,1.0987040996551514,1.0,1.1317417621612549,0.3596186330930678,1.1394832134246826,0.4145210374914025,1.102982759475708,0.5362916024240567,1.4249811172485352,0.3575688528759108,1.2114081382751465,0.3862698719540005,1.1754615306854248,0.2192286747143177,0.4199628829956054,0.2614484627632861,1.1442759037017822,0.3663923793237866,1.3427064418792725,0.2177070579196071,1.1225388050079346,0.2393646033130205,1.1563386917114258,0.8828729281767956,1.0962209701538086,17181,0.1804003715515136,0.0,0.9231674671173096,0.0291901558043586,0.1174135208129882,6.000571036263912,0.0090649127960205,-,15.0,0.0,0.0026721954345703,0,0,0,['cluster'],['separated']
figure_ascending_markersize110_UnEvenDensity-noName_umap.png,UnEvenDensity-noName_umap,905,2,110,1.0,1.2667827606201172,1.0,1.247732162475586,1.0,1.4182097911834717,1.0,1.2480182647705078,1.0,0.4758579730987549,0.2448281976058088,1.2457571029663086,0.2645051866181176,1.2614848613739014,0.2302857625276776,1.464897632598877,0.2467475175166594,1.2669696807861328,0.2590490807616465,0.4783599376678467,0.1394895914302202,1.2542073726654053,0.1524090908129469,1.2484986782073977,0.1301259591246744,1.435805320739746,0.1407370130553938,1.2827584743499756,0.1487974634431265,0.4707026481628418,0.7679558011049724,1.1793451309204102,46241,1.0264666080474854,0.0,0.1278765201568603,0.0291901558043586,0.1172151565551757,6.000571036263912,0.0091934204101562,-,15.0,0.0,0.0025773048400878,0,0,0,['cluster'],['separated']
figure_ascending_markersize160_UnEvenDensity-noName_umap.png,UnEvenDensity-noName_umap,905,2,160,1.0,0.5217511653900146,1.0,1.37233304977417,1.0,1.559828758239746,1.0,1.3242039680480957,1.0,0.532907247543335,0.2052633631676237,1.3343274593353271,0.2084122367905944,1.3359870910644531,0.1453718671462536,1.5447947978973389,0.2062035451855041,0.5300991535186768,0.2085554708710439,1.333462476730347,0.1143696289222153,1.3517558574676514,0.1163282319015452,1.3182506561279297,0.0783832966679781,1.521916151046753,0.1149537031540339,0.5310652256011963,0.1164174873851376,1.285578727722168,0.6508287292817679,1.0634913444519043,69071,1.100027561187744,0.0,0.1278610229492187,0.0291901558043586,0.1174485683441162,6.000571036263912,0.0091910362243652,-,15.0,0.0,0.0027570724487304,0,0,0,['cluster'],['separated']
figure_descending_markersize10_UnEvenDensity-noName_umap.png,UnEvenDensity-noName_umap,905,2,10,1.0,0.3419234752655029,1.0,0.349337100982666,1.0,1.3543498516082764,1.0,1.1588282585144043,1.0,1.1585237979888916,0.6085765615503584,1.178654670715332,0.6619902219960068,0.3363916873931885,1.1908606823157375,1.337271213531494,0.6008308267115576,1.1763348579406738,0.6283020810115554,1.1917197704315186,0.4373769657268743,0.3479156494140625,0.4947573873365453,1.1958637237548828,1.4717622247352318,1.345449686050415,0.4294197143433595,1.20908784866333,0.4580469739830874,1.222301721572876,0.9779005524861878,0.1981430053710937,1344,1.0418496131896973,0.0,1.0103204250335691,0.0291901558043586,0.1145977973937988,6.000571036263913,0.0090208053588867,-,15.0,0.0,0.0026369094848632,0,0,0,['cluster'],['separated']
figure_descending_markersize60_UnEvenDensity-noName_umap.png,UnEvenDensity-noName_umap,905,2,60,1.0,1.3206090927124023,1.0,1.2749583721160889,1.0,0.6036136150360107,1.0,1.2226612567901611,1.0,1.3018176555633545,0.35080900624098,1.2802484035491943,0.4125141081161843,0.4167277812957763,0.9945527782248712,1.4643847942352295,0.3501761581429036,1.2659022808074951,0.3822623118603773,0.4133503437042236,0.2127158149471681,1.2464802265167236,0.2598537160079375,1.2738761901855469,0.9891645793888382,1.490997552871704,0.2122506350427896,0.4089307785034179,0.2362943724825834,1.2698736190795898,0.8828729281767956,1.2275605201721191,17181,1.1030962467193604,0.0,0.127640962600708,0.0291901558043586,0.1173884868621826,6.000571036263913,0.0090081691741943,-,15.0,0.0,0.0026342868804931,0,0,0,['cluster'],['separated']
figure_descending_markersize110_UnEvenDensity-noName_umap.png,UnEvenDensity-noName_umap,905,2,110,1.0,1.323364496231079,1.0,0.4639420509338379,1.0,1.4918594360351562,1.0,1.3566303253173828,1.0,0.4689183235168457,0.227943513352366,1.277299165725708,0.2612450009626379,1.3584821224212646,0.4077866786191991,1.5536503791809082,0.2324457320090587,0.4544861316680908,0.2527865799911023,1.313187599182129,0.1286321937646514,1.360522747039795,0.1502483104907088,1.340626239776611,0.2561130931033524,0.6517815589904785,0.1315069846615029,1.3384075164794922,0.1446798525562005,1.3630926609039309,0.7679558011049724,0.2819526195526123,46241,1.084402561187744,0.0,1.038771390914917,0.0291901558043586,0.1154122352600097,6.000571036263913,0.0090107917785644,-,15.0,0.0,0.0026612281799316,0,0,0,['cluster'],['separated']
figure_descending_markersize160_UnEvenDensity-noName_umap.png,UnEvenDensity-noName_umap,905,2,160,1.0,1.3971359729766846,1.0,0.5027916431427002,1.0,1.5591990947723389,1.0,1.4343907833099363,1.0,0.517035961151123,0.1840852373772038,1.397585153579712,0.2043125556920247,1.4162201881408691,0.299882832330211,0.7165553569793701,0.1877895961909906,1.3746356964111328,0.2013248914518627,1.3913452625274658,0.1013732809305004,1.412980556488037,0.1137795758051664,0.5207610130310059,0.1763895089308673,1.633134365081787,0.1036246099218299,1.4091651439666748,0.1119295477516054,0.5114328861236572,0.6508287292817679,1.1656744480133057,69071,1.2160828113555908,0.0,0.1273450851440429,0.0291901558043586,0.116016149520874,6.000571036263913,0.0092322826385498,-,15.0,0.0,0.002655029296875,0,0,0,['cluster'],['separated']
figure_category_based_markersize10_twosquare_umap.png,twosquare_umap,968,4,10,0.9206701756901442,0.3461158275604248,0.937562593278002,1.2763731479644775,1.034149434655644,0.7002265453338623,0.9227090740194206,1.2765812873840332,0.936300315245578,1.2688868045806885,0.7059290284980998,0.3594412803649902,0.7402806426344555,1.242485523223877,0.7910055380277652,1.6332974433898926,0.7033191358702606,0.3501138687133789,0.7288882274969182,1.2569830417633057,0.5724161716498535,1.2915070056915283,0.6115898805518216,0.3542466163635254,0.6404307530040019,1.6555218696594238,0.5682160142724976,0.3604528903961181,0.596704447199733,1.232985019683838,0.993801652892562,1.1471126079559326,907,0.164501667022705,0.0,1.096142292022705,0.0298867819684454,0.0964152812957763,8.460986781604367,0.009509801864624,-,15.0,0.2427685950413223,0.0047850608825683,0,0,36,['cluster'],['intersecting']
figure_category_based_markersize60_twosquare_umap.png,twosquare_umap,968,4,60,0.6123280460137842,0.7333347797393799,0.6862613873076411,0.6561009883880615,1.1887395530674325,1.0804166793823242,0.6213002756609921,0.6940128803253174,0.6670934549925052,0.6021649837493896,0.3910950919575724,0.6363649368286133,0.4480274454347013,0.6650667190551758,0.6465154482742992,0.9860808849334716,0.3918159173764776,0.6958355903625488,0.4266163525154748,0.7119290828704834,0.2872957029465788,0.6356377601623535,0.3325748941624499,0.7490904331207275,0.4439945815977862,1.081603765487671,0.2861303880694725,0.7332334518432617,0.3135766957329947,0.7088909149169922,0.9834710743801652,0.5959963798522949,14620,0.2642223834991455,0.0,0.4582874774932861,0.0298867819684454,0.101090669631958,8.460986781604367,0.0095555782318115,-,15.0,0.2427685950413223,0.0047235488891601,0,0,2764,['cluster'],['intersecting']
figure_category_based_markersize110_twosquare_umap.png,twosquare_umap,968,4,110,0.5439591902517487,0.5493292808532715,0.6291810283084409,0.7827520370483398,1.2126876205810635,1.2546136379241943,0.5534767534874168,0.8585066795349121,0.6015946661470004,0.7951564788818359,0.3073992555318802,0.7882411479949951,0.3533770078078694,0.7977621555328369,0.497012090373545,1.2513298988342283,0.306446070725081,0.8099544048309326,0.3335201146254141,0.8137803077697754,0.2142326110576633,0.7325530052185059,0.2456815274967417,0.9852902889251708,0.3125554484012137,1.0809564590454102,0.2118790765248758,0.858046293258667,0.2307129169746449,0.9813790321350098,0.962809917355372,0.7657713890075684,38763,0.327017068862915,0.0,0.465705394744873,0.0298867819684454,0.1005442142486572,8.460986781604367,0.0094735622406005,-,15.0,0.2427685950413223,0.0041954517364501,2,0,7544,['cluster'],['intersecting']
figure_category_based_markersize160_twosquare_umap.png,twosquare_umap,968,4,160,0.4917135146130509,0.6969678401947021,0.5828457440039294,0.8105833530426025,1.2218108550017095,1.2880680561065674,0.5005785824902345,0.935528039932251,0.5488231218999553,0.8328440189361572,0.2468373747481194,0.9806878566741944,0.2779173869604294,0.8200216293334961,0.3631361476176739,1.3379011154174805,0.2436869223213809,0.9677004814147948,0.2626543585893824,0.8529536724090576,0.1647773252548251,1.0027060508728027,0.1824596662410738,1.0182113647460938,0.2132596808285538,1.5433955192565918,0.1610419093413047,0.8570840358734131,0.1726373484759392,0.8619794845581055,0.912190082644628,0.8241496086120605,72182,0.5795180797576904,0.0,0.3349945545196533,0.0298867819684454,0.0997767448425293,8.460986781604367,0.0091509819030761,-,15.0,0.2427685950413223,0.0045886039733886,6,0,13558,['cluster'],['intersecting']
figure_ascending_markersize10_twosquare_umap.png,twosquare_umap,968,4,10,0.9404256006259584,0.8686232566833496,0.9589042919344968,0.6831324100494385,1.010024399886985,1.085040807723999,0.9532813791114448,0.9029426574707032,0.9566622410191488,0.7181708812713623,0.7191066498230416,0.7345490455627441,0.7541835680984095,0.8858494758605957,0.7643003475761477,1.0924737453460691,0.7224254717810848,0.7467992305755615,0.74203452657676,0.906923532485962,0.5821127391922672,0.716947078704834,0.6214973471304434,0.7425544261932373,0.6147425454062221,1.3044281005859375,0.5815835359040982,0.7610225677490234,0.6060637759236867,0.7566983699798584,0.993801652892562,0.6094973087310791,907,0.3705112934112549,0.0,0.3548085689544678,0.0298867819684454,0.101982831954956,8.460986781604367,0.0095119476318359,-,15.0,0.2427685950413223,0.0042076110839843,0,0,0,['cluster'],['intersecting']
figure_ascending_markersize60_twosquare_umap.png,twosquare_umap,968,4,60,0.665927019243771,0.8106796741485596,0.755080220488307,0.8187141418457031,1.062930085858395,1.375103235244751,0.7247425214817795,0.8473081588745117,0.7409959576185481,1.0507996082305908,0.4165879920063071,0.8495602607727051,0.4780299694272339,0.8412938117980957,0.5791941982520756,1.1773455142974854,0.4368698606785908,0.806957483291626,0.4596583974139798,0.8482801914215088,0.303100066735844,0.8620655536651611,0.3497144834541053,0.816857099533081,0.3980451819843486,1.2225539684295654,0.3126737283092518,0.8738861083984375,0.3331642838967441,0.8398895263671875,0.9834710743801652,0.8658044338226318,14620,0.4224746227264404,0.0,0.3930599689483642,0.0298867819684454,0.1003260612487793,8.460986781604367,0.009519338607788,-,15.0,0.2427685950413223,0.0043075084686279,0,0,0,['cluster'],['intersecting']
figure_ascending_markersize110_twosquare_umap.png,twosquare_umap,968,4,110,0.5927643998519055,0.715064287185669,0.6942484539215728,0.9341220855712892,1.0646303138401887,1.3145959377288818,0.657545215128669,1.2248671054840088,0.6767265208303461,0.9869906902313232,0.3288506038188931,0.7300937175750732,0.3765556828591729,0.9551446437835692,0.4418498400247289,1.5854432582855225,0.3431157188287081,0.7358880043029785,0.3593457399626444,1.2598388195037842,0.2275427713113109,0.9986276626586914,0.2583383245845143,0.7281680107116699,0.2787742838300249,1.3461425304412842,0.2321193097911355,0.995445728302002,0.2446202658050559,1.273988962173462,0.962809917355372,0.7569031715393066,38763,0.4686129093170166,0.0,0.7323706150054932,0.0298867819684454,0.1001460552215576,8.460986781604367,0.0094132423400878,-,15.0,0.2427685950413223,0.0043754577636718,0,0,0,['cluster'],['intersecting']
figure_ascending_markersize160_twosquare_umap.png,twosquare_umap,968,4,160,0.5396619723380226,0.7908933162689209,0.6440243133446344,1.1000287532806396,1.0416289927493871,1.475656509399414,0.6064330960995111,0.8235232830047607,0.6248918124861014,1.0919082164764404,0.2670682589057361,1.0917644500732422,0.2958084438901587,1.099501609802246,0.3187405614776757,1.455282211303711,0.2738475480454252,1.135211944580078,0.2820311247415787,0.8214564323425293,0.177439919319579,1.106853723526001,0.1919976969895381,1.1321227550506592,0.188158759715594,1.2179410457611084,0.1768550789213924,1.1457090377807615,0.1821115839796482,1.1349704265594482,0.912190082644628,0.7864115238189697,72182,0.8384501934051514,0.0,0.4703519344329834,0.0298867819684454,0.099947452545166,8.460986781604367,0.0094580650329589,-,15.0,0.2427685950413223,0.0041499137878417,3,0,0,['cluster'],['intersecting']
figure_descending_markersize10_twosquare_umap.png,twosquare_umap,968,4,10,0.917928488978919,0.6492249965667725,0.9357126163769244,0.938246488571167,1.039092498144765,1.3308777809143066,0.9162079927386844,0.6632673740386963,0.93335416991896,0.975872278213501,0.7034259279203807,1.0229809284210205,0.7387849888526886,1.0008070468902588,0.8053022692429085,1.0291593074798584,0.6986603738831436,1.000077247619629,0.7266233123175145,0.6718502044677734,0.570184559230508,0.9863972663879396,0.6103353987125955,1.0081517696380615,0.6573924910198055,1.0346603393554688,0.5645998239968447,0.9872438907623292,0.5948651917540773,0.9916331768035888,0.993801652892562,0.5348320007324219,907,0.4803459644317627,0.0,0.8644845485687256,0.0298867819684454,0.0978202819824218,8.460986781604367,0.0093717575073242,-,15.0,0.2427685950413223,0.0042569637298583,0,0,56,['cluster'],['intersecting']
figure_descending_markersize60_twosquare_umap.png,twosquare_umap,968,4,60,0.6006931571252432,0.7490518093109131,0.6762713263416644,1.1022205352783203,1.2280363293099898,1.1146626472473145,0.6058817881360008,0.750072717666626,0.6606121204624245,0.7554879188537598,0.3828849282163168,1.095879077911377,0.4425906346081473,1.1363377571105957,0.6899183571854441,1.121673583984375,0.3826476789626204,0.759528398513794,0.4219868614124368,1.1174213886260986,0.2809969051614249,1.1127092838287354,0.3289309211336101,0.7422811985015869,0.4797116572393654,1.4331750869750977,0.279622258731646,0.7475752830505371,0.3100067253388724,1.0732057094573977,0.9834710743801652,0.7425088882446289,14620,0.542696475982666,0.0,0.9135890007019044,0.0298867819684454,0.0989787578582763,8.460986781604367,0.0094246864318847,-,15.0,0.2427685950413223,0.0042366981506347,0,0,3333,['cluster'],['intersecting']
figure_descending_markersize110_twosquare_umap.png,twosquare_umap,968,4,110,0.5289959733235217,0.4723467826843261,0.6168538865338922,1.2509489059448242,1.2704025455824564,1.21061110496521,0.5335571495431066,1.2309205532073977,0.5935229113837859,0.8478846549987793,0.2972206604976364,1.2510685920715332,0.3471750921795403,0.8638713359832764,0.5399316847278921,1.6134021282196045,0.2967211765290688,0.877922773361206,0.3294376540346855,0.8689761161804199,0.2066699091491902,1.237950086593628,0.2415661706956341,1.2399041652679443,0.3428155846902866,1.2337977886199951,0.2055024902512455,0.8868668079376221,0.2279931589632607,1.2728767395019531,0.962809917355372,0.9076542854309082,38763,0.5998051166534424,0.0,0.5458254814147949,0.0298867819684454,0.0967435836791992,8.460986781604367,0.0095925331115722,-,15.0,0.2427685950413223,0.0042309761047363,2,0,9394,['cluster'],['intersecting']
figure_descending_markersize160_twosquare_umap.png,twosquare_umap,968,4,160,0.473528632888254,1.330793380737305,0.568185541379777,0.9390835762023926,1.302364019810094,1.7088875770568848,0.4765013923114123,0.9628992080688475,0.5392358176102612,0.9482667446136476,0.2339544900683868,1.3380284309387207,0.2706668933417752,0.956733226776123,0.4005429886315685,1.3174026012420654,0.2330266072642434,1.3851051330566406,0.2586162266743216,0.9559147357940674,0.1553550955262276,1.0017497539520264,0.1776461488888119,1.3819983005523682,0.2366646922621081,1.315213680267334,0.1542238567036817,0.951465368270874,0.1700972281018498,1.363887071609497,0.912190082644628,0.9151005744934082,72182,0.6381893157958984,0.0,0.580531120300293,0.0298867819684454,0.0968828201293945,8.460986781604367,0.0095696449279785,-,15.0,0.2427685950413223,0.0042707920074462,6,0,17120,['cluster'],['intersecting']
figure_category_based_markersize10_n500-d5-c3-spr0.2-out0_pca.png,n500-d5-c3-spr0.2-out0_pca,500,3,10,0.908695545388864,0.3087761402130127,0.8853186949313372,1.177267074584961,0.8561224789658932,1.0262761116027832,0.9095366298954436,0.7767353057861328,0.8908780014053748,1.2092576026916504,0.8758861609815016,0.768035888671875,0.8457975144247495,0.7801063060760498,0.8058377113283208,1.0374932289123535,0.8763128091576583,1.2040269374847412,0.8529132483545427,0.7693743705749512,0.8453634469273646,0.7883808612823486,0.8096540509697638,1.2459979057312012,0.7611322412213886,1.047384262084961,0.8454306697317586,0.7896723747253418,0.8180519753433533,0.7772996425628662,1.0,0.6004483699798584,200,0.6096689701080322,0.0,0.5953924655914307,0.0307546988562091,0.0611405372619628,10.73241796040001,0.0054197311401367,-,15.0,0.35,0.0018682479858398,0,0,40,['cluster'],['intersecting']
figure_category_based_markersize60_n500-d5-c3-spr0.2-out0_pca.png,n500-d5-c3-spr0.2-out0_pca,500,3,60,0.5851594884689805,0.353557825088501,0.5505579080494702,1.320265531539917,0.513665817902669,1.084012746810913,0.5868257948832343,0.8389136791229248,0.5597199169291522,0.869631290435791,0.4947120076295179,1.3152000904083252,0.4516299758618208,0.8550584316253662,0.402765439012304,1.1059503555297852,0.4953345411499276,0.8397951126098633,0.4624850403600361,0.8270056247711182,0.4284819998530689,0.8323173522949219,0.3828389155214499,1.3333804607391355,0.3312488567512696,1.1152265071868896,0.4285239276180248,0.8283708095550537,0.3940333352206154,0.8279109001159668,0.992,0.6829423904418945,6922,1.2806248664855957,0.0,0.1187448501586914,0.0307546988562091,0.0778026580810546,10.73241796040001,0.0053975582122802,-,15.0,0.35,0.0019237995147705,0,0,1984,['cluster'],['intersecting']
figure_category_based_markersize110_n500-d5-c3-spr0.2-out0_pca.png,n500-d5-c3-spr0.2-out0_pca,500,3,110,0.423901100747205,0.3809976577758789,0.3994117899773708,1.4206387996673584,0.3743952661142978,1.1593828201293943,0.4237600398701866,0.928504467010498,0.4064413858018022,0.9037911891937256,0.3423434707486249,0.916106939315796,0.3125341081048982,0.8960320949554443,0.2762473797160922,1.1505517959594729,0.3415126754900788,1.406702756881714,0.3201977482250174,0.9050734043121338,0.2871050894102667,0.9314079284667968,0.2566985607817446,0.92191743850708,0.218870405151921,1.1553263664245603,0.2860025836899881,1.420865535736084,0.2641477015614295,0.9076433181762696,0.954,0.2160673141479492,20022,1.2396323680877686,0.0,0.117002248764038,0.0307546988562091,0.0768799781799316,10.73241796040001,0.0054044723510742,-,15.0,0.35,0.0019242763519287,0,0,7673,['cluster'],['intersecting']
figure_category_based_markersize160_n500-d5-c3-spr0.2-out0_pca.png,n500-d5-c3-spr0.2-out0_pca,500,3,160,0.3482429349903375,0.9687893390655518,0.3264685275137565,0.9603157043457032,0.3044155318293954,1.221264362335205,0.3476104643295925,0.9777894020080566,0.3330612915595762,0.9845402240753174,0.2747026152492366,0.9826040267944336,0.2488489541086059,0.9799096584320068,0.2161316489892623,1.2254858016967771,0.2736086709774157,0.977320909500122,0.2555779200323912,0.9754197597503662,0.2268066451448551,0.990149974822998,0.2010486115191925,1.5432560443878174,0.1675424724724911,0.6985092163085938,0.2255846110500375,1.5218799114227295,0.2073419040454396,0.9925546646118164,0.884,0.8103625774383545,34074,0.1590025424957275,0.0,0.6828737258911133,0.0307546988562091,0.0783596038818359,10.73241796040001,0.0054142475128173,-,15.0,0.35,0.0019140243530273,1,0,15345,['cluster'],['intersecting']
figure_ascending_markersize10_n500-d5-c3-spr0.2-out0_pca.png,n500-d5-c3-spr0.2-out0_pca,500,3,10,0.9282150192316284,0.8691070079803467,0.8869881705779035,0.8584709167480469,0.8435818362308456,1.1269094944000244,0.9308811550683824,0.8856062889099121,0.8989340676373383,1.4303805828094482,0.8928091976961592,0.8954126834869385,0.8461754324922677,0.8828518390655518,0.7930731325841077,0.5710659027099609,0.8947293262757989,1.4653337001800537,0.8585567990308022,0.8993790149688721,0.8600051716918113,0.9259099960327148,0.8089532914291028,0.3185865879058838,0.7482710750325701,1.7306292057037354,0.8612805174357099,0.9254748821258544,0.8216508476696076,0.9051027297973632,1.0,0.7393569946289062,200,0.1174314022064209,0.0,0.7109205722808838,0.0307546988562092,0.0784955024719238,10.73241796040001,0.005397081375122,0.011558569738602507,12.137364864349363,0.35,0.001824140548706,0,0,0,['cluster'],['intersecting']
figure_ascending_markersize60_n500-d5-c3-spr0.2-out0_pca.png,n500-d5-c3-spr0.2-out0_pca,500,3,60,0.6685930911910429,0.9715864658355712,0.56626898497658,0.9510414600372314,0.4632313257098686,1.210167646408081,0.6750027758718613,0.9464447498321532,0.5929347496357523,0.9436967372894288,0.5505739276335564,0.9406578540802002,0.4579853674624773,0.9512367248535156,0.3639352681973729,1.2123894691467283,0.554130078346935,0.9407057762145996,0.4811002876253685,0.9690952301025392,0.4679687126453358,0.9743969440460204,0.3844665459884375,0.976654052734375,0.299694240294438,1.2370898723602295,0.4699721923605399,0.9716503620147704,0.404758144764234,0.9846224784851074,0.992,0.8307697772979736,6922,0.7818605899810791,0.0,0.1177868843078613,0.0307546988562092,0.0783336162567138,10.73241796040001,0.0053024291992187,-,15.0,0.35,0.0020184516906738,0,0,0,['cluster'],['intersecting']
figure_ascending_markersize110_n500-d5-c3-spr0.2-out0_pca.png,n500-d5-c3-spr0.2-out0_pca,500,3,110,0.5355377267622217,0.3797268867492676,0.422369966231743,1.029261350631714,0.3107295287922629,1.2538607120513916,0.5413357990625672,0.9901492595672609,0.4511081290742008,1.6130244731903076,0.4101060523398767,0.3816306591033935,0.3227222275133459,1.6132214069366455,0.233352724567569,0.6495749950408936,0.4120256847290761,1.648930311203003,0.3439454409865577,0.3885290622711181,0.3322805300940094,1.0243778228759766,0.261117918117499,1.6601788997650146,0.1868291650476784,0.6437296867370605,0.3325812456645667,1.0173113346099854,0.2779235088372402,1.0011799335479736,0.954,0.8756403923034668,20022,0.8213725090026855,0.0,0.80301833152771,0.0307546988562092,0.0773708820343017,10.73241796040001,0.0052559375762939,-,15.0,0.35,0.0018155574798583,0,0,0,['cluster'],['intersecting']
figure_ascending_markersize160_n500-d5-c3-spr0.2-out0_pca.png,n500-d5-c3-spr0.2-out0_pca,500,3,160,0.4638277965689148,1.0458872318267822,0.3513915707373176,1.05415940284729,0.239479608540843,1.3008995056152344,0.4698290347771328,1.7048439979553225,0.3798751799360181,0.4161229133605957,0.3409456894569982,1.074558973312378,0.2607667579032653,1.079808473587036,0.1761074537913058,1.3460142612457275,0.3426939656803092,1.0623366832733154,0.2801568678916508,1.0746967792510986,0.2695371032573282,1.119032382965088,0.2073028151476176,1.7101202011108398,0.1392567229487532,0.6971390247344971,0.2697106477168166,1.0727508068084717,0.2219059315446342,1.078749656677246,0.884,0.9478769302368164,34074,0.8584542274475098,0.0,0.8459768295288086,0.0307546988562092,0.0783519744873046,10.73241796040001,0.0053889751434326,-,15.0,0.35,0.001828908920288,0,0,0,['cluster'],['intersecting']
figure_descending_markersize10_n500-d5-c3-spr0.2-out0_pca.png,n500-d5-c3-spr0.2-out0_pca,500,3,10,0.8630473832388534,0.9937562942504884,0.8756473165070727,0.988598108291626,0.8820416711652411,1.2397477626800537,0.8633750792229833,0.983567237854004,0.8735467969118169,0.9844379425048828,0.8325761293370929,1.0060412883758545,0.8363954912290624,1.016078233718872,0.8282681630771054,1.2820067405700684,0.8325277593836414,1.057608127593994,0.8367966819589313,0.3347983360290527,0.804183169666143,1.0471844673156738,0.8005117001250686,1.0712649822235107,0.7806744867254278,1.3124864101409912,0.803808673286305,1.0485796928405762,0.8030138866386785,1.1192052364349363,1.0,0.9793503284454346,200,0.886138916015625,0.0,0.1170740127563476,0.0307546988562091,0.0750567913055419,10.73241796040001,0.0057201385498046,0.011558569738602507,12.833462715148926,0.35,0.0019266605377197,0,0,114,['cluster'],['intersecting']
figure_descending_markersize60_n500-d5-c3-spr0.2-out0_pca.png,n500-d5-c3-spr0.2-out0_pca,500,3,60,0.4983273554884543,1.1040465831756592,0.5323999982008323,1.0864293575286863,0.5742727446044171,1.4357950687408447,0.4960948563793949,1.1158907413482666,0.5246685595457011,0.3513495922088623,0.4277307098030622,1.1066498756408691,0.4326618695286512,1.3095760345458984,0.4307506193048339,1.3960609436035156,0.4259647168943553,1.1521151065826416,0.4330608464035539,1.114654302597046,0.3746544583065154,1.1508243083953855,0.3643969075209661,0.3686897754669189,0.3446226084359223,1.379591703414917,0.3732065991325196,1.0848233699798584,0.3686875846886264,1.1458313465118408,0.992,0.9600100517272948,6922,0.9699602127075196,0.0,0.123723030090332,0.0307546988562091,0.0747923851013183,10.73241796040001,0.0056204795837402,0.02464059175361624,14.864028453826904,0.35,0.0019350051879882,0,0,4159,['cluster'],['intersecting']
figure_descending_markersize110_n500-d5-c3-spr0.2-out0_pca.png,n500-d5-c3-spr0.2-out0_pca,500,3,110,0.3521782705288812,1.1738684177398682,0.3840908448522907,1.1512253284454346,0.4286597957969694,1.4719836711883545,0.3487791977077841,0.4034397602081299,0.3760915666128978,1.1640446186065674,0.2873503688180215,1.12912917137146,0.2929195923320343,1.1605372428894043,0.2919758268718843,1.4555487632751465,0.2850276607153426,0.4188213348388672,0.292664476886216,1.162846326828003,0.2426787962936667,1.2226951122283936,0.2367277641423477,1.1739065647125244,0.2213844144652165,1.4456028938293457,0.2409801512148197,1.2448694705963137,0.2395302999901157,1.211230993270874,0.954,0.2253992557525634,20022,0.9593503475189208,0.0,0.985018253326416,0.0307546988562091,0.0719406604766845,10.73241796040001,0.0054643154144287,-,15.0,0.35,0.0020935535430908,2,0,13620,['cluster'],['intersecting']
figure_descending_markersize160_n500-d5-c3-spr0.2-out0_pca.png,n500-d5-c3-spr0.2-out0_pca,500,3,160,0.2844907315607858,1.2748403549194336,0.3126790863327769,0.4329853057861328,0.3539239972026475,1.4969911575317385,0.2806529734527355,1.2313566207885742,0.3052657289830708,1.2587339878082275,0.2264441481817656,1.2348268032073977,0.2309602530887879,1.2942969799041748,0.2287850814063643,0.7304806709289551,0.2240000680773062,1.212029218673706,0.2306930366452455,1.225466251373291,0.1880707840113996,1.2550337314605713,0.1831055320790841,0.4411153793334961,0.1690227490264126,1.4793100357055664,0.1863776741096818,1.2497904300689695,0.1854016709471815,1.2467477321624756,0.884,1.0601046085357666,34074,0.1503989696502685,0.0,0.9712350368499756,0.0307546988562091,0.0741643905639648,10.73241796040001,0.0055680274963378,-,15.0,0.35,0.0019042491912841,8,0,25963,['cluster'],['intersecting']
figure_category_based_markersize10_JavierGeneratedData_3dinterleaved_5classes_umap.png,JavierGeneratedData_3dinterleaved_5classes_umap,500,5,10,1.0,1.1440579891204834,1.0,1.1424250602722168,1.0,1.6452031135559082,1.0,0.3264162540435791,1.0,1.1081969738006592,0.2768464358196965,1.1413800716400146,0.2801434224586511,1.1708590984344482,0.2600584374296333,0.7508313655853271,0.2658871797752512,1.1188538074493408,0.2696580132916961,1.1366136074066162,0.1606626603540067,1.2101638317108154,0.1628876652372578,1.157548427581787,0.1494638917903979,1.633185863494873,0.1533274978849363,0.3453583717346191,0.1558408773312362,1.1331455707550049,0.72,0.9731273651123048,2093,0.1209733486175537,0.032,0.9740076065063475,0.0281228810212838,0.050523042678833,1.4345618331743195,0.0055060386657714,-,15.0,0.0,0.0031421184539794,0,0,0,"['lip_cluster','linear','cluster']",['separated']
figure_category_based_markersize60_JavierGeneratedData_3dinterleaved_5classes_umap.png,JavierGeneratedData_3dinterleaved_5classes_umap,500,5,60,1.0,0.3557822704315185,1.0,1.1789257526397705,1.0,1.6156692504882812,1.0,1.186967372894287,1.0,0.3556289672851562,0.1878485737013518,1.1723530292510986,0.1870696205234407,1.2247974872589111,0.17666739119422,1.6473336219787598,0.1868134523333969,0.3548083305358886,0.1866864577830943,1.2024528980255127,0.1036605280194691,1.2275145053863523,0.1031863234469337,1.1804444789886477,0.0968925748056089,0.7889137268066406,0.1030304645563402,1.1918132305145264,0.1029532143430953,1.2360587120056152,0.444,1.0095109939575195,8766,0.1299166679382324,0.032,0.9945683479309082,0.0281228810212838,0.0506918430328369,1.4345618331743195,0.0054092407226562,-,15.0,0.0,0.003366470336914,0,0,0,"['lip_cluster','linear','cluster']",['separated']
figure_category_based_markersize110_JavierGeneratedData_3dinterleaved_5classes_umap.png,JavierGeneratedData_3dinterleaved_5classes_umap,500,5,110,1.0,1.24204683303833,1.0,0.3822760581970215,1.0,1.653153896331787,1.0,1.248469352722168,1.0,0.3730175495147705,0.1801812541022339,1.245342493057251,0.1793141946203076,1.222935676574707,0.1737444080184932,1.6849589347839355,0.1802451629938892,0.3901293277740478,0.1794070314579783,1.239774227142334,0.0990105495442326,1.222672462463379,0.0984871712024539,1.249967098236084,0.0951369615410615,0.8267066478729248,0.0990491462522673,1.2334816455841064,0.0985431859608092,1.2656123638153076,0.386,1.0616698265075684,12240,0.1415462493896484,0.032,1.0158295631408691,0.0281228810212838,0.05120849609375,1.4345618331743195,0.0054590702056884,-,15.0,0.0,0.0033991336822509,0,0,0,"['lip_cluster','linear','cluster']",['separated']
figure_category_based_markersize160_JavierGeneratedData_3dinterleaved_5classes_umap.png,JavierGeneratedData_3dinterleaved_5classes_umap,500,5,160,1.0,0.4151999950408935,1.0,1.2953317165374756,1.0,1.7042276859283447,1.0,1.3520793914794922,1.0,0.3918750286102295,0.1773982479469991,1.291254997253418,0.1770420552115778,1.3321707248687744,0.1740378335837854,0.8403809070587158,0.1777143421936626,1.3457534313201904,0.1768573075929662,1.3363525867462158,0.097332424786257,0.4164721965789795,0.0971180140045007,1.3306679725646973,0.0953129461194514,1.739204168319702,0.0975227684157898,1.3484416007995603,0.0970068378791938,0.4133884906768799,0.376,1.082162618637085,14746,1.112731695175171,0.032,0.1224770545959472,0.0281228810212838,0.050586462020874,1.4345618331743195,0.0054929256439208,-,15.0,0.0,0.0030572414398193,0,0,0,"['lip_cluster','linear','cluster']",['separated']
figure_ascending_markersize10_JavierGeneratedData_3dinterleaved_5classes_umap.png,JavierGeneratedData_3dinterleaved_5classes_umap,500,5,10,1.0,0.3434016704559326,1.0,1.245901584625244,1.0,1.703068494796753,1.0,0.3328268527984619,1.0,1.2312750816345217,0.2873810330641789,1.2396249771118164,0.2817254995315789,0.3314871788024902,0.207953634474665,1.7053592205047607,0.2717061571825679,1.2495596408843994,0.272082425155032,1.30566668510437,0.1678020847674918,0.341066837310791,0.1639583776950524,1.2484979629516602,0.1160425525115829,1.691578388214111,0.157210626139614,0.328153133392334,0.1574626180762377,1.2913122177124023,0.72,1.0868008136749268,2093,0.1201848983764648,0.032,1.1007726192474363,0.0281228810212838,0.0502231121063232,1.4345618331743195,0.0053763389587402,0.0556334346142934,11.712578296661375,0.0,0.0030219554901123,0,0,0,"['lip_cluster','linear','cluster']",['separated']
figure_ascending_markersize60_JavierGeneratedData_3dinterleaved_5classes_umap.png,JavierGeneratedData_3dinterleaved_5classes_umap,500,5,60,1.0,1.3060436248779297,1.0,1.3062715530395508,1.0,0.7684848308563232,1.0,1.308650255203247,1.0,1.3081023693084717,0.211050356973791,0.3460240364074707,0.1903968827253309,1.303490161895752,0.0781121608474852,1.760010004043579,0.2023527123739701,0.3571653366088867,0.1928962141578153,1.2932779788970947,0.117974453778797,0.4079456329345703,0.1052147185798816,1.294804573059082,0.0406434544494178,1.7396929264068604,0.1125653034201146,0.3509695529937744,0.1067432959130887,1.3056881427764893,0.444,1.0986347198486328,8766,0.1303198337554931,0.032,1.1003634929656982,0.0281228810212838,0.0497510433197021,1.4345618331743195,0.005307912826538,0.08554236437764516,14.617536783218384,0.0,0.0030605792999267,0,0,0,"['lip_cluster','linear','cluster']",['separated']
figure_ascending_markersize110_JavierGeneratedData_3dinterleaved_5classes_umap.png,JavierGeneratedData_3dinterleaved_5classes_umap,500,5,110,1.0,0.6950221061706543,1.0,0.6384551525115967,1.0,1.0760445594787598,1.0,0.6960747241973877,1.0,0.5685968399047852,0.2094220499488212,0.5770671367645264,0.1837008814858591,0.6698739528656006,0.0427523794382359,1.080669403076172,0.2004224592794428,0.601851224899292,0.1877537925736185,0.6708862781524658,0.1169577956339937,0.6977818012237549,0.1011402139732023,0.7251715660095215,0.0218431122302068,1.1115105152130127,0.1113719496628041,0.7482752799987793,0.103602806177342,0.7297747135162354,0.386,0.3479418754577636,12240,0.2529835700988769,0.032,0.4901013374328613,0.0281228810212838,0.0485014915466308,1.4345618331743195,0.0051085948944091,0.10173108695529706,14.569170951843262,0.0,0.0030713081359863,0,0,0,"['lip_cluster','linear','cluster']",['separated']
figure_ascending_markersize160_JavierGeneratedData_3dinterleaved_5classes_umap.png,JavierGeneratedData_3dinterleaved_5classes_umap,500,5,160,1.0,0.745173454284668,1.0,0.8517591953277588,1.0,1.1590454578399658,1.0,0.8839340209960938,1.0,0.7475287914276123,0.2101323397365075,0.7478635311126709,0.1821384527274592,0.7686786651611328,0.0217814020738795,1.1513440608978271,0.2008767430877126,0.7531845569610596,0.1866567725193535,0.6383960247039795,0.1174010483577168,0.8967428207397461,0.1001937980374433,0.7867240905761719,0.0110106143460153,1.0897626876831057,0.1116525742835784,0.8048663139343262,0.1029351584910285,0.7624664306640625,0.376,0.4494574069976806,14746,0.4527304172515869,0.032,0.300706148147583,0.0281228810212838,0.0478401184082031,1.4345618331743195,0.0053682327270507,-,15.0,0.0,0.0029728412628173,0,0,0,"['lip_cluster','linear','cluster']",['separated']
figure_descending_markersize10_JavierGeneratedData_3dinterleaved_5classes_umap.png,JavierGeneratedData_3dinterleaved_5classes_umap,500,5,10,1.0,0.5853557586669922,1.0,0.7238643169403076,1.0,1.016862869262695,1.0,0.756335973739624,1.0,0.7663285732269287,0.2635584355976346,0.7892749309539795,0.278593564497528,0.7808616161346436,0.3082484043474309,1.0445280075073242,0.2584371991641886,0.9189927577972412,0.2666841017309123,0.6415183544158936,0.151780768786391,0.8217346668243408,0.1618406663015685,0.6521079540252686,0.1822066579630021,1.238999843597412,0.1483938443334682,0.8397431373596191,0.1538577601447183,0.64603590965271,0.72,0.4931967258453369,2093,0.3368208408355713,0.032,0.5233254432678223,0.0281228810212838,0.0473942756652832,1.4345618331743195,0.0049934387207031,0.05563343461429333,11.307220697402954,0.0,0.0028126239776611,0,0,0,"['lip_cluster','linear','cluster']",['separated']
figure_descending_markersize60_JavierGeneratedData_3dinterleaved_5classes_umap.png,JavierGeneratedData_3dinterleaved_5classes_umap,500,5,60,1.0,0.7031245231628418,1.0,0.8912363052368164,1.0,1.1134943962097168,1.0,0.9080359935760498,1.0,0.8942902088165283,0.1635408636170869,0.6759941577911377,0.184082788747003,0.8876941204071045,0.2506829707958485,1.2743792533874512,0.1694471375376249,0.7397167682647705,0.1805535788789071,0.722179651260376,0.0890522747700212,0.7172222137451172,0.1013717958099998,0.7112493515014648,0.1433033387378023,1.3192856311798096,0.0925660990252379,0.9342029094696044,0.099235446992528,0.7444453239440918,0.444,0.35127854347229,8766,0.598578929901123,0.032,0.3516683578491211,0.0281228810212838,0.0475881099700927,1.4345618331743195,0.0050265789031982,0.08554236437764481,13.343921184539797,0.0,0.0028979778289794,0,0,0,"['lip_cluster','linear','cluster']",['separated']
figure_descending_markersize110_JavierGeneratedData_3dinterleaved_5classes_umap.png,JavierGeneratedData_3dinterleaved_5classes_umap,500,5,110,1.0,1.0094611644744873,1.0,0.7886161804199219,1.0,1.2057011127471924,1.0,0.8005659580230713,1.0,0.8017334938049316,0.1496972538061918,0.8227407932281494,0.1755945752770953,1.0428926944732666,0.2567614184407489,1.2479772567749023,0.156671758707657,0.8331358432769775,0.171434648501133,0.80008864402771,0.0809041947941376,0.5862576961517334,0.0962475625744015,1.005207061767578,0.1472898897241519,1.2492008209228516,0.0849939556059834,0.8148651123046875,0.0937536349797991,0.830723762512207,0.386,0.656775951385498,12240,0.4001739025115967,0.032,0.3768970966339111,0.0281228810212838,0.0474226474761962,1.4345618331743195,0.0050137042999267,0.10173108695529706,14.843694686889648,0.0,0.0029492378234863,0,0,0,"['lip_cluster','linear','cluster']",['separated']
figure_descending_markersize160_JavierGeneratedData_3dinterleaved_5classes_umap.png,JavierGeneratedData_3dinterleaved_5classes_umap,500,5,160,1.0,0.6881122589111328,1.0,0.6378324031829834,1.0,1.5472450256347656,1.0,0.6445920467376709,1.0,1.1371757984161377,0.1432160013429336,0.6504273414611816,0.1728996132224142,1.1439049243927002,0.2625930307426589,1.0769784450531006,0.1502973474903572,1.1530530452728271,0.1677250486458628,0.6425819396972656,0.0771312125947422,1.1712117195129397,0.0946306040290173,0.6550393104553223,0.151140772075356,1.5749003887176514,0.0812548694172204,0.9250848293304444,0.0915392357036296,0.6450860500335693,0.376,0.6954634189605713,14746,0.4371123313903808,0.032,0.4067440032958984,0.0281228810212838,0.0473356246948242,1.4345618331743195,0.0050246715545654,-,15.0,0.0,0.0027954578399658,0,0,0,"['lip_cluster','linear','cluster']",['separated']
figure_category_based_markersize10_wine_umap.png,wine_umap,178,3,10,0.5697894149723637,0.8495099544525146,0.6021129831696471,0.8672354221343994,0.9186484359887592,1.1148123741149902,0.5549306301126318,0.8570609092712402,0.5675614267974352,0.5829753875732422,0.4198613622183045,0.883758544921875,0.4378124066974831,0.8806569576263428,0.5038446691716663,1.1569883823394775,0.4136910686479859,0.5790011882781982,0.4184860555884763,0.8637182712554932,0.3323978792728196,0.8872537612915039,0.3439559894901979,0.8927497863769531,0.3471111422980759,0.8356573581695557,0.3297610960283574,0.8642098903656006,0.3314322449884957,0.8882851600646973,0.9438202247191012,0.4266729354858398,461,0.7537205219268799,0.0,0.438215970993042,0.0260226769796582,0.0172357559204101,3.277305701627094,0.0023107528686523,0.047490023594438296,2.200862169265747,0.2752808988764045,0.0007979869842529,0,0,94,['three_order'],['intersecting']
figure_category_based_markersize60_wine_umap.png,wine_umap,178,3,60,0.2667786811182923,0.616424560546875,0.2984696535479837,0.9128801822662354,0.632447608944315,1.1483876705169678,0.2496014539763572,0.9032139778137208,0.2592070606266557,0.9103357791900636,0.1760335414673429,0.9292557239532472,0.1894716333362249,0.9344286918640136,0.2317063995479145,0.8651196956634521,0.1701624022462546,0.9670941829681396,0.1727550735613313,0.9539861679077148,0.1313534743620632,0.6294586658477783,0.1387877772909653,0.9330952167510986,0.1418348280293226,1.1806347370147705,0.1290807127881831,0.9556469917297364,0.1295477006176244,0.6492810249328613,0.8595505617977528,0.4550485610961914,5091,0.8140707015991211,0.0,0.4714612960815429,0.0260226769796582,0.0173661708831787,3.277305701627094,0.0024483203887939,0.07789922066332254,2.5004067420959477,0.2752808988764045,0.000859260559082,0,0,1783,['three_order'],['intersecting']
figure_category_based_markersize110_wine_umap.png,wine_umap,178,3,110,0.2221292385136191,0.6640217304229736,0.2521912470841042,1.0016145706176758,0.5136210939489873,0.900158166885376,0.2033296172598427,1.0114994049072266,0.2102738848390409,0.6605682373046875,0.1441480189115748,1.0013988018035889,0.1555952562089974,0.663292646408081,0.1766916340324377,1.238997220993042,0.1375626780171798,0.672504186630249,0.1385728873188332,1.004464864730835,0.106692348794239,0.665539026260376,0.1125034331339439,1.027312994003296,0.1066985965160184,0.9183175563812256,0.1039424919962219,1.0170085430145264,0.1033363649488856,0.6825246810913086,0.797752808988764,0.5036098957061768,9369,0.8808691501617432,0.0,0.4962720870971679,0.0260226769796582,0.0170073509216308,3.277305701627094,0.0022776126861572,0.0937523143454153,2.728442668914795,0.2752808988764045,0.0008437633514404,1,0,4374,['three_order'],['intersecting']
figure_category_based_markersize160_wine_umap.png,wine_umap,178,3,160,0.2039219440645034,0.6951196193695068,0.2324695269763863,0.6978063583374023,0.4438657018982226,1.2815284729003906,0.184407497618342,1.0573170185089111,0.1895827100361058,0.6977229118347168,0.1320774952028696,1.07403564453125,0.142920814570071,0.7045884132385254,0.1552642934939104,1.3369441032409668,0.1248997916679378,0.6990096569061279,0.1253038121963252,1.0656871795654297,0.097667809710784,0.7159609794616699,0.1031765598801935,1.09167742729187,0.0940881763045188,0.9732563495635986,0.0944281360798613,1.1029117107391355,0.0935763248834771,0.7157495021820068,0.7471910112359551,0.5242953300476074,12586,0.5236384868621826,0.0,0.942873477935791,0.0260226769796582,0.0172748565673828,3.277305701627094,0.0024018287658691,0.10371997421175437,3.1195998191833496,0.2752808988764045,0.0008914470672607,2,0,7013,['three_order'],['intersecting']
figure_ascending_markersize10_wine_umap.png,wine_umap,178,3,10,0.6927693414407436,0.7025167942047119,0.6505706888895435,0.693519115447998,0.4990737676205657,1.3035271167755127,0.7136061620556767,0.6933064460754395,0.6741128656018848,1.070582151412964,0.4901371167806926,0.7037286758422852,0.4651004407976917,1.113491773605347,0.3320376721231731,0.9477837085723876,0.5038167548249881,1.0891656875610352,0.4795228957844699,0.705956220626831,0.3792175270437297,0.7099142074584961,0.361920930887764,0.7138893604278564,0.2487747159947528,1.3633742332458496,0.3893528978787079,0.7158255577087402,0.3721094719841196,1.117696762084961,0.9438202247191012,0.5476343631744385,461,0.5517017841339111,0.0,0.5681049823760986,0.0260226769796582,0.0169768333435058,3.277305701627094,0.0023627281188964,0.04749002359443829,1.532027006149292,0.2752808988764045,0.0007331371307373,0,0,0,['three_order'],['intersecting']
figure_ascending_markersize60_wine_umap.png,wine_umap,178,3,60,0.3796806975286352,1.1480555534362793,0.3513539307345368,0.7362501621246338,0.1802459589810202,1.392811298370361,0.3896172302923441,0.7402298450469971,0.3530176367998681,0.737248420715332,0.2280690939403316,1.1492693424224854,0.2152672932548089,0.7477257251739502,0.1094384219883894,0.97881817817688,0.2314360747058366,1.1805875301361084,0.2152025178604834,0.7509183883666992,0.1629864247796216,0.7589361667633057,0.1551676544296472,1.1727309226989746,0.0785722311659706,1.0167255401611328,0.1646070611762629,0.7843978404998779,0.1547783504669933,0.7627315521240234,0.8595505617977528,0.5711123943328857,5091,0.5828127861022949,0.0,1.0755383968353271,0.0260226769796582,0.0172562599182128,3.277305701627094,0.0023753643035888,0.07789922066332257,1.7627484798431396,0.2752808988764045,0.000751256942749,0,0,0,['three_order'],['intersecting']
figure_ascending_markersize110_wine_umap.png,wine_umap,178,3,110,0.3253325728242134,1.2017362117767334,0.2984877399674107,0.7735106945037842,0.1154266120698868,1.4609410762786863,0.3336954296352711,0.7865707874298096,0.2976505160595286,0.7785775661468506,0.1890793012309799,0.7901351451873779,0.1767606651137802,0.7728772163391113,0.0706929342223958,1.4928781986236572,0.1927518684865308,0.797753095626831,0.1771971979637253,0.785954475402832,0.1332659055325152,0.7829666137695312,0.1255569522636102,0.799189567565918,0.0509479965276029,1.4973182678222656,0.1355143989779919,0.804114818572998,0.1261477009048648,0.807356595993042,0.797752808988764,0.6154754161834717,9369,0.6208596229553223,0.0,0.5972912311553955,0.0260226769796582,0.0173215866088867,3.277305701627094,0.0023128986358642,0.0937523143454153,2.4722611904144287,0.2752808988764045,0.0007922649383544,2,0,0,['three_order'],['intersecting']
figure_ascending_markersize160_wine_umap.png,wine_umap,178,3,160,0.3016080985339663,0.820216178894043,0.2748932262866966,0.8141148090362549,0.0859570280923239,1.0647988319396973,0.3089488499039095,1.3110339641571045,0.2726684754935228,0.8495690822601318,0.174293158074689,0.8160221576690674,0.1624028710950011,0.8369436264038086,0.0541254019737054,1.0649549961090088,0.176503784772061,0.8175773620605469,0.1614800976701497,1.306979417800903,0.1225586485579641,0.8423764705657959,0.1152435243206529,0.8253998756408691,0.0394983602548865,1.058505296707153,0.1235418963684572,0.8016281127929688,0.1147056035962383,0.8206000328063965,0.7471910112359551,0.614612340927124,12586,0.6368050575256348,0.0,0.623499870300293,0.0260226769796582,0.0171802043914794,3.277305701627094,0.0023372173309326,0.10371997421175437,3.351484537124634,0.2752808988764045,0.0007903575897216,2,0,0,['three_order'],['intersecting']
figure_descending_markersize10_wine_umap.png,wine_umap,178,3,10,0.4930029608711493,0.2910757064819336,0.5416697336431957,1.30586576461792,1.230617780076205,1.052551507949829,0.4890691847610973,0.8231821060180664,0.5148303730226664,0.8078048229217529,0.3758372434628074,0.8350882530212402,0.4065313382046518,0.8395869731903076,0.612524221825099,1.0615558624267578,0.3751402470684136,0.8276627063751221,0.3885664248534517,1.336127758026123,0.3036682812944097,0.8447134494781494,0.3253591560457316,0.8402373790740967,0.4077343944822237,1.089275598526001,0.304262199122997,0.2997200489044189,0.3120380119410105,1.3480267524719238,0.9438202247191012,0.6619057655334473,461,0.6745510101318359,0.0,0.1040339469909668,0.0260226769796582,0.0174648761749267,3.277305701627094,0.0023696422576904,0.04749002359443827,2.078815221786499,0.2752808988764045,0.0007503032684326,0,0,153,['three_order'],['intersecting']
figure_descending_markersize60_wine_umap.png,wine_umap,178,3,60,0.1991025551971939,0.8591024875640869,0.2154592875922619,0.8592686653137207,1.4047562894905363,1.598400592803955,0.1854054945269984,0.8439455032348633,0.2090097793896116,0.8290083408355713,0.1401539340847805,0.8704216480255127,0.1495820981102384,0.866931676864624,0.3289483022616569,1.1070616245269775,0.1343266679110305,0.8719131946563721,0.145731986723147,0.8751306533813477,0.1081374896107371,0.8645646572113037,0.1145562517542942,0.8781173229217529,0.1862851129705127,1.1168212890625,0.105313122543765,0.8578317165374756,0.1118648573088072,0.8862919807434082,0.8595505617977528,0.7088642120361328,5091,0.1112117767333984,0.0,0.6889808177947998,0.0260226769796582,0.0172474384307861,3.277305701627094,0.0023677349090576,0.07789922066332255,2.350217819213867,0.2752808988764045,0.0007984638214111,0,0,3016,['three_order'],['intersecting']
figure_descending_markersize110_wine_umap.png,wine_umap,178,3,110,0.154408434602735,0.879138708114624,0.1683121348043643,1.4749257564544678,1.5091267588078177,1.1460683345794678,0.1404974380531207,0.3224637508392334,0.1614059506351715,1.479606866836548,0.1074991981283017,0.3194367885589599,0.1155146344432004,1.452631950378418,0.2733714870747679,1.1554248332977295,0.1014589957985491,0.9172298908233644,0.1113269141519408,0.3200197219848633,0.0824507000067457,1.4791548252105713,0.0879315580694893,0.3311889171600342,0.1502987092521156,1.741588115692139,0.0793976610842842,0.9162626266479492,0.0849650211809819,0.3226113319396972,0.797752808988764,0.7275848388671875,9369,0.7212636470794678,0.0,0.7086849212646484,0.0260226769796582,0.0174586772918701,3.277305701627094,0.0024254322052001,0.0937523143454153,2.5738749504089355,0.2752808988764045,0.000748872756958,0,0,7221,['three_order'],['intersecting']
figure_descending_markersize160_wine_umap.png,wine_umap,178,3,160,0.1340192980716391,0.9216952323913574,0.1464745684109861,0.9288644790649414,1.6208178838777898,1.1692874431610107,0.1204301157599282,0.9327642917633056,0.1400588739598671,0.9540207386016846,0.0937895114537465,0.9506044387817384,0.1011239788566684,0.9582839012145996,0.2570225587136637,1.1974594593048096,0.0875354866509855,0.3334906101226806,0.0970630575318993,1.5649542808532717,0.0721358422852486,0.333024263381958,0.0772166243267816,0.9374442100524902,0.1395781397941526,1.7933807373046875,0.0687554301785795,0.3306379318237304,0.0742649232981542,0.9552528858184814,0.7471910112359551,0.7559258937835693,12586,0.7609055042266846,0.0,0.7420086860656738,0.0260226769796582,0.0173149108886718,3.277305701627094,0.0030384063720703,0.10371997421175431,2.9499764442443848,0.2752808988764045,0.0007946491241455,1,0,11527,['three_order'],['intersecting']
figure_category_based_markersize10_grid10_3d_tsne.png,grid10_3d_tsne,1000,8,10,1.0,0.9773662090301514,1.0,1.0061495304107666,1.0,1.7266364097595217,1.0,0.3487544059753418,1.0,0.9321143627166748,1.0,0.9930641651153564,1.0,0.3470301628112793,1.0,1.6295878887176514,1.0,1.6193923950195312,1.0,0.3332271575927734,1.0,0.9795258045196532,1.0,0.9879322052001952,1.0,1.6514616012573242,1.0,0.9967849254608154,1.0,0.9598193168640136,1.0,0.8483443260192871,0,0.793041467666626,0.0,0.8207721710205078,0.0304371343084761,0.1138923168182373,8.248649768983556,0.0092897415161132,-,15.0,0.378,0.0069186687469482,0,0,0,['cluster'],['intersecting']
figure_category_based_markersize60_grid10_3d_tsne.png,grid10_3d_tsne,1000,8,60,0.9096304682058852,0.3914210796356201,0.927928029411887,1.0783944129943848,0.9897662322417644,1.7246742248535156,0.92043431092506,1.0588855743408203,0.9294838537978696,1.0476899147033691,0.6000974752559184,1.0667061805725098,0.5971540779924601,1.066232681274414,0.5669105333605493,1.7260692119598389,0.5967401340201139,1.0780632495880127,0.5968112658554446,1.0631310939788818,0.4477389331113063,1.0919556617736816,0.440228120147114,1.092855453491211,0.3972109523858096,1.745551347732544,0.4414818078928081,1.1160330772399902,0.4395068765108327,1.1085293292999268,1.0,0.4119436740875244,11622,0.87774658203125,0.0,0.8373305797576904,0.0304371343084761,0.1153657436370849,8.248649768983556,0.0093169212341308,-,15.0,0.378,0.0071825981140136,0,0,245,['cluster'],['intersecting']
figure_category_based_markersize110_grid10_3d_tsne.png,grid10_3d_tsne,1000,8,110,0.6352596675467254,1.176785230636597,0.684954213999765,0.4718677997589111,0.8880413952957311,1.805068016052246,0.6570277045803835,1.1474153995513916,0.6831485590940578,1.1500577926635742,0.3199841761507844,1.1724212169647217,0.3252673802860665,1.1746609210968018,0.3238085335033512,1.8425624370574951,0.3184296058807865,0.4790737628936767,0.3224489954561418,1.158219337463379,0.2138511547409483,1.169041872024536,0.2132725526067204,1.2153270244598389,0.1980034972716159,1.8657431602478027,0.2101362503191933,1.220207452774048,0.2110274108178322,0.4684545993804931,0.975,1.192868709564209,51086,0.9084680080413818,0.0,0.1282072067260742,0.0304371343084761,0.1153352260589599,8.248649768983556,0.0091333389282226,-,15.0,0.378,0.0068528652191162,0,0,2703,['cluster'],['intersecting']
figure_category_based_markersize160_grid10_3d_tsne.png,grid10_3d_tsne,1000,8,160,0.4477082406650726,1.2573072910308838,0.4966905992894335,1.3142879009246826,0.742341036621422,1.950682640075684,0.4673674080456362,0.5427296161651611,0.4935885733807803,1.2552368640899658,0.217959543305572,1.2595181465148926,0.2240838534047396,1.255021095275879,0.2347496511206274,1.934036493301392,0.2180509256735036,1.3009741306304932,0.2221822831200363,0.544327974319458,0.1440420463535882,1.296231985092163,0.14467792478016,1.290548324584961,0.1394189767983832,1.956296682357788,0.1421964373924609,1.2969129085540771,0.1433560424623933,0.5328729152679443,0.887,1.1721296310424805,93342,0.9671764373779296,0.0,0.1314141750335693,0.0304371343084761,0.1148328781127929,8.248649768983556,0.0093214511871337,-,15.0,0.378,0.0069079399108886,0,0,8228,['cluster'],['intersecting']
figure_ascending_markersize10_grid10_3d_tsne.png,grid10_3d_tsne,1000,8,10,1.0,1.1007566452026367,1.0,1.1124348640441897,1.0,1.7457056045532229,1.0,1.089935064315796,1.0,1.0889880657196045,1.0,0.3438718318939209,1.0,1.100534439086914,1.0,1.7593445777893066,1.0,1.1160786151885986,1.0,1.1218996047973633,1.0,0.3440704345703125,1.0,1.1287357807159424,1.0,1.7505083084106443,1.0,1.1116268634796145,1.0,1.125561237335205,1.0,1.011733055114746,0,0.1302778720855713,0.0,0.9576592445373536,0.0304371343084761,0.1158435344696044,8.248649768983556,0.0094585418701171,-,15.0,0.378,0.0068092346191406,0,0,0,['cluster'],['intersecting']
figure_ascending_markersize60_grid10_3d_tsne.png,grid10_3d_tsne,1000,8,60,0.9218671860423924,0.3993449211120605,0.942571117656688,1.2332594394683838,0.9686192799418968,1.867182731628418,0.9423644118682848,0.4083380699157715,0.9457648748106156,1.1977336406707764,0.6125281482137817,1.2117986679077148,0.6050992548753891,1.2255558967590332,0.5465619358583271,1.0728421211242676,0.6123872514765841,1.1928119659423828,0.6063152575804122,1.207988739013672,0.4586312101235479,1.2384312152862549,0.4455702579345988,0.4086685180664062,0.3806855020129001,1.0759930610656738,0.4535668445135452,1.2314374446868896,0.4461758540947811,1.2176642417907717,1.0,1.3016037940979004,11622,0.1495320796966552,0.0,0.9886801242828368,0.0304371343084761,0.1159462928771972,8.248649768983556,0.0093333721160888,-,15.0,0.378,0.0074129104614257,0,0,0,['cluster'],['intersecting']
figure_ascending_markersize110_grid10_3d_tsne.png,grid10_3d_tsne,1000,8,110,0.6823101641063608,0.4929544925689697,0.7283471497349149,1.398334264755249,0.7780791041600333,2.3434152603149414,0.729035447268512,1.35449481010437,0.7360720745520537,0.486917495727539,0.3408960117066659,1.3166298866271973,0.3378317289185027,1.3280096054077148,0.2903128831823314,2.058429956436157,0.3432288322576664,1.3501832485198977,0.3381486640554428,0.5447649955749512,0.2272064948936965,1.3527963161468506,0.2199186775249483,1.3514912128448486,0.1784470689956191,1.187232255935669,0.2244497168763277,1.3392553329467771,0.2194909873451637,1.3546881675720217,0.975,1.3917102813720703,51086,0.1760122776031494,0.0,1.3160400390625,0.0304371343084761,0.1215987205505371,8.248649768983556,0.0098063945770263,-,15.0,0.378,0.0068988800048828,0,0,0,['cluster'],['intersecting']
figure_ascending_markersize160_grid10_3d_tsne.png,grid10_3d_tsne,1000,8,160,0.5066403444618248,1.4903829097747805,0.5453969539677794,1.5060439109802246,0.587829157159528,2.2610597610473637,0.5544574585708358,0.568946361541748,0.557550430478341,1.4481301307678225,0.2403743548599861,1.4763948917388916,0.2364078769368254,0.5981485843658447,0.19890903762903,2.176119565963745,0.2441015514499157,1.495635986328125,0.2387724752295578,0.5813984870910645,0.1575654650230921,1.507843017578125,0.1509108661626781,1.4994878768920898,0.1197078254689005,2.181891918182373,0.1565007332441624,0.5732302665710449,0.1519153076847721,1.4741034507751465,0.887,1.3665895462036133,93342,0.1877784729003906,0.0,1.0903668403625488,0.0304371343084761,0.1218667030334472,8.248649768983556,0.0097393989562988,-,15.0,0.378,0.0069270133972167,0,0,0,['cluster'],['intersecting']
figure_descending_markersize10_grid10_3d_tsne.png,grid10_3d_tsne,1000,8,10,1.0,0.3431870937347412,1.0,1.279280424118042,1.0,1.0427837371826172,1.0,1.312323808670044,1.0,1.343456745147705,1.0,0.363746166229248,1.0,1.325087547302246,1.0,2.033792734146118,1.0,0.352893590927124,1.0,1.302039384841919,1.0,1.3316566944122314,1.0,0.3539059162139892,1.0,2.0241894721984863,1.0,1.3567888736724854,1.0,0.3499195575714111,1.0,1.177055835723877,0,1.1569726467132568,0.0,0.1303510665893554,0.0304371343084761,0.1199212074279785,8.248649768983556,0.0094015598297119,-,15.0,0.378,0.0072157382965087,0,0,0,['cluster'],['intersecting']
figure_descending_markersize60_grid10_3d_tsne.png,grid10_3d_tsne,1000,8,60,0.8954305270339802,0.4166946411132812,0.9124098888082848,1.4227917194366455,1.019193335591965,2.067352533340454,0.8970070223067814,0.4275276660919189,0.9118599405937616,1.3418338298797607,0.5859079262495046,1.3930113315582275,0.5884558469125302,1.4193522930145264,0.5967057079584308,1.1128644943237305,0.5799904212454333,1.385540008544922,0.5862979131238116,0.4072268009185791,0.4354026983147678,1.3623642921447754,0.4342677107575476,1.3656024932861328,0.4218398497128475,1.0782461166381836,0.4285381855127759,1.380449295043945,0.4320446816277966,1.3902623653411863,1.0,0.4565513134002685,11622,1.178945541381836,0.0,1.1548521518707275,0.0304371343084761,0.1195459365844726,8.248649768983556,0.0094578266143798,-,15.0,0.378,0.0072221755981445,0,0,514,['cluster'],['intersecting']
figure_descending_markersize110_grid10_3d_tsne.png,grid10_3d_tsne,1000,8,110,0.5913068301566258,0.50714111328125,0.645241594401602,1.5171279907226562,1.0397673185369654,1.1808109283447266,0.5952501310870602,1.4913060665130615,0.6359600980897246,1.4946110248565674,0.2998839844696923,0.5156259536743164,0.3130712283346213,1.4961786270141602,0.3692809173618047,2.2128891944885254,0.2955366369667997,0.5005710124969482,0.307581225343604,1.4930295944213867,0.2008808054425745,1.5316789150238037,0.2066749607146774,0.5008256435394287,0.2245083432981968,2.201002597808838,0.1965646613344323,0.4905881881713867,0.202842975505314,1.469316482543945,0.975,1.5358729362487793,51086,0.1727254390716552,0.0,1.2065114974975586,0.0304371343084761,0.121788740158081,8.248649768983556,0.0096099376678466,-,15.0,0.378,0.0071141719818115,0,0,5440,['cluster'],['intersecting']
figure_descending_markersize160_grid10_3d_tsne.png,grid10_3d_tsne,1000,8,160,0.3959281371954922,0.8744404315948486,0.4539922922691525,0.77294921875,0.9926754449946024,1.553499698638916,0.3984109324159318,0.810687780380249,0.4403818255508086,0.7973568439483643,0.1972186378481429,0.7919445037841797,0.2121314968448646,0.8539764881134033,0.2824013953514744,1.636082410812378,0.1947274823352212,0.8264479637145996,0.2069398071969513,0.8793058395385742,0.1313142712550444,0.8286240100860596,0.1383999959450017,0.8758749961853027,0.164616115557353,1.558356523513794,0.1288528178630184,0.906003713607788,0.1352468169491225,0.9731712341308594,0.887,0.6544647216796875,93342,0.320974588394165,0.0,0.4047017097473144,0.0304371343084761,0.1208751201629638,8.248649768983556,0.0095839500427246,-,15.0,0.378,0.0072662830352783,0,0,16258,['cluster'],['intersecting']
figure_category_based_markersize10_n100-d5-c3-spr0.2-out0_umap.png,n100-d5-c3-spr0.2-out0_umap,100,3,10,1.0,0.4165802001953125,1.0,0.7159755229949951,1.0,0.9650754928588868,1.0,0.6614916324615479,1.0,0.6572577953338623,1.0,0.6740808486938477,1.0,0.657346248626709,1.0,0.8984503746032715,1.0,0.6973016262054443,1.0,0.7104964256286621,1.0,0.6329236030578613,1.0,0.6380538940429688,1.0,0.8108155727386475,1.0,0.838303804397583,1.0,0.5823187828063965,1.0,0.4400641918182373,0,0.436718225479126,0.0,0.4595038890838623,0.0296892027857637,0.0106158256530761,28.941479345871304,0.0018765926361083,0.0,0.9000697135925293,0.2,0.0008924007415771,0,0,0,['cluster'],['intersecting']
figure_category_based_markersize60_n100-d5-c3-spr0.2-out0_umap.png,n100-d5-c3-spr0.2-out0_umap,100,3,60,0.9860366435039012,0.9297502040863036,0.9888378190781304,0.6211071014404297,0.9997772880664512,1.023446798324585,0.9855131969161594,0.7806057929992676,0.9870511736872216,0.6090657711029053,0.9860366435039012,0.7396194934844971,0.9888378190781304,0.7316250801086426,0.9997772880664512,0.9819045066833496,0.9855131969161594,0.7184782028198242,0.9870511736872216,0.885012149810791,0.9860366435039012,0.6238079071044922,0.9888378190781304,0.6400060653686523,0.9997772880664512,1.047936201095581,0.9855131969161594,0.8277144432067871,0.9870511736872216,0.6518642902374268,1.0,0.5132777690887451,9,0.5087084770202637,0.0,0.316807746887207,0.0296892027857637,0.0105776786804199,28.941479345871304,0.0017778873443603,0.004811252243246881,1.225697040557861,0.2,0.0005733966827392,0,0,9,['cluster'],['intersecting']
figure_category_based_markersize110_n100-d5-c3-spr0.2-out0_umap.png,n100-d5-c3-spr0.2-out0_umap,100,3,110,0.9447635112415798,0.5144429206848145,0.957140561606542,0.8621406555175781,0.9998608237224094,0.9575529098510742,0.9439200208935602,0.8815579414367676,0.9498876071245488,0.6647520065307617,0.9442379547448888,0.8480041027069092,0.9566935858618262,0.7015478610992432,0.9989788496027252,0.9419763088226318,0.9435292853287652,0.9016308784484864,0.9494791253766842,0.6998844146728516,0.9437129826400852,0.7152657508850098,0.9562470273892836,0.916163444519043,0.9980984300849816,0.9824388027191162,0.9431388731199856,0.7053120136260986,0.9490709947979769,0.9489312171936036,1.0,0.5970332622528076,73,0.3616440296173095,0.0,0.3480837345123291,0.0296892027857637,0.0107243061065673,28.941479345871304,0.0017001628875732,0.008861126943401201,1.3570644855499268,0.2,0.0006020069122314,0,0,71,['cluster'],['intersecting']
figure_category_based_markersize160_n100-d5-c3-spr0.2-out0_umap.png,n100-d5-c3-spr0.2-out0_umap,100,3,160,0.8931586971091772,0.7533752918243408,0.9214221823575264,0.7642483711242676,1.0048163716308631,1.0067949295043943,0.8919198774087735,0.9921705722808838,0.904838607741219,0.7766544818878174,0.876665960994465,0.7788207530975342,0.9058088103788462,0.9956064224243164,0.986357009660958,1.029438018798828,0.8755911686384078,0.7806696891784668,0.8895217284789291,0.5576894283294678,0.8607712788916848,1.0441081523895264,0.8907157545896991,0.7986843585968018,0.9685636422673862,0.7952654361724854,0.8598495826759709,1.0116639137268066,0.8747147777964268,0.7874414920806885,1.0,0.4061245918273926,309,0.6428098678588867,0.0,0.3832828998565674,0.0296892027857637,0.0104007720947265,28.941479345871304,0.0017457008361816,0.013864594438012964,1.556544303894043,0.2,0.0005581378936767,0,0,205,['cluster'],['intersecting']
figure_ascending_markersize10_n100-d5-c3-spr0.2-out0_umap.png,n100-d5-c3-spr0.2-out0_umap,100,3,10,1.0,0.5582437515258789,1.0,0.8015804290771484,1.0,0.7960994243621826,1.0,0.8063924312591553,1.0,0.8178787231445312,1.0,1.063070297241211,1.0,0.5631368160247803,1.0,1.050900936126709,1.0,0.8115715980529785,1.0,0.5460970401763916,1.0,0.8101716041564941,1.0,1.081374168395996,1.0,0.8113358020782471,1.0,0.8274095058441162,1.0,0.8410861492156982,1.0,0.6990220546722412,0,0.4182724952697754,0.0,0.4092221260070801,0.0296892027857637,0.0105311870574951,28.941479345871304,0.00164794921875,0.0,0.9036204814910888,0.2,0.0005104541778564,0,0,0,['cluster'],['intersecting']
figure_ascending_markersize60_n100-d5-c3-spr0.2-out0_umap.png,n100-d5-c3-spr0.2-out0_umap,100,3,60,0.9888986572563206,0.8568522930145264,0.9912015481499696,0.8608837127685547,0.995956623324096,0.8376648426055908,0.9898494396678872,0.8424892425537109,0.9911870786027822,0.8844544887542725,0.9888986572563206,0.897845983505249,0.9912015481499696,0.8978657722473145,0.995956623324096,0.8402194976806641,0.9898494396678872,0.8887512683868408,0.9911870786027822,0.8895320892333984,0.9888986572563206,0.5994064807891846,0.9912015481499696,0.8998327255249023,0.995956623324096,1.1530098915100098,0.9898494396678872,0.907033920288086,0.9911870786027822,0.619060754776001,1.0,0.7754931449890137,9,0.4511861801147461,0.0,0.4471101760864258,0.0296892027857637,0.0102298259735107,28.941479345871304,0.0017480850219726,0.004811252243246881,1.0267727375030518,0.2,0.0005364418029785,0,0,0,['cluster'],['intersecting']
figure_ascending_markersize110_n100-d5-c3-spr0.2-out0_umap.png,n100-d5-c3-spr0.2-out0_umap,100,3,110,0.95557748270858,0.953955888748169,0.9654582259536224,0.621614933013916,0.9859066000013624,1.186460018157959,0.9603423806071374,0.6424667835235596,0.9652425146789034,0.9445850849151612,0.9550404694233202,0.9639720916748048,0.965003857084626,0.9704294204711914,0.98501256790556,0.8882982730865479,0.9599485574279796,0.9576594829559326,0.9648294509967532,0.6286711692810059,0.9545040593780902,0.9733633995056152,0.9645499156892337,0.6562230587005615,0.984120155779106,1.2268598079681396,0.9595550571193368,0.6929981708526611,0.9644167406944402,0.9904005527496338,1.0,0.4798583984375,73,0.4809966087341308,0.0,0.4760658740997314,0.0296892027857637,0.010209321975708,28.941479345871304,0.0016701221466064,0.008861126943401201,1.1211628913879397,0.2,0.0005409717559814,0,0,0,['cluster'],['intersecting']
figure_ascending_markersize160_n100-d5-c3-spr0.2-out0_umap.png,n100-d5-c3-spr0.2-out0_umap,100,3,160,0.9233441889432767,1.002115249633789,0.9349320250390296,1.0202162265777588,0.9669400807551438,0.9151496887207032,0.9332376642615572,1.014939308166504,0.936304474515437,0.6782436370849609,0.9065745643370948,1.027282476425171,0.9190612072693736,0.685034990310669,0.94659767245376,0.9197051525115968,0.9163684709191082,1.0236165523529053,0.9204448340122816,0.6651034355163574,0.8904032083774943,1.0419158935546875,0.9037202214382364,1.0684361457824707,0.9270935522413222,0.9451510906219482,0.9000983042687567,0.686762809753418,0.9051135230122486,1.045628547668457,1.0,0.5166611671447754,309,0.5144176483154297,0.0,0.5144426822662354,0.0296892027857637,0.0103011131286621,28.941479345871304,0.001779556274414,0.013864594438012964,1.651792049407959,0.2,0.0005257129669189,0,0,0,['cluster'],['intersecting']
figure_descending_markersize10_n100-d5-c3-spr0.2-out0_umap.png,n100-d5-c3-spr0.2-out0_umap,100,3,10,1.0,0.6887264251708984,1.0,0.6947658061981201,1.0,0.9273462295532228,1.0,1.044886350631714,1.0,0.6796293258666992,1.0,1.0684406757354736,1.0,0.6948997974395752,1.0,0.9485416412353516,1.0,1.066423416137695,1.0,0.6888418197631836,1.0,1.1051201820373535,1.0,0.7018182277679443,1.0,1.3594410419464111,1.0,0.6900508403778076,1.0,0.7090096473693848,1.0,0.5396521091461182,0,0.5341281890869141,0.0,0.5205268859863281,0.0296892027857637,0.010303258895874,28.941479345871297,0.0017099380493164,0.0,1.0269205570220947,0.2,0.0005090236663818,0,0,0,['cluster'],['intersecting']
figure_descending_markersize60_n100-d5-c3-spr0.2-out0_umap.png,n100-d5-c3-spr0.2-out0_umap,100,3,60,0.9860366435039012,1.1137335300445557,0.9888378190781304,0.7186896800994873,0.9997772880664512,1.3676228523254397,0.9855131969161594,0.7170650959014893,0.9870511736872216,0.7159218788146973,0.9860366435039012,1.137998342514038,0.9888378190781304,0.7149553298950195,0.9997772880664512,0.955852508544922,0.9855131969161594,1.133310317993164,0.9870511736872216,0.7288730144500732,0.9860366435039012,0.7280433177947998,0.9888378190781304,0.7392542362213135,0.9997772880664512,0.9778597354888916,0.9855131969161594,1.1725103855133057,0.9870511736872216,0.7414469718933105,1.0,0.5730631351470947,9,0.5748982429504395,0.0,0.5730769634246826,0.0296892027857637,0.0103671550750732,28.941479345871297,0.001678466796875,0.004811252243246881,1.1378979682922363,0.2,0.000518798828125,0,0,9,['cluster'],['intersecting']
figure_descending_markersize110_n100-d5-c3-spr0.2-out0_umap.png,n100-d5-c3-spr0.2-out0_umap,100,3,110,0.9447634498390788,0.7732255458831787,0.9571405558134524,0.7746412754058838,1.002384820273436,1.009734869003296,0.9439200208935602,0.7553200721740723,0.9498876071245488,0.7531051635742188,0.9442326475285936,1.1901044845581057,0.9566929337566904,0.7524592876434326,1.0014986127214325,1.0125505924224854,0.9435292853287652,0.7756819725036621,0.9494791253766842,1.227285385131836,0.9437024413311016,0.7899930477142334,0.9562457301794174,0.7892117500305176,1.0006139707759372,1.0651288032531738,0.9431388731199856,0.7700316905975342,0.9490709947979769,1.2550272941589355,1.0,0.6203205585479736,73,0.6111142635345459,0.0,0.6101016998291016,0.0296892027857637,0.010509967803955,28.941479345871297,0.0017902851104736,0.008861126943401201,0.7555572986602783,0.2,0.0005171298980712,0,0,71,['cluster'],['intersecting']
figure_descending_markersize160_n100-d5-c3-spr0.2-out0_umap.png,n100-d5-c3-spr0.2-out0_umap,100,3,160,0.8913862160895659,0.3225555419921875,0.9214219828830956,1.28320574760437,1.0180149488253651,1.046098232269287,0.8914287071084218,0.8005759716033936,0.904838582685564,0.8062067031860352,0.874920899635813,0.8366029262542725,0.905797273038532,0.8169653415679932,0.9991927172342764,1.05244779586792,0.8751042113729772,0.7989718914031982,0.8895205486679001,0.8018171787261963,0.8590528320409409,1.2796239852905271,0.8906936291336303,0.8122336864471436,0.9810538646900812,1.050511121749878,0.8593668557548721,0.8087387084960938,0.874712519494862,0.8102424144744873,1.0,0.6277461051940918,309,0.6311547756195068,0.0,0.6214795112609863,0.0296892027857637,0.0103583335876464,28.941479345871297,0.0016632080078125,0.013864594438012964,1.358676195144653,0.2,0.0005116462707519,0,0,205,['cluster'],['intersecting']
figure_category_based_markersize10_interleaved_100_200_5d_0_notcramped_notrotated_tsne.png,interleaved_100_200_5d_0_notcramped_notrotated_tsne,741,5,10,0.9676915725328716,1.348928689956665,0.9774100041185296,0.855494499206543,0.9978305106907538,1.2778387069702148,0.9685807419319564,0.848670244216919,0.9738988910088536,0.8539643287658691,0.9280600120561996,0.8557643890380859,0.9379066182478418,0.8474466800689697,0.9535146593661608,1.2695958614349363,0.9298853004218428,0.8598177433013916,0.9356762186189111,0.8228771686553955,0.8915469356773235,1.37227463722229,0.9014723580482495,0.8638546466827393,0.9129677501982636,1.3026649951934814,0.8941629009001654,0.8669753074645996,0.9003404972385349,0.8614184856414795,1.0,0.6990365982055664,128,0.6757919788360596,0.0,0.1125080585479736,0.0304743758076516,0.0730509757995605,7.857174226711718,0.0070052146911621,-,15.0,0.0931174089068826,0.0040783882141113,0,0,4,['cluster'],['touching']
figure_category_based_markersize60_interleaved_100_200_5d_0_notcramped_notrotated_tsne.png,interleaved_100_200_5d_0_notcramped_notrotated_tsne,741,5,60,0.7729509500800068,1.4596960544586182,0.8214414225066771,0.940854787826538,0.9668973753508346,0.8207025527954102,0.8001154225224434,1.4545414447784424,0.8224011346128419,0.9321978092193604,0.4856217763506381,0.938849925994873,0.4991019996095809,0.930915355682373,0.5209028766537589,1.3655226230621338,0.4989571726521987,0.3776271343231201,0.5026964331664654,1.525790452957153,0.3540213618842178,0.9359819889068604,0.3584454646033967,0.9398200511932372,0.3564742875944523,0.8086645603179932,0.3625105539387312,1.486403465270996,0.3619788148779684,0.9523015022277832,1.0,0.8560459613800049,11109,0.1352934837341308,0.0,0.6848528385162354,0.0304743758076516,0.0750720500946044,7.857174226711718,0.0072524547576904,-,15.0,0.0931174089068826,0.0041322708129882,0,0,276,['cluster'],['touching']
figure_category_based_markersize110_interleaved_100_200_5d_0_notcramped_notrotated_tsne.png,interleaved_100_200_5d_0_notcramped_notrotated_tsne,741,5,110,0.5861728655649373,1.552586555480957,0.6562213108037889,1.006688117980957,0.907570800498693,1.4449632167816162,0.6292528259152697,0.4387402534484863,0.6620830033273273,1.593137264251709,0.2950402488393864,0.4328868389129638,0.3078778328599222,1.5753357410430908,0.3256217940959046,1.421820878982544,0.3062042964959139,0.4201140403747558,0.3109257697620698,1.5969133377075195,0.1971315483720035,0.436741828918457,0.2011179341639449,1.60050368309021,0.1984027543361046,0.8599045276641846,0.202330825004168,1.5991394519805908,0.2031686661864685,0.4272472858428955,0.979757085020243,0.8988783359527588,38525,0.7620911598205566,0.0,0.727698564529419,0.0304743758076516,0.0740602016448974,7.857174226711718,0.0072932243347167,-,15.0,0.0931174089068826,0.0042214393615722,0,0,1290,['cluster'],['touching']
figure_category_based_markersize160_interleaved_100_200_5d_0_notcramped_notrotated_tsne.png,interleaved_100_200_5d_0_notcramped_notrotated_tsne,741,5,160,0.4887743445131732,0.4757814407348633,0.5622514139143018,1.0893871784210205,0.849660441480673,1.518238544464111,0.53442459266529,1.0946736335754397,0.5693798750772988,1.0763018131256104,0.2290301326964962,1.09688401222229,0.2401158811511946,1.1041743755340576,0.2542751734920586,1.569190502166748,0.2386573348920846,0.4856204986572265,0.2428725882888359,1.7060151100158691,0.1495541453659876,0.489016056060791,0.1526543264661928,1.0869979858398438,0.1495091502996018,2.151374101638794,0.1536323789722915,0.486018419265747,0.154357345283973,1.0800573825836182,0.9230769230769232,0.9279353618621826,65317,0.799302339553833,0.0,0.7881536483764648,0.0304743758076516,0.0766148567199707,7.857174226711718,0.007322072982788,-,15.0,0.0931174089068826,0.004183292388916,0,0,2556,['cluster'],['touching']
figure_ascending_markersize10_interleaved_100_200_5d_0_notcramped_notrotated_tsne.png,interleaved_100_200_5d_0_notcramped_notrotated_tsne,741,5,10,0.9702811411087516,0.3331992626190185,0.9788051825673608,0.9825944900512696,0.989014994418452,1.3833556175231934,0.968638546713444,0.9533660411834716,0.9739525759622616,0.9723868370056152,0.9308228582826066,0.9573147296905518,0.939315527585143,0.9646339416503906,0.944609222125127,1.4008548259735107,0.930272012544543,0.9671437740325928,0.9358693513072364,0.9648721218109132,0.894448452438348,0.9577517509460448,0.90288870429589,1.663322925567627,0.9040196545694734,0.7634177207946777,0.8948289808923198,0.9641344547271729,0.9006522940333264,0.9680368900299072,1.0,0.910886526107788,128,0.7977628707885742,0.0,0.7965922355651855,0.0304743758076516,0.0750360488891601,7.857174226711718,0.0073082447052001,-,15.0,0.0931174089068826,0.0043649673461914,0,0,0,['cluster'],['touching']
figure_ascending_markersize60_interleaved_100_200_5d_0_notcramped_notrotated_tsne.png,interleaved_100_200_5d_0_notcramped_notrotated_tsne,741,5,60,0.8258508893634363,1.0695767402648926,0.8460760233918374,1.0406200885772705,0.8905968778143274,1.5090250968933103,0.8315148656490496,1.0552403926849363,0.8389643380676767,1.04703688621521,0.5141028015715854,1.0339274406433103,0.5096895712034861,1.037065029144287,0.4848567702388653,1.466803789138794,0.5178247162442511,1.0617790222167969,0.5118242395165538,1.0443840026855469,0.3732178600967344,1.0445022583007812,0.3646932858114982,1.0442447662353516,0.3331016013803144,1.4660234451293943,0.3759841632699707,1.052839994430542,0.3682365582606636,1.0444929599761963,1.0,0.977020502090454,11109,0.8477578163146973,0.0,0.8401052951812744,0.0304743758076516,0.0750279426574707,7.857174226711718,0.0073428153991699,-,15.0,0.0931174089068826,0.0039658546447753,0,0,0,['cluster'],['touching']
figure_ascending_markersize110_interleaved_100_200_5d_0_notcramped_notrotated_tsne.png,interleaved_100_200_5d_0_notcramped_notrotated_tsne,741,5,110,0.6709282998691848,0.4251408576965332,0.6989562533206499,1.107560157775879,0.7428775365828093,1.532017946243286,0.6794620555648172,1.1405107975006104,0.6894009661771165,1.1077659130096436,0.3271093537585681,1.1258182525634766,0.3211387830152391,1.128286361694336,0.2869460814467672,1.5570957660675049,0.3272006395726496,1.1724629402160645,0.321690127856414,1.138221025466919,0.2162774261847214,1.1518175601959229,0.2084578734113232,1.148381233215332,0.1778146473623131,0.881077766418457,0.215484502655194,1.1314187049865725,0.2097918914633658,1.120289325714111,0.979757085020243,1.0411789417266846,38525,0.8983776569366455,0.0,0.1198298931121826,0.0304743758076516,0.0789027214050293,7.857174226711718,0.0071895122528076,-,15.0,0.0931174089068826,0.004056692123413,0,0,0,['cluster'],['touching']
figure_ascending_markersize160_interleaved_100_200_5d_0_notcramped_notrotated_tsne.png,interleaved_100_200_5d_0_notcramped_notrotated_tsne,741,5,160,0.5806413351692763,1.1985361576080322,0.6094968628211237,1.205087661743164,0.6409149287139517,0.9239730834960938,0.5886520546846297,1.197342872619629,0.5993200453878336,1.1899285316467283,0.261296530656378,1.23441743850708,0.2538859597100803,1.239154577255249,0.2166578283061557,1.6440401077270508,0.2596356873543679,0.4981498718261719,0.2539255938702579,1.1815800666809082,0.1685798922292284,1.2146146297454834,0.1603372197592537,1.213393211364746,0.130363202175574,1.6432957649230957,0.1665471723381536,1.2391982078552246,0.1610885605566,1.227964162826538,0.9230769230769232,0.2813913822174072,65317,0.9173882007598876,0.0,0.8946645259857178,0.0304743758076516,0.0794596672058105,7.857174226711718,0.0073158740997314,-,15.0,0.0931174089068826,0.0043580532073974,0,0,0,['cluster'],['touching']
figure_descending_markersize10_interleaved_100_200_5d_0_notcramped_notrotated_tsne.png,interleaved_100_200_5d_0_notcramped_notrotated_tsne,741,5,10,0.9668812722242855,1.1218657493591309,0.9763081333363682,1.0993828773498535,0.997901530994112,1.5185165405273438,0.9647141017513198,1.0847699642181396,0.9709381747924258,0.323127269744873,0.9270555669581292,1.086493730545044,0.936726894069424,1.0912718772888184,0.9549059670772432,1.514643669128418,0.9261156476151216,1.0998106002807615,0.932829813970968,1.0987896919250488,0.8903809013398762,0.3365590572357178,0.9002299955666566,1.079277276992798,0.9154623748693312,1.5219414234161377,0.8904870370295929,1.1032536029815674,0.8975999074392617,0.3242616653442383,1.0,0.9196434020996094,128,0.9209752082824708,0.0,0.1154389381408691,0.0304743758076516,0.0779359340667724,7.857174226711718,0.0073564052581787,-,15.0,0.0931174089068826,0.0040857791900634,0,0,24,['cluster'],['touching']
figure_descending_markersize60_interleaved_100_200_5d_0_notcramped_notrotated_tsne.png,interleaved_100_200_5d_0_notcramped_notrotated_tsne,741,5,60,0.7463088401297893,1.1509933471679688,0.8011619053788404,1.1618492603302002,1.0263472728423069,1.5972950458526611,0.7482501555916905,0.379014253616333,0.787245192374459,1.1850926876068115,0.4690633896681402,1.169844388961792,0.4903250903085997,1.1857593059539795,0.5501816031881837,0.8135607242584229,0.4727165452143839,1.1873764991760254,0.4865254369837579,1.1383821964263916,0.3420103432796892,1.1745340824127195,0.3532646003837573,1.1897931098937988,0.3758219793181868,0.824373722076416,0.3454931014389109,1.1808202266693115,0.3520470140330531,1.1616225242614746,1.0,1.1193439960479736,11109,0.1364679336547851,0.0,0.9267618656158448,0.0304743758076516,0.0783863067626953,7.857174226711718,0.007256269454956,-,15.0,0.0931174089068826,0.0040421485900878,0,0,1136,['cluster'],['touching']
figure_descending_markersize110_interleaved_100_200_5d_0_notcramped_notrotated_tsne.png,interleaved_100_200_5d_0_notcramped_notrotated_tsne,741,5,110,0.5421839446127328,1.2592895030975342,0.6230731679340605,1.254380702972412,1.065454210570442,0.8776671886444092,0.5449302068679147,1.23073410987854,0.601686463185723,1.2378911972045898,0.2753921284134182,1.248893976211548,0.2979572385979444,0.4474129676818847,0.3621367819389577,1.6959383487701416,0.2773858429185835,1.2507481575012207,0.2930329980224408,1.2806720733642578,0.184570660496192,0.4398951530456543,0.1957933930020745,1.255927324295044,0.2181401773794783,1.6908907890319824,0.1860438839480366,1.274616003036499,0.1936792869193282,0.4268598556518554,0.979757085020243,1.162306308746338,38525,1.007021188735962,0.0,0.1200993061065673,0.0304743758076516,0.0790691375732421,7.857174226711718,0.007293701171875,-,15.0,0.0931174089068826,0.0043940544128417,0,0,4724,['cluster'],['touching']
figure_descending_markersize160_interleaved_100_200_5d_0_notcramped_notrotated_tsne.png,interleaved_100_200_5d_0_notcramped_notrotated_tsne,741,5,160,0.437807806782567,0.4947462081909179,0.5239435240021261,1.4207053184509275,1.0968000058812029,0.976081132888794,0.4380632510735663,1.3786563873291016,0.4985066543072056,1.648759365081787,0.2082986426690652,0.5188655853271484,0.2296051035019659,1.42543363571167,0.2929161319610445,1.795652151107788,0.2094334144876274,1.3960025310516355,0.224615965311606,0.5216207504272461,0.1366588531088604,1.3805246353149414,0.1470154729258472,1.590233325958252,0.1690288525470904,1.8476994037628172,0.1376121698755931,0.4971439838409424,0.1449675537368864,1.3481862545013428,0.9230769230769232,1.233747959136963,65317,0.1717147827148437,0.0,1.0245723724365234,0.0304743758076516,0.0810286998748779,7.857174226711718,0.0075907707214355,-,15.0,0.0931174089068826,0.0041236877441406,0,0,9521,['cluster'],['touching']
figure_category_based_markersize10_bbdm13_tsne.png,bbdm13_tsne,200,5,10,0.9718508028241468,0.329075813293457,0.9786516874284712,1.2542636394500732,1.0151773041293126,1.696265697479248,0.9685407303181534,0.3256409168243408,0.973886589640747,1.2493677139282229,0.9484670404959232,1.3073465824127195,0.9548424494840324,0.3331313133239746,0.9865032220551928,1.6836752891540527,0.9525377493747782,1.253801345825195,0.9561970662514996,0.3111574649810791,0.9261821152856388,1.1787972450256348,0.9321641879141268,1.288931131362915,0.9594044657288958,1.6800456047058103,0.9370550000801248,0.3385686874389648,0.9391386981182668,1.261603832244873,1.0,1.2480897903442385,21,0.1481008529663086,0.0,1.0765550136566162,0.0300332194309449,0.024399995803833,13.129235521858442,0.0027332305908203,0.00903649774289168,3.941582202911377,0.495,0.0013930797576904,0,0,6,"['lip_cluster','linear']","['intersecting','separated']"
figure_category_based_markersize60_bbdm13_tsne.png,bbdm13_tsne,200,5,60,0.8828634683429839,0.3513476848602295,0.9039503802893428,1.2640659809112549,0.9746641145203176,0.7685360908508301,0.9013859205283368,1.2692666053771973,0.9042844753229696,1.241501808166504,0.7582152161446887,1.2780258655548096,0.7729782381243091,0.3410365581512451,0.834135830164559,1.6825990676879885,0.7748498444538658,1.2958948612213137,0.7770238191620435,0.333524227142334,0.664409655816504,1.3066396713256836,0.6751558277529501,1.3937244415283203,0.7290242124286137,0.7615106105804443,0.6794666741470321,1.240302801132202,0.6811631941043865,1.2887296676635742,1.0,0.1270475387573242,865,1.1142830848693848,0.0,0.1160423755645752,0.0300332194309449,0.0247864723205566,13.129235521858442,0.0027589797973632,0.01870399623485702,3.86112904548645,0.495,0.0011539459228515,0,0,133,"['lip_cluster','linear']","['intersecting','separated']"
figure_category_based_markersize110_bbdm13_tsne.png,bbdm13_tsne,200,5,110,0.7760493368672607,1.3291432857513428,0.812369044872034,0.3631048202514648,0.9118703536819814,1.754249095916748,0.8113132506269085,1.3321547508239746,0.8137935402735023,0.3457112312316894,0.5782573156688539,1.3203251361846924,0.5982236330311836,1.3963196277618408,0.6497830128041111,0.7901437282562256,0.5909535487654412,1.3374683856964111,0.5951064914961643,1.328831434249878,0.4608103800960047,0.3550107479095459,0.4734257352221075,1.307056188583374,0.5047182436368622,1.744908571243286,0.4647291018553638,0.362645149230957,0.4690585214774938,1.306563377380371,1.0,1.1606316566467283,3792,0.1258797645568847,0.0,1.129019021987915,0.0300332194309449,0.0247855186462402,13.129235521858442,0.0027096271514892,0.027415499458386013,4.256274938583374,0.495,0.0011618137359619,0,0,533,"['lip_cluster','linear']","['intersecting','separated']"
figure_category_based_markersize160_bbdm13_tsne.png,bbdm13_tsne,200,5,160,0.6723048282355544,0.3675730228424072,0.7164736045658338,1.3614745140075684,0.8381726006469822,0.7887887954711914,0.7201042776955402,1.3495333194732666,0.7239960596390933,1.362492561340332,0.4514014346186488,0.3712904453277588,0.4674464168262969,1.3447089195251465,0.5019045695919868,1.788346767425537,0.4626057892611382,0.3622889518737793,0.4657412002599972,1.351358413696289,0.3397632898375896,1.3488883972167969,0.3468801080993826,0.3624684810638428,0.3581983175785439,1.777303695678711,0.3407564087123231,0.3641531467437744,0.3432878374263589,1.3565289974212646,1.0,1.1910786628723145,8925,0.1290669441223144,0.0,1.1189332008361816,0.0300332194309449,0.0241856575012207,13.129235521858442,0.0025427341461181,0.03396602555692671,3.4976508617401123,0.495,0.0010848045349121,0,0,1192,"['lip_cluster','linear']","['intersecting','separated']"
figure_ascending_markersize10_bbdm13_tsne.png,bbdm13_tsne,200,5,10,0.9718518143841288,0.633275032043457,0.982311584737477,0.5903000831604004,1.0118687168294596,0.9931509494781494,0.981691967321605,0.6242456436157227,0.9847341633282184,0.522456169128418,0.9486351959262892,0.5229930877685547,0.9583739152694968,0.640162467956543,0.9816663283969742,0.9220657348632812,0.965344229969683,0.6050262451171875,0.966707710526472,0.6153430938720703,0.9265019429030812,0.5626897811889648,0.9355751525230144,0.5521399974822998,0.9532146540230988,1.0002431869506836,0.9495320394808288,0.7011733055114746,0.949329374524262,0.6604745388031006,1.0,0.3458154201507568,21,0.2248828411102295,0.0,0.3320467472076416,0.0300332194309449,0.0232646465301513,13.129235521858446,0.0027658939361572,0.00903649774289168,2.2369625568389893,0.495,0.0010442733764648,0,0,0,"['lip_cluster','linear']","['intersecting','separated']"
figure_ascending_markersize60_bbdm13_tsne.png,bbdm13_tsne,200,5,60,0.8985566890255259,0.5317788124084473,0.9119196366053396,0.6262457370758057,0.9085904194097156,1.027496576309204,0.9268700810847604,0.7319035530090332,0.9285201320290576,0.636650800704956,0.7714096373072129,0.6640853881835938,0.779375341683783,0.6415557861328125,0.7761330940327084,1.0419063568115234,0.7951827948203454,0.6227364540100098,0.7957480658654139,0.7650413513183594,0.6757850849588172,0.6661934852600098,0.6804712512460137,0.6741905212402344,0.6773820864185336,1.1452641487121582,0.6962599895346262,0.6940510272979736,0.6961966746174695,0.7126147747039795,1.0,0.4196996688842773,865,0.260033369064331,0.0,0.3897905349731445,0.0300332194309449,0.0231165885925292,13.129235521858446,0.0026309490203857,0.01870399623485702,2.5194928646087646,0.495,0.0011076927185058,0,0,0,"['lip_cluster','linear']","['intersecting','separated']"
figure_ascending_markersize110_bbdm13_tsne.png,bbdm13_tsne,200,5,110,0.802320667616778,0.6227538585662842,0.8233639670780208,0.7636632919311523,0.7935087581160561,1.0180518627166748,0.8440310386079753,0.7714285850524902,0.8479500761680401,0.7670853137969971,0.5960971974273245,0.6347775459289551,0.6053734605731363,0.7864673137664795,0.5736154541639024,1.1858501434326172,0.6115377343001491,0.6388649940490723,0.6152249229114608,0.8178684711456299,0.474209391018509,0.8610076904296875,0.4786484398019611,0.6559979915618896,0.4491493590814668,1.1880204677581787,0.4794660078296939,0.8152942657470703,0.4827352437059168,0.8253254890441895,1.0,0.4683868885040283,3792,0.4711513519287109,0.0,0.4726533889770508,0.0300332194309449,0.0231776237487792,13.129235521858446,0.0026602745056152,0.027415499458386013,2.640889406204224,0.495,0.0009927749633789,0,0,0,"['lip_cluster','linear']","['intersecting','separated']"
figure_ascending_markersize160_bbdm13_tsne.png,bbdm13_tsne,200,5,160,0.7072821653259868,0.8159539699554443,0.7286722468986704,0.8321058750152588,0.675026793523489,1.0867745876312256,0.7597193912359369,0.8936784267425537,0.7648670991512079,0.6759028434753418,0.4716766644114558,0.6901328563690186,0.4740499059578195,0.8581070899963379,0.4227051721791695,1.1310112476348877,0.4834535430171617,0.7201077938079834,0.4852250691651466,0.8696868419647217,0.353815734878408,0.7204065322875977,0.3512955470194916,0.7241969108581543,0.3076915994109657,1.3215575218200684,0.3545311433058448,0.7367167472839355,0.3553178050194068,0.7307255268096924,1.0,0.5542449951171875,8925,0.3364768028259277,0.0,0.5287778377532959,0.0300332194309449,0.0230343341827392,13.129235521858446,0.0024952888488769,0.033966025556926724,3.0690059661865234,0.495,0.0009880065917968,0,0,0,"['lip_cluster','linear']","['intersecting','separated']"
figure_descending_markersize10_bbdm13_tsne.png,bbdm13_tsne,200,5,10,0.964917014725564,0.5073568820953369,0.978651439248707,0.7203409671783447,1.015175498324201,1.1116116046905518,0.9685404910222468,0.7184762954711914,0.9738864980054618,0.9147703647613524,0.9418012775130904,0.7250683307647705,0.9547877892000648,0.717301607131958,0.9870754126193474,1.3333687782287598,0.9525017667076482,0.7190501689910889,0.9561804432702896,0.950464963912964,0.9197671589126074,0.5169885158538818,0.93206022937036,0.922476053237915,0.9604890493263052,1.1779592037200928,0.936985581714686,0.7439422607421875,0.9391067135226708,0.959585428237915,1.0,0.3408806324005127,21,0.591285228729248,0.0,0.3365459442138672,0.0300332194309449,0.0250070095062255,13.129235521858446,0.0025222301483154,0.00903649774289168,2.411792755126953,0.495,0.001002550125122,0,0,6,"['lip_cluster','linear']","['intersecting','separated']"
figure_descending_markersize60_bbdm13_tsne.png,bbdm13_tsne,200,5,60,0.8707976301745064,0.5534152984619141,0.9034321784004208,0.7730896472930908,0.9754907476342638,1.4137375354766846,0.8987566191192249,0.7915773391723633,0.9025082837027948,0.7897565364837646,0.7481871531025868,0.5561163425445557,0.7721618976026404,1.060129165649414,0.8397692796378198,1.238933563232422,0.7720328574688988,0.5674810409545898,0.7753348683143795,0.7977643013000488,0.6558428455498047,0.8177502155303955,0.6741995237640853,0.8241410255432129,0.7372013652398737,0.9651622772216796,0.6766288793423846,0.816880464553833,0.6795751948538433,1.0829920768737793,1.0,0.386934757232666,865,0.3838293552398681,0.0,0.6568138599395752,0.0300332194309449,0.022897720336914,13.129235521858446,0.0025603771209716,0.01870399623485702,2.475884437561035,0.495,0.0009770393371582,0,0,192,"['lip_cluster','linear']","['intersecting','separated']"
figure_descending_markersize110_bbdm13_tsne.png,bbdm13_tsne,200,5,110,0.7592885872952156,0.8238434791564941,0.8116709184524626,0.8349142074584961,0.9353668938314426,1.2446556091308594,0.8038268709492744,0.8390474319458008,0.8092320990723341,0.857994794845581,0.5660038983115199,0.8739364147186279,0.597034468962182,0.8755700588226318,0.6730419342203857,1.557931661605835,0.5844834876311391,0.6066687107086182,0.5915548897383289,0.8668398857116699,0.4511572086415516,0.8976418972015381,0.4721738641920622,0.8956348896026611,0.5256286428103776,1.014751672744751,0.4591841201642972,0.8869736194610596,0.4661611314852636,0.8841369152069092,1.0,0.7323043346405029,3792,0.4286098480224609,0.0,0.4056293964385986,0.0300332194309449,0.023047924041748,13.129235521858446,0.0024836063385009,0.027415499458386013,2.767496347427368,0.495,0.0009989738464355,0,0,788,"['lip_cluster','linear']","['intersecting','separated']"
figure_descending_markersize160_bbdm13_tsne.png,bbdm13_tsne,200,5,160,0.6502741574470585,0.6344048976898193,0.7155848076278648,0.6498570442199707,0.8927087244080346,1.336310625076294,0.7068246479442097,0.9380125999450684,0.7149786123124895,0.63547682762146,0.4374121909059189,0.9578115940093994,0.4660288324425663,0.967975616455078,0.5365575832412987,1.0591154098510742,0.4535153042488159,1.0105884075164795,0.4603356189087879,0.958472728729248,0.3295399601445733,0.986133337020874,0.3455279875754815,0.6682248115539551,0.383541539695768,1.3960790634155271,0.3338656875542606,0.648291826248169,0.3394418194325438,0.9502060413360596,1.0,0.8178591728210449,8925,0.4486074447631836,0.0,0.4532322883605957,0.0300332194309449,0.0229451656341552,13.129235521858446,0.0026676654815673,0.033966025556926724,3.206695079803467,0.495,0.0009989738464355,0,0,1911,"['lip_cluster','linear']","['intersecting','separated']"
figure_category_based_markersize10_swissroll_tsne.png,swissroll_tsne,1809,16,10,1.0,0.7162632942199707,1.0,1.0029168128967283,1.0,2.369196653366089,1.0,1.0341393947601318,1.0,0.7045469284057617,0.9519310757188676,1.0836234092712402,0.9577367164782986,0.7295386791229248,0.9902845684048838,2.401071786880493,0.9410081001002376,1.0682108402252195,0.9483540216738742,0.704791784286499,0.9082714444298544,1.0637338161468506,0.918900945298777,0.7534806728363037,0.9807560996076526,2.44531774520874,0.8885885720082538,0.7548220157623291,0.9017806764053256,0.7251784801483154,1.0,1.092583417892456,253,0.5368204116821289,0.0,0.533416748046875,0.0303752295435478,0.2073872089385986,5.787557510273483,0.0159928798675537,-,15.0,0.4378109452736318,0.020341157913208,0,0,0,['cluster'],['intersecting']
figure_category_based_markersize60_swissroll_tsne.png,swissroll_tsne,1809,16,60,0.6859118260131559,1.2514684200286863,0.6869734240654992,0.877800703048706,0.8658414345416956,2.2005577087402344,0.5719863411534578,1.231595516204834,0.5746926498487364,0.8636538982391357,0.2215714618067147,1.2505130767822266,0.2261478008225289,0.8728530406951904,0.2426159833840995,2.1957898139953613,0.2011730480970754,1.251075267791748,0.2044791730396518,1.2395858764648438,0.1321262304497135,0.8739323616027832,0.1353525509889875,0.8882818222045898,0.1410728914285004,2.617170572280884,0.1220495124779906,0.9129538536071776,0.1243643939622665,0.8908498287200928,0.871199557766722,0.8078663349151611,64151,1.0231661796569824,0.0,0.5729477405548096,0.0303752295435478,0.2078590393066406,5.787557510273483,0.0163800716400146,-,15.0,0.4378109452736318,0.0204746723175048,0,0,4966,['cluster'],['intersecting']
figure_category_based_markersize110_swissroll_tsne.png,swissroll_tsne,1809,16,110,0.3959014344256778,1.0090670585632324,0.4020973086024919,1.398132562637329,0.5405452367121872,2.3368725776672363,0.3312347080476416,1.4192368984222412,0.3333835851483684,1.006761074066162,0.144740983493863,1.0196356773376465,0.1451631974905931,1.0198974609375,0.1543840909100334,2.7903378009796143,0.1384790800243501,1.03430438041687,0.1381635577171279,1.0265240669250488,0.0885590146508832,1.0235698223114014,0.0885689654135094,1.4641315937042236,0.0900518077140561,2.377541303634644,0.0875380221446688,1.4906365871429443,0.0871380011646338,1.0420939922332764,0.1990049751243781,0.6895878314971924,105159,0.6864364147186279,0.0,0.62656569480896,0.0303752295435478,0.2073736190795898,5.787557510273483,0.0162785053253173,-,15.0,0.4378109452736318,0.0201747417449951,0,0,27994,['cluster'],['intersecting']
figure_category_based_markersize160_swissroll_tsne.png,swissroll_tsne,1809,16,160,0.2950209123337515,0.6627919673919678,0.3007862117898642,1.59849214553833,0.4051995812038412,2.529910087585449,0.2518783538088455,1.1693968772888184,0.2526865956537171,1.1435246467590332,0.1273252816877101,1.6305763721466064,0.1283672564597381,1.1515848636627195,0.1446988403399617,2.516830921173096,0.1216936346459279,1.170602560043335,0.1213030845384107,1.1553676128387451,0.0811806306400004,1.1678516864776611,0.081594841880906,1.6331887245178225,0.0880755312305124,2.4869539737701416,0.0802275711316844,1.1875596046447754,0.0798074698709641,1.1695959568023682,0.161967938087341,0.7593574523925781,111504,0.7652220726013184,0.0,0.6745414733886719,0.0303752295435478,0.2068915367126464,5.787557510273483,0.0162703990936279,-,15.0,0.4378109452736318,0.0202414989471435,0,0,59425,['cluster'],['intersecting']
figure_ascending_markersize10_swissroll_tsne.png,swissroll_tsne,1809,16,10,1.0,1.394820213317871,1.0,0.8999054431915283,1.0,2.2279226779937744,1.0,0.8933684825897217,1.0,0.8894710540771484,0.9526863206802374,0.9050378799438475,0.958011655993708,0.8959605693817139,0.973567375844855,2.2302379608154297,0.9415715735497422,1.406480312347412,0.9487234735451432,0.8779942989349365,0.909647548286597,0.8997302055358887,0.9194072673695118,0.9159743785858154,0.9484961340216526,2.2223353385925293,0.8895939961737153,0.9090673923492432,0.9024490223751634,0.9345860481262208,1.0,0.8774211406707764,253,0.6788923740386963,0.0,0.678518533706665,0.0303752295435478,0.2031702995300293,5.787557510273484,0.0156610012054443,-,15.0,0.4378109452736318,0.0199906826019287,0,0,0,['cluster'],['intersecting']
figure_ascending_markersize60_swissroll_tsne.png,swissroll_tsne,1809,16,60,0.7090875496507861,1.5909724235534668,0.7007093360869259,1.05497407913208,0.7018353731250517,2.384662389755249,0.5878430216817486,1.047527313232422,0.5941510656428364,1.033951759338379,0.2308454652801904,1.0519046783447266,0.2296786477973567,1.0780127048492432,0.1683295866737562,2.3986480236053467,0.2079898399656859,1.0621933937072754,0.2093608811081529,0.4888086318969726,0.1378636906156547,1.5995604991912842,0.1373495566109598,1.0606050491333008,0.0956332243569685,2.4112801551818848,0.1263468592469838,0.5067493915557861,0.1270678813379006,1.590752124786377,0.871199557766722,1.0195279121398926,64151,0.1868464946746826,0.0,0.7365610599517822,0.0303752295435478,0.203683853149414,5.787557510273484,0.0161623954772949,-,15.0,0.4378109452736318,0.019627571105957,0,0,0,['cluster'],['intersecting']
figure_ascending_markersize110_swissroll_tsne.png,swissroll_tsne,1809,16,110,0.4272396820487882,1.238840103149414,0.4170801594357227,1.193098545074463,0.2821298134087425,2.5107922554016118,0.3509813799444774,1.7496533393859863,0.3554750774991403,0.6056063175201416,0.1573993035741072,1.799201726913452,0.1484275670397395,0.6465075016021729,0.0704546764431115,3.1519742012023926,0.144964849965698,0.6184437274932861,0.1440219798028711,1.7731456756591797,0.0964698780269256,0.6189477443695068,0.0902774341173435,1.811760187149048,0.0402534739750982,1.9678337574005127,0.0913467755945717,1.8111040592193604,0.0903046041314871,0.5921950340270996,0.1990049751243781,0.848222017288208,105159,0.8660194873809814,0.0,0.8031885623931885,0.0303752295435478,0.2062723636627197,5.787557510273484,0.0161406993865966,-,15.0,0.4378109452736318,0.0202662944793701,0,0,0,['cluster'],['intersecting']
figure_ascending_markersize160_swissroll_tsne.png,swissroll_tsne,1809,16,160,0.3285765922648771,0.7057044506072998,0.3153545630982591,1.3790428638458252,0.1190192095111394,2.089622735977173,0.2721029909917185,1.954493761062622,0.2743054906068793,0.6770980358123779,0.1426447265739685,1.3693883419036863,0.1323341391681076,1.3685126304626465,0.0374804107872395,2.659867286682129,0.128512876610838,1.9540510177612305,0.1281488780526908,0.6766910552978516,0.0910961082125879,1.3564984798431396,0.0837364950620309,1.377511739730835,0.0222423871442833,2.647230386734009,0.0841215253628402,1.370539903640747,0.0836031133381307,1.3039910793304443,0.161967938087341,0.9102859497070312,111504,0.9077799320220948,0.0,0.831859827041626,0.0303752295435478,0.2065589427947998,5.787557510273484,0.0163459777832031,-,15.0,0.4378109452736318,0.0203742980957031,0,0,0,['cluster'],['intersecting']
figure_descending_markersize10_swissroll_tsne.png,swissroll_tsne,1809,16,10,1.0,1.0412042140960691,1.0,0.390244722366333,1.0,2.353872060775757,1.0,1.0728816986083984,1.0,0.3741683959960937,0.9510462830394476,1.0483434200286863,0.9573827093636692,1.0657556056976318,1.0065316352557454,2.40454649925232,0.94034187232196,1.0706689357757568,0.9479166400324076,1.041006088256836,0.9066618170677716,1.095139980316162,0.91824940748811,1.0902552604675293,1.0131491560024193,2.401533603668213,0.8874011794563117,0.3826580047607422,0.9009900508849475,1.060166597366333,1.0,1.0634865760803225,253,0.8937840461730957,0.0,0.1473951339721679,0.0303752295435478,0.1796605587005615,5.787557510273485,0.0161559581756591,-,15.0,0.4378109452736318,0.0200927257537841,0,0,0,['cluster'],['intersecting']
figure_descending_markersize60_swissroll_tsne.png,swissroll_tsne,1809,16,60,0.653824442251614,0.4874231815338135,0.6776632274380803,1.2206521034240725,1.0330222238396405,2.5631680488586426,0.5648091756570173,1.2150156497955322,0.5719054581828522,0.4899425506591797,0.2107159971589879,1.2078375816345217,0.2226212468050894,1.224529266357422,0.3382510657649071,2.5395283699035645,0.1949995698327445,1.2075929641723633,0.2018043132342766,1.1903064250946045,0.1255968080686508,1.220015525817871,0.1331875509455212,1.2607529163360596,0.202235331973225,2.5959560871124268,0.1178422138234268,0.4958143234252929,0.1225182369633829,1.2149012088775637,0.871199557766722,1.1841464042663574,64151,0.9497675895690918,0.0,0.147331953048706,0.0303752295435478,0.1788439750671386,5.787557510273485,0.0161762237548828,-,15.0,0.4378109452736318,0.0198540687561035,0,0,5321,['cluster'],['intersecting']
figure_descending_markersize110_swissroll_tsne.png,swissroll_tsne,1809,16,110,0.3470599372179014,1.3692872524261477,0.3922948654602534,0.6222631931304932,0.9676202172147716,2.6726033687591557,0.3202943410221394,1.3256666660308838,0.3290443806794355,1.3477516174316406,0.1291289257250407,1.3934326171875,0.1407142394740702,1.4059464931488037,0.2512167410852944,2.7274093627929688,0.1299079334436543,0.6102325916290283,0.1352193833025565,1.363788366317749,0.0793206987782931,1.402545928955078,0.0857331493062638,1.4056317806243896,0.1443461861835255,1.995716571807861,0.0814770794667704,1.3781390190124512,0.0850942512641386,1.3534588813781738,0.1990049751243781,1.0279171466827393,105159,1.0559134483337402,0.0,0.1516709327697754,0.0303752295435478,0.1821067333221435,5.787557510273485,0.0162105560302734,-,15.0,0.4378109452736318,0.0201098918914794,0,0,31897,['cluster'],['intersecting']
figure_descending_markersize160_swissroll_tsne.png,swissroll_tsne,1809,16,160,0.2460917586227035,0.7028043270111084,0.2915719558612905,1.596134901046753,0.8936150103522353,2.0449695587158203,0.2402335315298864,0.6953885555267334,0.2479493240966848,1.468580961227417,0.1088887674187943,1.4988176822662354,0.1232414415666632,1.534501552581787,0.2555424166095436,2.884105920791626,0.1122893224559183,0.697758674621582,0.1181745293967306,1.5110831260681152,0.0699112844109455,1.5191960334777832,0.0781334097826752,1.5611417293548584,0.1490881943899434,2.0516343116760254,0.0732680374496229,1.5046191215515137,0.0775732690374955,1.4988539218902588,0.161967938087341,0.2367806434631347,111504,1.0859270095825195,0.0,0.9984304904937744,0.0303752295435478,0.1795539855957031,5.787557510273485,0.0161957740783691,-,15.0,0.4378109452736318,0.0196566581726074,0,0,69271,['cluster'],['intersecting']
figure_category_based_markersize10_n100-d5-c3-spr0.2-out0_tsne.png,n100-d5-c3-spr0.2-out0_tsne,100,3,10,1.0,0.2902541160583496,1.0,1.1268327236175537,1.0,1.4117763042449951,1.0,1.24183988571167,1.0,0.3042271137237549,1.0,1.1289644241333008,1.0,1.1901323795318604,1.0,1.4242162704467771,1.0,0.3054084777832031,1.0,1.4473896026611328,1.0,1.1707191467285156,1.0,0.3130667209625244,1.0,1.4179964065551758,1.0,1.1502854824066162,1.0,0.2991006374359131,1.0,0.9807724952697754,0,0.9753174781799316,0.0,0.1142501831054687,0.0299575105074311,0.010866641998291,27.426891322671693,0.0019142627716064,0.004103049699311091,1.6239337921142578,0.18,0.0005679130554199,0,0,0,['cluster'],['intersecting']
figure_category_based_markersize60_n100-d5-c3-spr0.2-out0_tsne.png,n100-d5-c3-spr0.2-out0_tsne,100,3,60,1.0,1.494554042816162,1.0,0.3188369274139404,1.0,1.416060209274292,1.0,1.1775524616241455,1.0,1.2020177841186523,0.9359783591992996,0.3090031147003174,0.94550763668188,1.1757049560546875,0.9358219747259074,1.4474406242370603,0.935605766006006,0.3348252773284912,0.9410233559371236,1.3444361686706543,0.8796610175099018,1.2187285423278809,0.8966472110871407,1.200413703918457,0.8793847951191012,0.5536344051361084,0.8790030386535193,1.2203352451324463,0.888615779406416,1.1971149444580078,1.0,0.1170785427093505,114,1.036104679107666,0.0,1.0188584327697754,0.0299575105074311,0.0110571384429931,27.426891322671693,0.0017194747924804,0.012811768579763457,0.8011143207550049,0.18,0.0006191730499267,0,0,0,['cluster'],['intersecting']
figure_category_based_markersize110_n100-d5-c3-spr0.2-out0_tsne.png,n100-d5-c3-spr0.2-out0_tsne,100,3,110,0.9734483085648284,1.2563605308532717,0.9653589175347078,1.2483606338500977,0.9556309588324556,0.5781238079071045,0.9760230693368288,1.2468085289001465,0.9700005454821812,1.286082744598389,0.8656868183076492,0.3267178535461426,0.8690354567889043,1.289600133895874,0.8391591402596313,1.4862263202667236,0.8655969817222093,0.321364164352417,0.8667034300777607,1.1981711387634275,0.779405967229101,1.273751974105835,0.7901903102354768,0.3341667652130127,0.7479940083358108,1.5001683235168457,0.7776181862755689,1.2440149784088137,0.7832895109938456,1.323084592819214,1.0,0.124570608139038,512,1.1223819255828855,0.0,0.1120202541351318,0.0299575105074311,0.0115582942962646,27.426891322671693,0.0018212795257568,0.018612712881471115,1.8581821918487549,0.18,0.0006299018859863,0,0,20,['cluster'],['intersecting']
figure_category_based_markersize160_n100-d5-c3-spr0.2-out0_tsne.png,n100-d5-c3-spr0.2-out0_tsne,100,3,160,0.9443356873880892,1.2739577293395996,0.9281040179457456,0.3272068500518799,0.9088153392053314,1.4928855895996094,0.9494865568056124,1.2521286010742188,0.9372620365765254,1.2773582935333252,0.8126363925497695,0.3324785232543945,0.8096202117174667,1.2873451709747314,0.7689464214119699,1.51469087600708,0.8141486571049035,0.3391115665435791,0.8106049869028625,1.236405849456787,0.7131752768550734,1.318401575088501,0.7179634180228374,0.327815294265747,0.6663877121663666,1.5347905158996582,0.7125790726104846,0.3359694480895996,0.7141043813410884,1.2582111358642578,1.0,1.0945112705230713,1105,0.1200041770935058,0.0,1.096163272857666,0.0299575105074311,0.0114853382110595,27.426891322671693,0.0018949508666992,0.02154527267054381,1.9917705059051516,0.18,0.0005669593811035,0,0,65,['cluster'],['intersecting']
figure_ascending_markersize10_n100-d5-c3-spr0.2-out0_tsne.png,n100-d5-c3-spr0.2-out0_tsne,100,3,10,1.0,0.3106603622436523,1.0,1.2721195220947266,1.0,1.554584503173828,1.0,0.309861421585083,1.0,1.3049850463867188,1.0,0.3122293949127197,1.0,1.2973899841308594,1.0,1.559128761291504,1.0,0.3090903759002685,1.0,1.2839515209197998,1.0,1.3129048347473145,1.0,0.3098769187927246,1.0,1.558614730834961,1.0,1.3021092414855957,1.0,0.3104050159454345,1.0,1.1119725704193115,0,1.1411054134368896,0.0,0.1132137775421142,0.0299575105074311,0.0116522312164306,27.426891322671693,0.0019011497497558,0.004103049699311091,1.6366395950317385,0.18,0.0005362033843994,0,0,0,['cluster'],['intersecting']
figure_ascending_markersize60_n100-d5-c3-spr0.2-out0_tsne.png,n100-d5-c3-spr0.2-out0_tsne,100,3,60,1.0,0.3126132488250732,1.0,1.2827355861663818,1.0,1.5606706142425537,1.0,0.3074345588684082,1.0,1.2971360683441162,0.9370136827948734,0.3083858489990234,0.9457169323321072,1.3138108253479004,0.9347571704850768,1.6103742122650146,0.936939135879441,0.3119921684265136,0.941683574394466,1.2926044464111328,0.8814917629970359,1.3223791122436523,0.8970237323682557,0.3112602233886719,0.8775061841164751,1.6261000633239746,0.8813598237900939,0.3066613674163818,0.8897939705090238,1.322916030883789,1.0,1.1483845710754397,114,0.1151747703552246,0.0,1.1595525741577148,0.0299575105074311,0.0114820003509521,27.426891322671693,0.0018160343170166,0.012811768579763457,0.7031991481781006,0.18,0.0005128383636474,0,0,0,['cluster'],['intersecting']
figure_ascending_markersize110_n100-d5-c3-spr0.2-out0_tsne.png,n100-d5-c3-spr0.2-out0_tsne,100,3,110,0.973464904361589,1.3530733585357666,0.965704994434332,0.3213121891021728,0.955595251971366,1.5864441394805908,0.9760410391735738,1.3271145820617676,0.971635228293424,0.3272912502288818,0.8681745007196442,1.3281705379486084,0.8696809194590884,0.315593957901001,0.8360915115524511,0.5438792705535889,0.8685731410890937,1.3212580680847168,0.869387545237962,0.3114237785339355,0.7834375423619697,1.3063688278198242,0.791025913939537,1.3727214336395264,0.7431548948592503,0.5605974197387695,0.7824236626715955,1.3714768886566162,0.7866104926948674,1.3823802471160889,1.0,0.1219604015350341,512,1.191941499710083,0.0,0.112725019454956,0.0299575105074311,0.011791706085205,27.426891322671693,0.0018084049224853,0.018612712881471115,1.824339866638184,0.18,0.0005404949188232,0,0,0,['cluster'],['intersecting']
figure_ascending_markersize160_n100-d5-c3-spr0.2-out0_tsne.png,n100-d5-c3-spr0.2-out0_tsne,100,3,160,0.9443866382673752,0.3238346576690674,0.9288232194029789,1.3373064994812012,0.908707727598862,1.608999252319336,0.949540311650202,0.3260836601257324,0.940692561243082,1.3737800121307373,0.8159980915010296,0.3292303085327148,0.8106161492602613,1.378159999847412,0.7648976081281227,1.612128496170044,0.8180511306964077,0.3347477912902832,0.8149449497078741,1.379103422164917,0.7183403430803893,0.3314337730407715,0.7190996373014694,1.3980400562286377,0.6603863005868325,1.6692173480987549,0.7185488748472233,0.3323640823364258,0.7188520008728081,1.4199862480163574,1.0,1.2321510314941406,1105,0.1205382347106933,0.0,1.269625902175903,0.0299575105074311,0.011716604232788,27.426891322671693,0.0017471313476562,0.02154527267054381,0.8609225749969482,0.18,0.0005257129669189,0,0,0,['cluster'],['intersecting']
figure_descending_markersize10_n100-d5-c3-spr0.2-out0_tsne.png,n100-d5-c3-spr0.2-out0_tsne,100,3,10,1.0,1.3672542572021484,1.0,0.3072497844696045,1.0,1.6172916889190674,1.0,0.3032929897308349,1.0,1.4004337787628174,1.0,0.3057882785797119,1.0,1.3731193542480469,1.0,1.656023025512695,1.0,0.3089654445648193,1.0,1.3854897022247314,1.0,0.3059227466583252,1.0,1.403433322906494,1.0,1.6374547481536863,1.0,0.314753770828247,1.0,1.3588805198669434,1.0,0.1064150333404541,0,1.2229835987091064,0.0,0.1070337295532226,0.0299575105074312,0.0111787319183349,27.426891322671693,0.0017166137695312,0.004103049699311091,1.695802927017212,0.18,0.0005388259887695,0,0,0,['cluster'],['intersecting']
figure_descending_markersize60_n100-d5-c3-spr0.2-out0_tsne.png,n100-d5-c3-spr0.2-out0_tsne,100,3,60,1.0,0.6767961978912354,1.0,0.5886838436126709,1.0,0.8109614849090576,1.0,0.581646203994751,1.0,0.5145974159240723,0.9348224600805056,0.5251202583312988,0.94550763668188,0.6448042392730713,0.9384897504961311,0.7900800704956055,0.934880162413081,0.6097846031188965,0.9406901264316598,0.6184525489807129,0.8776212650439088,0.5829892158508301,0.8966472110871407,0.6600058078765869,0.8841080441142842,0.8350381851196289,0.8777229842334903,0.6679143905639648,0.8880216732644022,0.6504361629486084,1.0,0.3576104640960693,114,0.3003880977630615,0.0,0.2072389125823974,0.0299575105074312,0.0116946697235107,27.426891322671693,0.0017693042755126,0.012811768579763457,1.0334081649780271,0.18,0.0017297267913818,0,0,0,['cluster'],['intersecting']
figure_descending_markersize110_n100-d5-c3-spr0.2-out0_tsne.png,n100-d5-c3-spr0.2-out0_tsne,100,3,110,0.9517054638301417,0.5521328449249268,0.9615380835695048,0.6430654525756836,0.9757952708489366,0.9026491641998292,0.948360717338556,0.7238805294036865,0.9545074691750686,0.687586784362793,0.846847802790969,0.7537727355957031,0.8658983916413432,0.6471254825592041,0.8583141481086545,0.9159631729125975,0.8426809788361165,0.6551671028137207,0.85378642218805,0.6675083637237549,0.7628031510643557,0.6762700080871582,0.7875631699434744,0.6802258491516113,0.7660815613858849,0.8969097137451172,0.7581924708373168,0.6792175769805908,0.7722929247806396,0.6709108352661133,1.0,0.3777518272399902,512,0.4089095592498779,0.0,0.2632582187652588,0.0299575105074312,0.0115063190460205,27.426891322671693,0.0017821788787841,0.018612712881471115,1.024301528930664,0.18,0.0005161762237548,0,0,70,['cluster'],['intersecting']
figure_descending_markersize160_n100-d5-c3-spr0.2-out0_tsne.png,n100-d5-c3-spr0.2-out0_tsne,100,3,160,0.9010432995158568,0.7324123382568359,0.92054559250656,0.6431739330291748,0.949093072986326,1.1112854480743408,0.8949671069725724,0.5990450382232666,0.9067555768498065,0.8893921375274658,0.7783728520900466,0.6122784614562988,0.8037645293002752,0.7583186626434326,0.8020497686206276,0.9912033081054688,0.7722108617196823,0.603391170501709,0.786941416985526,0.7492833137512207,0.6851013234862309,0.7829272747039795,0.7132776264695732,0.7873694896697998,0.6944572731241969,1.2072522640228271,0.6790679602416718,0.6508986949920654,0.6950950266561875,0.7605085372924805,1.0,0.3008122444152832,1105,0.476485013961792,0.0,0.4859340190887451,0.0299575105074312,0.0115976333618164,27.426891322671693,0.0019011497497558,0.02154527267054381,1.2263083457946775,0.18,0.0005073547363281,0,0,220,['cluster'],['intersecting']
figure_category_based_markersize10_n500-d10-c5-spr0.2-out0_tsne.png,n500-d10-c5-spr0.2-out0_tsne,500,5,10,0.9433390044930384,0.6990764141082764,0.9420361365835698,0.7083020210266113,1.0027678118417656,1.095343828201294,0.93394180024387,0.8534035682678223,0.9496897390327532,0.8520300388336182,0.8864515661964708,0.8681468963623047,0.8937438331652917,0.6902987957000732,0.9451794341074032,1.088564395904541,0.8837669999200181,0.8435235023498535,0.8998176956370404,0.8665692806243896,0.8360350238840568,0.6737244129180908,0.8501613744313463,0.8439562320709229,0.8938463530038857,1.3232226371765137,0.8387084847723048,0.727524995803833,0.8549222745095802,0.92923903465271,0.996,0.3491709232330322,116,0.5517892837524414,0.0,0.3340225219726562,0.0304781044076876,0.0575850009918212,11.227011992744115,0.0053138732910156,0.007917128102433118,14.576762199401855,0.288,0.0027475357055664,0,0,15,['cluster'],['intersecting']
figure_category_based_markersize60_n500-d10-c5-spr0.2-out0_tsne.png,n500-d10-c5-spr0.2-out0_tsne,500,5,60,0.7230126745505571,0.7745823860168457,0.7257538682541863,0.7835521697998047,0.8910492107295442,1.408174753189087,0.7019399099754265,0.7439758777618408,0.7335201438001525,0.7996156215667725,0.6030859226951082,1.0070934295654297,0.6037019169327005,0.8045244216918945,0.6788200393163688,1.2411885261535645,0.5913316559506328,0.8226790428161621,0.6102999550255952,0.8153471946716309,0.5172836295138055,0.8072001934051514,0.5167916890517014,0.7857356071472168,0.5482406526315937,1.45808744430542,0.5108365358923994,0.8342580795288086,0.5225239127312431,0.5962114334106445,0.996,0.6944859027862549,3990,0.3828120231628418,0.0,0.6307718753814697,0.0304781044076876,0.0576827526092529,11.227011992744115,0.005263328552246,-,15.0,0.288,0.0029051303863525,0,0,587,['cluster'],['intersecting']
figure_category_based_markersize110_n500-d10-c5-spr0.2-out0_tsne.png,n500-d10-c5-spr0.2-out0_tsne,500,5,110,0.5872492797330051,0.6295697689056396,0.5917558959116872,1.1228046417236328,0.7777091493803427,1.0586299896240234,0.5699055954998005,1.123725175857544,0.5990708971833982,0.6407463550567627,0.4454190247552083,1.141551494598389,0.4418692708577753,0.6623020172119141,0.4919233711103398,1.5612807273864746,0.4358493922960768,0.6566414833068848,0.4469993797830702,1.153602123260498,0.3587701876320321,0.6562423706054688,0.3525670910991663,1.1559813022613523,0.3597321402855885,1.0635781288146973,0.3528501232910265,0.8913729190826416,0.3565027274294841,0.915238618850708,0.996,0.8088552951812744,14667,0.4233081340789795,0.0,0.381166934967041,0.0304781044076876,0.0579972267150878,11.227011992744115,0.0052473545074462,-,15.0,0.288,0.0027246475219726,0,0,2096,['cluster'],['intersecting']
figure_category_based_markersize160_n500-d10-c5-spr0.2-out0_tsne.png,n500-d10-c5-spr0.2-out0_tsne,500,5,160,0.4908728510617859,0.9707157611846924,0.4966066110202735,0.9780604839324952,0.6947383158249325,1.4030051231384275,0.4769572014178987,0.992018461227417,0.5039665276504086,1.2787413597106934,0.3518855418171071,0.7436633110046387,0.3467537677162341,0.9967107772827148,0.3860127908434102,1.4235258102416992,0.344115813554892,1.0129859447479248,0.3512345588383186,1.0048749446868896,0.2742371561889766,1.0182156562805176,0.2663743445813513,0.7411456108093262,0.2672521572694738,1.425964117050171,0.2691520090106116,1.0194838047027588,0.2695460123056268,1.0341134071350098,0.996,0.5814108848571777,29868,0.4794259071350097,0.0,0.4435179233551025,0.0304781044076876,0.0574774742126464,11.227011992744115,0.0051558017730712,-,15.0,0.288,0.0026845932006835,0,0,4526,['cluster'],['intersecting']
figure_ascending_markersize10_n500-d10-c5-spr0.2-out0_tsne.png,n500-d10-c5-spr0.2-out0_tsne,500,5,10,0.9767433563418106,0.9632630348205566,0.978555085243836,0.6435785293579102,0.9748716800231404,1.3586416244506836,0.9774557027766752,0.9682090282440186,0.9778673011276604,0.6354427337646484,0.9165121783520978,0.6573560237884521,0.9269496262590018,0.9557123184204102,0.9197968328637248,1.367889642715454,0.923242186696852,0.9743597507476808,0.9253972047881772,0.6504456996917725,0.8632778834717026,0.95927095413208,0.880514474780032,0.9742097854614258,0.8706120755479646,1.4028637409210205,0.874726437443871,0.6403706073760986,0.878271204502361,0.9889202117919922,0.996,0.4776253700256347,116,0.8337612152099609,0.0,0.4951951503753662,0.0304781044076876,0.0573084354400634,11.227011992744115,0.0052835941314697,0.007917128102433118,11.95172929763794,0.288,0.0026848316192626,0,0,0,['cluster'],['intersecting']
figure_ascending_markersize60_n500-d10-c5-spr0.2-out0_tsne.png,n500-d10-c5-spr0.2-out0_tsne,500,5,60,0.8184540866363985,0.7304027080535889,0.8062284315110149,1.0421206951141355,0.7837003494413908,1.4756102561950684,0.8281516535286639,0.7182197570800781,0.8113296224741173,1.044776201248169,0.6719886579985146,0.6957488059997559,0.6605774905611985,1.0634031295776367,0.6104037418732873,1.1204705238342283,0.6831020163741934,1.0938212871551514,0.6655061592269271,0.7102899551391602,0.5699872938686062,1.0787465572357178,0.5594998373899019,0.7195789813995361,0.4998695369954948,1.5105795860290527,0.5812898829921919,0.732614278793335,0.564115468021382,1.093390941619873,0.996,0.5854759216308594,3990,0.5214426517486572,0.0,0.5015716552734375,0.0304781044076876,0.0567610263824462,11.227011992744115,0.0052287578582763,0.015163511677543966,14.38871717453003,0.288,0.002640962600708,0,0,0,['cluster'],['intersecting']
figure_ascending_markersize110_n500-d10-c5-spr0.2-out0_tsne.png,n500-d10-c5-spr0.2-out0_tsne,500,5,110,0.7013680781156841,0.7733612060546875,0.677196233890308,1.155430555343628,0.6413197595447402,1.2056314945220947,0.7173616738710795,0.7598121166229248,0.6854415599328849,1.1415889263153076,0.5153809570989394,0.7757318019866943,0.4910836090475375,1.1620686054229736,0.4266565803877018,1.2442681789398191,0.5251967686743775,0.7897605895996094,0.4971260861874687,1.1526243686676023,0.4073585771868062,1.1959826946258545,0.3852155195769556,0.7886474132537842,0.3196597539168272,1.1876862049102783,0.4142331205692645,1.1865460872650146,0.389983561637495,0.8004825115203857,0.996,0.6551127433776855,14667,0.5742416381835938,0.0,0.5442736148834229,0.0304781044076876,0.0584461688995361,11.227011992744115,0.0053112506866455,-,15.0,0.288,0.0026185512542724,0,0,0,['cluster'],['intersecting']
figure_ascending_markersize160_n500-d10-c5-spr0.2-out0_tsne.png,n500-d10-c5-spr0.2-out0_tsne,500,5,160,0.6173241681598552,0.83587646484375,0.5846131031144018,0.8416152000427246,0.5370647183043464,1.675534725189209,0.6331805339092942,0.8547875881195068,0.5930807527211279,0.8466129302978516,0.422630038162721,1.2593913078308103,0.3923122843550746,0.8755629062652588,0.3241580254922452,1.263073205947876,0.4296486375578376,1.2347924709320068,0.3978371323571364,0.8480334281921387,0.3212978541743799,0.849313497543335,0.2952076098643941,1.2552378177642822,0.2321339667973886,1.2532262802124023,0.3251357860638995,1.3001601696014404,0.2993051515017734,0.872532844543457,0.996,0.7190799713134766,29868,0.6160328388214111,0.0,0.5884521007537842,0.0304781044076876,0.0580003261566162,11.227011992744115,0.0052323341369628,-,15.0,0.288,0.0026607513427734,0,0,0,['cluster'],['intersecting']
figure_descending_markersize10_n500-d10-c5-spr0.2-out0_tsne.png,n500-d10-c5-spr0.2-out0_tsne,500,5,10,0.9379858165895414,1.2139105796813965,0.9397148035685846,0.7857563495635986,1.009680936442016,1.2175061702728271,0.9274578063162868,0.7884833812713623,0.945781528822607,1.2088639736175537,0.8813763587229598,0.7715883255004883,0.8915847473215781,0.7885556221008301,0.9521614898871726,1.2054874897003174,0.8776741661967473,1.2346177101135254,0.8961729073972143,0.7899410724639893,0.8312109908339839,0.7731542587280273,0.8481447034612788,0.7863545417785645,0.900842353573382,1.6475164890289309,0.8329627850007132,0.7997729778289795,0.8515091115140774,0.7879030704498291,0.996,0.6006996631622314,116,0.6094183921813965,0.0,0.5955338478088379,0.0304781044076876,0.0579586029052734,11.227011992744115,0.0052511692047119,0.007917128102433117,12.606224298477173,0.288,0.0027275085449218,0,0,19,['cluster'],['intersecting']
figure_descending_markersize60_n500-d10-c5-spr0.2-out0_tsne.png,n500-d10-c5-spr0.2-out0_tsne,500,5,60,0.6566208231425729,0.3720452785491943,0.6926639476745589,1.3206989765167236,0.9988768928778912,1.2532613277435305,0.6311571317779545,0.837383508682251,0.6884655711725602,0.8361186981201172,0.5535076382768094,1.3300743103027344,0.5797382528353455,0.870206356048584,0.7452838374065124,1.2529313564300537,0.5377799224671044,0.8560500144958496,0.5774555605866858,0.8468868732452393,0.4783840623559803,0.8675625324249268,0.4984718839902602,0.8515512943267822,0.5943829668742879,1.2466490268707275,0.4684714224615411,1.350290298461914,0.497273814756995,0.8695845603942871,0.996,0.7269940376281738,3990,0.6743745803833008,0.0,0.1198914051055908,0.0304781044076876,0.0579302310943603,11.227011992744115,0.0053162574768066,0.015163511677543963,14.641372919082642,0.288,0.0027809143066406,0,0,1197,['cluster'],['intersecting']
figure_descending_markersize110_n500-d10-c5-spr0.2-out0_tsne.png,n500-d10-c5-spr0.2-out0_tsne,500,5,110,0.4989878852085332,0.39849853515625,0.5490281979640932,1.4565176963806152,0.9542593725060016,1.3156349658966064,0.4781065021533875,0.926011323928833,0.5390101483111591,0.920724630355835,0.3875502235731037,0.9113497734069824,0.4159255117975825,0.917532444000244,0.5674880649521423,1.8596842288970947,0.3757076420255468,0.939133882522583,0.4102539006214653,0.938939094543457,0.3168000872058282,0.9515798091888428,0.3347668893786708,0.9534502029418944,0.4038168647578584,1.3648958206176758,0.3094342933461301,0.97536039352417,0.3311502602459766,0.4018306732177734,0.996,0.8153741359710693,14667,0.7318069934844971,0.0,0.7205567359924316,0.0304781044076876,0.0589785575866699,11.227011992744115,0.0054931640625,-,15.0,0.288,0.00266695022583,0,0,4385,['cluster'],['intersecting']
figure_descending_markersize160_n500-d10-c5-spr0.2-out0_tsne.png,n500-d10-c5-spr0.2-out0_tsne,500,5,160,0.4019698751905224,0.99708890914917,0.4548849060737875,1.0041110515594482,0.9014474851296502,0.872189998626709,0.3849936031310793,1.5296218395233154,0.4432089539233846,0.9964756965637208,0.2973435969917615,0.9989941120147704,0.323348336468502,1.0140912532806396,0.4542717501160226,1.4293603897094729,0.2879766053638372,1.035733699798584,0.3171111452077182,1.0003232955932615,0.235933825734428,0.444737434387207,0.2508200735541908,1.6195461750030518,0.3036445766253678,1.43709397315979,0.2300139264776626,1.0147206783294678,0.2468730536300967,1.010673761367798,0.996,0.9357495307922364,29868,0.1545596122741699,0.0,0.7393813133239746,0.0304781044076876,0.0584754943847656,11.227011992744115,0.0054516792297363,-,15.0,0.288,0.0027351379394531,0,0,9182,['cluster'],['intersecting']
figure_category_based_markersize10_n500-d5-c3-spr0.1-out0_pca.png,n500-d5-c3-spr0.1-out0_pca,500,3,10,0.9923760620094814,0.9222919940948486,0.9944989951142478,0.9477860927581788,0.9999434701281048,1.1626567840576172,0.993053951684644,0.9312417507171632,0.9945903524848528,0.9261162281036376,0.888807454844069,0.9172396659851074,0.8674815918524833,0.3208217620849609,0.8229356937595046,1.7596211433410645,0.8924252464334214,0.9346883296966552,0.8762124461230545,0.3179390430450439,0.8048136614295355,1.490163803100586,0.7692349150013597,0.3097143173217773,0.6991701446933828,1.7760260105133057,0.8103140448772972,0.3184163570404053,0.7830164415867842,0.9410402774810792,0.992,0.7571372985839844,257,0.1176018714904785,0.0,0.7366816997528076,0.0307528810537754,0.0651838779449462,9.668527580951087,0.0053660869598388,-,15.0,0.022,0.0019738674163818,0,0,0,['cluster'],['touching']
figure_category_based_markersize60_n500-d5-c3-spr0.1-out0_pca.png,n500-d5-c3-spr0.1-out0_pca,500,3,60,0.9453299634048812,0.9951157569885254,0.9573708875303988,0.9816086292266846,0.9914506435130752,1.245744705200195,0.9466472413315422,0.9876487255096436,0.957151780911107,0.9982187747955322,0.587333156560125,1.0257601737976074,0.5390017452497677,0.3616931438446045,0.4611140080366909,1.2093806266784668,0.5909627255204382,1.5874576568603516,0.5543890236410505,0.3542854785919189,0.4260049314348934,0.9749834537506104,0.3750887290101513,0.9900104999542236,0.3004176643561214,0.6099443435668945,0.4295627675325265,1.6146693229675293,0.3901969031122374,0.3464870452880859,0.984,0.8203704357147217,7471,0.7729146480560303,0.0,0.7929809093475342,0.0307528810537754,0.0643110275268554,9.668527580951087,0.0053236484527587,-,15.0,0.022,0.0019292831420898,0,0,46,['cluster'],['touching']
figure_category_based_markersize110_n500-d5-c3-spr0.1-out0_pca.png,n500-d5-c3-spr0.1-out0_pca,500,3,110,0.840708058303402,1.0310001373291016,0.8667835027801919,1.0470056533813477,0.9656221140204624,0.6387755870819092,0.838951282010844,1.029513597488403,0.8660872909295242,1.0029799938201904,0.4381727123824932,1.6876180171966553,0.4000286506941301,0.3973774909973144,0.3351359838209087,1.308654546737671,0.4392568764516434,1.0645201206207275,0.4119638900006543,1.0495970249176023,0.2963018576868833,1.0476572513580322,0.2600136949910798,1.0386922359466553,0.2027523624123726,1.3028793334960938,0.2975145542662241,1.7041733264923096,0.2702573851672221,0.3950710296630859,0.952,0.8742814064025879,20963,0.8239643573760986,0.0,0.8169827461242676,0.0307528810537754,0.0644319057464599,9.668527580951087,0.0053963661193847,-,15.0,0.022,0.0020270347595214,0,0,410,['cluster'],['touching']
figure_category_based_markersize160_n500-d5-c3-spr0.1-out0_pca.png,n500-d5-c3-spr0.1-out0_pca,500,3,160,0.7811305543490643,0.4092538356781006,0.8113073398890862,1.081352949142456,0.9492007575664329,1.3524467945098877,0.7779881792279448,1.7696726322174072,0.8112705407742525,0.4123213291168213,0.3707871194467627,1.1037497520446775,0.3393466400646918,1.0936310291290283,0.2808368049320059,1.3703010082244873,0.3709236787414249,1.1208069324493408,0.3490353532913287,1.1076021194458008,0.2430880999264851,1.1045799255371094,0.2145416322475025,1.1204962730407717,0.1647974305528061,1.3544111251831057,0.2435117378293253,1.1228339672088623,0.2223485089474192,0.4196982383728027,0.862,0.9059731960296632,34410,0.857567548751831,0.0,0.8393161296844482,0.0307528810537754,0.0637993812561035,9.668527580951087,0.0054020881652832,-,15.0,0.022,0.0019114017486572,0,0,875,['cluster'],['touching']
figure_ascending_markersize10_n500-d5-c3-spr0.1-out0_pca.png,n500-d5-c3-spr0.1-out0_pca,500,3,10,0.992379169967317,1.0127906799316406,0.9947394068162696,1.029076099395752,0.9999434547352009,1.2908589839935305,0.9930562845524852,1.0234687328338623,0.994591035054916,1.030292272567749,0.8903866965363033,1.0162062644958496,0.8680127842642773,1.0467610359191897,0.8220076346333094,0.5867712497711182,0.8937257904161244,1.040616750717163,0.8766817060111718,1.0396015644073486,0.8074050677289194,1.0424683094024658,0.7699265956494267,1.032854080200195,0.6978314090021018,1.274427890777588,0.8124594970882285,1.0431981086730957,0.7837658247436171,1.058304786682129,0.992,0.1311328411102295,257,0.8622336387634277,0.0,0.8668849468231201,0.0307528810537754,0.0648479461669921,9.668527580951087,0.0052833557128906,0.013013019532556982,12.335527658462524,0.022,0.0019266605377197,0,0,0,['cluster'],['touching']
figure_ascending_markersize60_n500-d5-c3-spr0.1-out0_pca.png,n500-d5-c3-spr0.1-out0_pca,500,3,60,0.948267956106205,0.3488435745239258,0.9604018839866,1.1167073249816897,0.9894427944177896,1.344848394393921,0.9491852386593236,1.105238437652588,0.9585982277113884,0.3621103763580322,0.596718148718488,1.0793828964233398,0.5419253216101318,1.0718860626220703,0.4553184226598212,1.332392692565918,0.5996364889743796,1.0732557773590088,0.5574927614005538,1.0819618701934814,0.4353292554917507,1.087857961654663,0.3774561138635537,0.3433465957641601,0.2956952226774763,0.6126811504364014,0.4382468688769797,1.0944106578826904,0.393035317466573,1.1035854816436768,0.984,0.959275484085083,7471,0.9207439422607422,0.0,0.1172113418579101,0.0307528810537754,0.0641591548919677,9.668527580951087,0.0053439140319824,0.025576736500404682,14.426592588424684,0.022,0.0018846988677978,0,0,0,['cluster'],['touching']
figure_ascending_markersize110_n500-d5-c3-spr0.1-out0_pca.png,n500-d5-c3-spr0.1-out0_pca,500,3,110,0.8568798877380088,1.1720364093780518,0.8810021143440986,1.170811653137207,0.944046642292474,1.4161159992218018,0.8548319309442856,1.1693487167358398,0.8760513198162305,0.3921012878417969,0.45130960743351,1.2101211547851562,0.4047663003719293,1.251948595046997,0.3251076474091914,1.458768367767334,0.4528756782291046,1.2218246459960938,0.4175697711757299,1.1881935596466064,0.3063234775851298,0.4042251110076904,0.2627394644690564,1.3600847721099854,0.1963657090764025,1.487149953842163,0.3080332831989619,1.2106754779815674,0.2741128059115491,0.4027588367462158,0.952,1.0106124877929688,20963,0.9975526332855223,0.0,0.9769515991210938,0.0307528810537754,0.0680353641510009,9.668527580951087,0.0055961608886718,-,15.0,0.022,0.0018994808197021,0,0,0,['cluster'],['touching']
figure_ascending_markersize160_n500-d5-c3-spr0.1-out0_pca.png,n500-d5-c3-spr0.1-out0_pca,500,3,160,0.8056580765930494,0.4332509040832519,0.8327532220874736,1.4972903728485107,0.9097105901100796,1.5458998680114746,0.8023762866223703,0.4548666477203369,0.8269382219694893,1.2512640953063965,0.3852828131369965,1.279040813446045,0.3446521829284268,1.2977218627929688,0.2683161522826753,0.679926872253418,0.386561605439001,1.2383203506469729,0.3559119022948191,1.2692062854766846,0.2531792570696988,1.3176116943359375,0.2172913577628673,1.3323099613189695,0.157365259497424,0.7200701236724854,0.2546134996236319,1.3178205490112305,0.2267528474149511,1.3120150566101074,0.862,1.1146268844604492,34410,0.1541600227355957,0.0,1.0068209171295166,0.0307528810537754,0.0671463012695312,9.668527580951087,0.005603551864624,-,15.0,0.022,0.0019373893737792,0,0,0,['cluster'],['touching']
figure_descending_markersize10_n500-d5-c3-spr0.1-out0_pca.png,n500-d5-c3-spr0.1-out0_pca,500,3,10,0.9922604674079024,1.1490235328674316,0.994498615721846,1.1710679531097412,1.000307559256269,1.4362266063690186,0.992088401839054,0.3435509204864502,0.993963548604964,1.239722728729248,0.8876497829480022,1.1821839809417725,0.8672133062429119,1.1761322021484375,0.824186714259245,0.5989134311676025,0.8906581884671496,1.1374471187591553,0.8754189287912659,1.2130732536315918,0.802992937705286,1.2350797653198242,0.7688133277892879,0.3264486789703369,0.7007992985645403,1.5764753818511963,0.8080444598657132,1.176088571548462,0.7821376324941028,1.198231220245361,0.992,0.1259939670562744,257,1.0277740955352783,0.0,1.069141149520874,0.0307528810537754,0.0677971839904785,9.668527580951087,0.00553560256958,0.013013019532556977,12.075115442276,0.022,0.002166748046875,0,0,3,['cluster'],['touching']
figure_descending_markersize60_n500-d5-c3-spr0.1-out0_pca.png,n500-d5-c3-spr0.1-out0_pca,500,3,60,0.943920969021474,1.2958579063415527,0.957201372770782,1.2668943405151367,0.9945953204128608,0.64141845703125,0.9414398921301588,1.2584712505340576,0.9537631499775234,1.2704582214355469,0.579072307014425,0.3655965328216553,0.5372563811614148,1.25719952583313,0.4666286159432811,1.4964003562927246,0.5816410735829806,1.2321040630340576,0.5508699062147466,0.3618628978729248,0.4176430138747948,1.251343011856079,0.3734262086289122,1.2642323970794678,0.3048195280082281,1.5184218883514404,0.4208144939735128,0.3766043186187744,0.3872752300460368,1.2356929779052734,0.984,1.112403154373169,7471,1.0487055778503418,0.0,0.1189672946929931,0.0307528810537754,0.0671160221099853,9.668527580951087,0.0055301189422607,0.025576736500404693,14.97814130783081,0.022,0.0019261837005615,0,0,137,['cluster'],['touching']
figure_descending_markersize110_n500-d5-c3-spr0.1-out0_pca.png,n500-d5-c3-spr0.1-out0_pca,500,3,110,0.834578745807193,1.327540397644043,0.8651445093961778,0.3931047916412353,0.9789028299795328,1.5810699462890625,0.8264930384379392,1.3130638599395752,0.8579856073800205,0.3877458572387695,0.4240320476408382,1.2932229042053225,0.3968212547703901,1.2984962463378906,0.3442496185950633,0.6757500171661377,0.4233597670462204,1.30299711227417,0.4048573201472555,1.3184318542480469,0.2842188602080069,1.3085989952087402,0.2574548399586629,0.4022965431213379,0.2088473639733118,1.5810506343841553,0.2845611690488923,1.310227870941162,0.2649363683476069,0.389693021774292,0.952,1.1238908767700195,20963,1.0690703392028809,0.0,0.1255838871002197,0.0307528810537754,0.0672523975372314,9.668527580951087,0.0055370330810546,-,15.0,0.022,0.00199556350708,0,0,818,['cluster'],['touching']
figure_descending_markersize160_n500-d5-c3-spr0.1-out0_pca.png,n500-d5-c3-spr0.1-out0_pca,500,3,160,0.7720205478574134,1.3398828506469729,0.8086884653719513,1.3227388858795166,0.96967348289164,0.6983349323272705,0.7617384627325868,1.361764430999756,0.8007892367023497,1.3322083950042725,0.3538325488611737,0.4281497001647949,0.3351237727411282,1.3215947151184082,0.2919025639196483,1.6020281314849854,0.3520758999077954,1.3746395111083984,0.3399832368269877,0.4254159927368164,0.2295110373251045,1.3464131355285645,0.2113550883429313,1.3789379596710205,0.1718116711561044,0.7085719108581543,0.2289478572321903,1.3492236137390137,0.2158021121328908,1.349519968032837,0.862,0.2160971164703369,34410,1.095001220703125,0.0,0.1186738014221191,0.0307528810537754,0.0667576789855957,9.668527580951087,0.005441665649414,-,15.0,0.022,0.0021674633026123,0,0,1679,['cluster'],['touching']
figure_category_based_markersize10_interleaved_250_500_3_0_notCramped_rotated_pca.png,interleaved_250_500_3_0_notCramped_rotated_pca,1098,3,10,0.8829776933388729,0.3441615104675293,0.9134722640372136,1.2962286472320557,0.9620639988071732,0.6356968879699707,0.8808488159116562,1.2682008743286133,0.9001871454775612,1.274979829788208,0.7866807843903545,0.3619730472564697,0.7974543903092195,1.274327278137207,0.8044577971321408,1.5696544647216797,0.7828177928118033,1.3056082725524902,0.7909623931483946,0.3473324775695801,0.7093225769079596,1.293111801147461,0.7075856685363544,0.3539960384368896,0.691221294312599,1.590031623840332,0.7044216239749792,1.3245878219604492,0.7053752590151092,0.3426570892333984,0.9954462659380692,1.147813320159912,703,1.1037230491638184,0.0,0.12894868850708,0.0307676203367221,0.1294474601745605,7.290632024902423,0.010838508605957,-,15.0,0.1038251366120218,0.0040366649627685,0,0,114,['cluster'],['intersecting']
figure_category_based_markersize60_interleaved_250_500_3_0_notCramped_rotated_pca.png,interleaved_250_500_3_0_notCramped_rotated_pca,1098,3,60,0.6202190629972499,1.3964972496032717,0.6809970324726349,0.4154407978057861,0.7757564613728909,1.7103750705718994,0.6163162578015301,0.4221806526184082,0.6549858833553107,1.398392677307129,0.4010594953743708,1.4223625659942627,0.4044519257723324,0.4174609184265136,0.3889533292544724,1.672729253768921,0.3956706658642513,1.4825193881988523,0.3994555092175803,0.4139831066131592,0.2963439088787261,1.4315814971923828,0.2876432795602045,1.42586088180542,0.2595420140446393,0.7271604537963867,0.2913612659685621,1.4816575050354004,0.2873509587696947,1.4433212280273438,0.9808743169398908,0.410747766494751,20755,1.154551982879639,0.0,1.174955129623413,0.0307676203367221,0.1289694309234619,7.290632024902423,0.0108842849731445,-,15.0,0.1038251366120218,0.0041143894195556,0,0,2601,['cluster'],['intersecting']
figure_category_based_markersize110_interleaved_250_500_3_0_notCramped_rotated_pca.png,interleaved_250_500_3_0_notCramped_rotated_pca,1098,3,110,0.511693622099607,0.7752163410186768,0.5717086030413168,0.6979620456695557,0.6659195552146958,1.0385332107543943,0.5054437179959097,0.7351737022399902,0.5441136651713675,0.6530749797821045,0.2865084441153174,0.717249870300293,0.2859142692129542,0.734807014465332,0.2648108549829837,1.0712125301361084,0.2817635580681863,0.7398707866668701,0.2828748766600896,0.745140552520752,0.1989534011764279,0.7212610244750977,0.1906228426902305,0.8290479183197021,0.1652652831508363,1.2344930171966553,0.1953243127783941,0.8525505065917969,0.1911164301053693,0.7625854015350342,0.9271402550091076,0.6754939556121826,55506,0.412858247756958,0.0,0.2390270233154297,0.0307676203367221,0.1231846809387207,7.290632024902423,0.0100245475769042,-,15.0,0.1038251366120218,0.0040450096130371,0,0,7225,['cluster'],['intersecting']
figure_category_based_markersize160_interleaved_250_500_3_0_notCramped_rotated_pca.png,interleaved_250_500_3_0_notCramped_rotated_pca,1098,3,160,0.4493684523392401,0.7898211479187012,0.5056324856133549,0.9936048984527588,0.5971444619809652,1.1511623859405518,0.4417657478518157,0.8848466873168945,0.478073305746574,0.9160199165344238,0.2349243023710475,0.902320146560669,0.2340002579324894,0.9660987854003906,0.2136970911898572,1.171926498413086,0.2303558660134342,0.7843787670135498,0.2311660514248866,1.0268011093139648,0.159032187407102,0.7780399322509766,0.1522237276810214,1.1015868186950684,0.1301336909820276,1.131685495376587,0.1557978081174617,1.0612037181854248,0.1524376300113122,0.8274235725402832,0.8378870673952641,0.7469382286071777,88048,0.5156352519989014,0.0,0.4476587772369385,0.0307676203367221,0.1231813430786132,7.290632024902423,0.0102090835571289,-,15.0,0.1038251366120218,0.0038745403289794,6,0,12621,['cluster'],['intersecting']
figure_ascending_markersize10_interleaved_250_500_3_0_notCramped_rotated_pca.png,interleaved_250_500_3_0_notCramped_rotated_pca,1098,3,10,0.9084026661330876,0.8563389778137207,0.9191151437211504,0.6208193302154541,0.9247519679516258,1.1858060359954834,0.9037660925004756,0.6462345123291016,0.9137761939160336,0.7419533729553223,0.8069252389452837,0.751474142074585,0.8015504486556249,0.7498254776000977,0.7761599964257391,1.0599665641784668,0.8008571384399558,0.7837831974029541,0.8011046864625654,0.8011503219604492,0.7258416551390106,0.8213438987731934,0.7106506061486798,0.7823705673217773,0.6687096817162088,1.0591351985931396,0.7189882466358888,0.8328413963317871,0.7131687180431839,0.6624376773834229,0.9954462659380692,0.5893714427947998,703,0.3290238380432129,0.0,0.5269486904144287,0.0307676203367221,0.1216979026794433,7.290632024902422,0.010099172592163,-,15.0,0.1038251366120218,0.0038323402404785,0,0,0,['cluster'],['intersecting']
figure_ascending_markersize60_interleaved_250_500_3_0_notCramped_rotated_pca.png,interleaved_250_500_3_0_notCramped_rotated_pca,1098,3,60,0.6763504906406334,0.8942697048187256,0.6953883332801765,0.9307799339294434,0.6819105631406046,1.2124965190887451,0.6638657799103874,0.7830386161804199,0.6852568202511387,0.7663476467132568,0.430586881755381,0.7620408535003662,0.4130856278127193,0.948089361190796,0.3594674589705742,1.2844257354736328,0.4201157903237681,0.7744579315185547,0.4135855530557583,0.9474539756774902,0.315826044616833,0.992389678955078,0.2938095112282481,0.7929165363311768,0.2440620922246656,1.0497782230377195,0.3072891703396981,0.7718069553375244,0.2961688811382439,0.7768833637237549,0.9808743169398908,0.838615894317627,20755,0.3837466239929199,0.0,0.5825371742248535,0.0307676203367221,0.1219301223754882,7.290632024902422,0.0100886821746826,-,15.0,0.1038251366120218,0.0037884712219238,0,0,0,['cluster'],['intersecting']
figure_ascending_markersize110_interleaved_250_500_3_0_notCramped_rotated_pca.png,interleaved_250_500_3_0_notCramped_rotated_pca,1098,3,110,0.5714644500635286,0.6919775009155273,0.5877909761856949,0.9000532627105713,0.5582355777156107,1.3641657829284668,0.555473546454045,0.9276599884033204,0.5766837470201199,1.127988576889038,0.3124328773810503,0.713223934173584,0.2940499137242608,1.1106791496276855,0.2402199980922759,1.200265407562256,0.3034124487150015,0.9095802307128906,0.2951946578932597,1.1307611465454102,0.2149851143946314,0.9426381587982178,0.1960676166694525,0.941685914993286,0.1530375718088827,1.1967854499816897,0.2087063262709098,1.1768338680267334,0.1983679210571651,0.9622633457183838,0.9271402550091076,0.7505950927734375,55506,0.701301097869873,0.0,0.3964784145355224,0.0307676203367221,0.1214337348937988,7.290632024902422,0.0101003646850585,-,15.0,0.1038251366120218,0.0037705898284912,0,0,0,['cluster'],['intersecting']
figure_ascending_markersize160_interleaved_250_500_3_0_notCramped_rotated_pca.png,interleaved_250_500_3_0_notCramped_rotated_pca,1098,3,160,0.5114872655679918,0.7878513336181641,0.52253264898728,1.0380733013153076,0.4792071865838779,1.3021550178527832,0.4934878019757592,1.0601303577423096,0.5120551084735163,1.0376079082489014,0.2603236427995931,1.022409439086914,0.2424642332384861,1.3367397785186768,0.1898572129060312,1.0692222118377686,0.2518092999981943,1.299354076385498,0.2435725720653581,0.8039579391479492,0.1745913238345795,1.3111631870269775,0.1578561051628149,1.093090534210205,0.1183788865077686,1.0985124111175537,0.1690295342767137,1.0822980403900146,0.1597906015526163,1.081078052520752,0.8378870673952641,1.0067963600158691,88048,0.4888396263122558,0.0,0.4229106903076172,0.0307676203367221,0.1235969066619873,7.290632024902422,0.0101809501647949,-,15.0,0.1038251366120218,0.003763198852539,2,0,0,['cluster'],['intersecting']
figure_descending_markersize10_interleaved_250_500_3_0_notCramped_rotated_pca.png,interleaved_250_500_3_0_notCramped_rotated_pca,1098,3,10,0.8730263532417419,0.8651916980743408,0.9104689310323436,0.9108114242553712,0.993026869986567,1.4204497337341309,0.87445734289079,0.6185662746429443,0.8959109970665503,0.878014087677002,0.777987252333414,0.8871352672576904,0.7948931076255732,0.8936896324157715,0.8286825714392043,1.167758226394653,0.7770766567075847,0.6195371150970459,0.7873456342970578,0.9003305435180664,0.7016089365253945,0.8944764137268066,0.7053546883346791,0.9141333103179932,0.7110113699921227,0.8977200984954834,0.6992115641887837,0.9113705158233644,0.7022480970823552,0.9208691120147704,0.9954462659380692,0.496558666229248,703,0.7692248821258545,0.0,0.4486739635467529,0.0307676203367221,0.1216228008270263,7.290632024902423,0.0101161003112792,-,15.0,0.1038251366120218,0.0038745403289794,0,0,152,['cluster'],['intersecting']
figure_descending_markersize60_interleaved_250_500_3_0_notCramped_rotated_pca.png,interleaved_250_500_3_0_notCramped_rotated_pca,1098,3,60,0.5797705473060519,1.0309569835662842,0.6706354920956139,0.7149114608764648,0.929216562375646,1.2835819721221924,0.586668395346096,1.0059990882873535,0.6346293541448036,0.7159481048583984,0.3786500829067811,1.0052502155303955,0.3974891933661644,1.027763605117798,0.4334672926160403,1.305122137069702,0.3793432355228303,0.7188997268676758,0.3899475934613087,1.0206010341644287,0.2811277918603939,1.0395474433898926,0.2824491459649438,0.7323071956634521,0.2826629091473729,1.323462963104248,0.2802902943237289,1.036087989807129,0.2814387140289787,0.7301180362701416,0.9808743169398908,1.1002542972564695,20755,0.5121448040008545,0.0,0.4908807277679443,0.0307676203367221,0.1212210655212402,7.290632024902423,0.0102076530456542,-,15.0,0.1038251366120218,0.0038189888000488,0,0,4290,['cluster'],['intersecting']
figure_descending_markersize110_interleaved_250_500_3_0_notCramped_rotated_pca.png,interleaved_250_500_3_0_notCramped_rotated_pca,1098,3,110,0.4639187474780549,0.8038797378540039,0.5582381029106467,1.1479039192199707,0.8890584392253342,1.4384925365447998,0.4703347617721372,0.8298466205596924,0.5198528819929451,1.1717383861541748,0.2641262704281503,1.1715011596679688,0.2778472192907999,0.8208706378936768,0.3058362420730532,1.0957074165344238,0.2651949178172392,1.162656545639038,0.2731820603314253,1.1637885570526123,0.1846181351539285,0.84053635597229,0.1849505646562197,1.1735689640045166,0.1846837384922729,1.476999044418335,0.1846559255332842,0.8749833106994629,0.1852708281492101,0.80621337890625,0.9271402550091076,1.2265267372131348,55506,0.5815699100494385,0.0,0.5333950519561768,0.0307676203367221,0.1194748878479003,7.290632024902423,0.0099420547485351,-,15.0,0.1038251366120218,0.00384521484375,0,0,12408,['cluster'],['intersecting']
figure_descending_markersize160_interleaved_250_500_3_0_notCramped_rotated_pca.png,interleaved_250_500_3_0_notCramped_rotated_pca,1098,3,160,0.399417441202604,0.5458791255950928,0.4908021565208894,1.3084330558776855,0.8612789224550684,1.2041738033294678,0.4050554666913354,0.9303345680236816,0.4530025447813954,1.2867658138275146,0.2133728905546275,0.936349630355835,0.2259490396898701,1.2821614742279053,0.2533234481552113,1.1893701553344729,0.2142751023091708,1.292729139328003,0.2219235197908479,0.9286870956420898,0.1455685512529082,1.3107666969299316,0.1467551142092805,0.9563345909118652,0.1485005707337275,1.601283311843872,0.1456664689161186,0.9741525650024414,0.1469589646240718,0.9549107551574708,0.8378870673952641,0.848747730255127,88048,1.0336003303527832,0.0,0.5647318363189697,0.0307676203367221,0.1205694675445556,7.290632024902423,0.010085105895996,-,15.0,0.1038251366120218,0.0038874149322509,5,0,22183,['cluster'],['intersecting']
figure_category_based_markersize10_swanson_tsne.png,swanson_tsne,1875,3,10,0.165873051058247,0.3487637042999267,0.1683144487799543,1.1410088539123535,0.1831943937810772,1.0232264995574951,0.1655972526453331,1.1411006450653076,0.1672820003009605,0.7486143112182617,0.165873051058247,0.7518410682678223,0.1683144487799543,1.130263328552246,0.1831943937810772,1.0276830196380615,0.1655972526453331,1.1605539321899414,0.1672820003009605,0.7676346302032471,0.165873051058247,1.1860971450805664,0.1683144487799543,0.7883954048156738,0.1831943937810772,1.067565679550171,0.1655972526453331,1.2132840156555176,0.1672820003009605,0.7920403480529785,0.3653333333333333,0.6063501834869385,8529,0.5879788398742676,0.3776,0.5827710628509521,0.030371061498238,0.1976313591003418,1.2344197236007493,0.0166730880737304,-,15.0,0.6666666666666666,0.0055768489837646,0,0,2252,['cluster'],['intersecting']
figure_category_based_markersize60_swanson_tsne.png,swanson_tsne,1875,3,60,0.1117668167351558,1.3328824043273926,0.1119833158211089,0.9144506454467772,0.1226922209215536,1.1700999736785889,0.111753690007971,0.9003822803497314,0.1119190241630572,1.340132236480713,0.1075707610392451,0.9164278507232666,0.1077564527455039,0.9177398681640624,0.1176724764752388,1.6592934131622314,0.1075600184757111,0.9632859230041504,0.107694992767068,0.9380667209625244,0.1036783694909013,0.9236791133880616,0.1038370734312985,0.9167139530181884,0.1130473361560111,1.6570463180541992,0.1036697066868175,0.94724702835083,0.1037782107567366,0.958204746246338,0.3562666666666667,0.706472635269165,58082,0.6637365818023682,0.3776,0.6109945774078369,0.030371061498238,0.1976029872894287,1.2344197236007493,0.0165441036224365,-,15.0,0.6666666666666666,0.0056598186492919,3,0,29812,['cluster'],['intersecting']
figure_category_based_markersize110_swanson_tsne.png,swanson_tsne,1875,3,110,0.0996920493470615,0.5769236087799072,0.0996722508886405,1.0626347064971924,0.109820818330226,1.7940771579742432,0.0997294007465523,1.075291633605957,0.0997258335091656,1.0476462841033936,0.0867340884843944,1.071505784988403,0.0867035563046175,1.0508718490600586,0.0940158895085619,1.3225772380828855,0.0867670803821111,1.5527868270874023,0.0867282075355736,1.084820032119751,0.0767571970314063,1.0946567058563232,0.0767211122089548,1.078988790512085,0.0821877851949458,1.863664388656616,0.0767867314983438,1.113126277923584,0.0767279750366872,1.1080963611602783,0.2608,0.7473297119140625,91306,0.7370481491088867,0.3776,0.6765553951263428,0.030371061498238,0.1980941295623779,1.2344197236007493,0.0167951583862304,-,15.0,0.6666666666666666,0.0058157444000244,161,0,76746,['cluster'],['intersecting']
figure_category_based_markersize160_swanson_tsne.png,swanson_tsne,1875,3,160,0.0961278356321008,0.6757826805114746,0.0960414903315316,1.6886699199676514,0.1061959035963615,1.4814040660858154,0.0961765741338196,1.2155218124389648,0.0961284080984266,1.230766773223877,0.0772044737799578,1.214042901992798,0.0771134391175177,1.1867361068725586,0.0829229901478659,1.489637851715088,0.0772463812257591,1.2517640590667725,0.07715467418025,1.232102394104004,0.06450605580702,1.7437801361083984,0.0644178407417783,1.222580909729004,0.0680170103401374,1.5091979503631592,0.0645426198776483,1.214425802230835,0.0644362987200573,1.214263916015625,0.1706666666666666,0.7822444438934326,107035,0.7892351150512695,0.3776,0.6827623844146729,0.030371061498238,0.1989879608154297,1.2344197236007493,0.0163812637329101,-,15.0,0.6666666666666666,0.0056562423706054,403,0,127487,['cluster'],['intersecting']
figure_ascending_markersize10_swanson_tsne.png,swanson_tsne,1875,3,10,0.1660845882614278,0.347790002822876,0.1689582148985475,0.8866467475891113,0.1568006272507897,1.166637659072876,0.1657597463755832,0.8938794136047363,0.167343756151323,0.9149315357208252,0.1660845882614278,1.4311676025390625,0.1689582148985475,0.9116864204406738,0.1568006272507897,1.1728029251098633,0.1657597463755832,0.8975679874420166,0.167343756151323,0.8996391296386719,0.1660845882614278,0.9128243923187256,0.1689582148985475,0.908031702041626,0.1568006272507897,1.175227403640747,0.1657597463755832,0.9197354316711426,0.167343756151323,0.9064226150512696,0.3653333333333333,0.7407510280609131,8529,0.7190427780151367,0.3776,0.707815408706665,0.030371061498238,0.1972262859344482,1.2344197236007497,0.016153335571289,-,15.0,0.6666666666666666,0.005552053451538,0,0,0,['cluster'],['intersecting']
figure_ascending_markersize60_swanson_tsne.png,swanson_tsne,1875,3,60,0.1124741280421892,0.4671499729156494,0.1127676156035435,1.580905199050903,0.0982573135787377,1.3510990142822266,0.1124140738017936,1.0398015975952148,0.1122038849779061,0.4712753295898437,0.1070735666743148,1.6022279262542725,0.107241234800924,1.0624051094055176,0.0942810857060465,1.3262522220611572,0.1069849449950491,0.4819779396057129,0.1066485657085261,1.609354019165039,0.1021678708833386,1.0665838718414309,0.1022312096157249,1.0570216178894043,0.0906141572642672,1.344261884689331,0.102056064636206,1.0548474788665771,0.1016173935303519,0.471282958984375,0.3562666666666667,0.8517131805419922,58082,0.7582054138183594,0.3776,0.7450129985809326,0.030371061498238,0.196528673171997,1.2344197236007497,0.0165040493011474,-,15.0,0.6666666666666666,0.0056960582733154,0,0,0,['cluster'],['intersecting']
figure_ascending_markersize110_swanson_tsne.png,swanson_tsne,1875,3,110,0.1009728673487351,1.7458691596984863,0.1007303088486886,0.5929372310638428,0.0840389215182789,2.036003351211548,0.1009606874946137,0.5833950042724609,0.1002792821282072,1.1980488300323486,0.0859642735921415,1.1766438484191897,0.0858065287611177,1.187859296798706,0.0727994939958899,0.8673801422119141,0.085867307632091,1.7877354621887207,0.0851799387353219,0.5954060554504395,0.0748400572938731,1.7892775535583496,0.0747342201459467,0.5830903053283691,0.0642117650451709,2.0845930576324463,0.07469985851654,0.5919582843780518,0.0740326301299285,1.8109936714172363,0.2608,0.2113013267517089,91306,0.8424158096313477,0.3776,0.7944893836975098,0.030371061498238,0.197709321975708,1.2344197236007497,0.0164020061492919,-,15.0,0.6666666666666666,0.005448579788208,22,0,0,['cluster'],['intersecting']
figure_ascending_markersize160_swanson_tsne.png,swanson_tsne,1875,3,160,0.0979431652813913,1.275458574295044,0.0973677127383956,1.308225393295288,0.0786539816790284,1.6402840614318848,0.0979354379711846,1.2966687679290771,0.0969281194804372,1.3014678955078125,0.0773556433031824,1.2871336936950684,0.0768865239561649,1.3206560611724854,0.0630933251844484,1.571890354156494,0.0772504173820736,1.9411404132843015,0.076284965616547,0.6749134063720703,0.0639197893191846,1.9504015445709229,0.0635242660849715,0.6989259719848633,0.0526727198589062,1.6181435585021973,0.0637794993510729,1.299811601638794,0.0628908580430798,1.9622001647949217,0.1706666666666666,0.2160353660583496,107035,0.8952357769012451,0.3776,0.8231606483459473,0.030371061498238,0.1949758529663086,1.2344197236007497,0.0160846710205078,-,15.0,0.6666666666666666,0.0055248737335205,24,0,0,['cluster'],['intersecting']
figure_descending_markersize10_swanson_tsne.png,swanson_tsne,1875,3,10,0.165711445229133,0.3478257656097412,0.167733608280991,1.0239813327789309,0.1875931572049366,1.2922065258026123,0.165419378070684,0.3692259788513183,0.1671820756679654,1.0259215831756592,0.1657114452291331,1.675374984741211,0.167733608280991,0.3579249382019043,0.1875931572049366,1.274789810180664,0.165419378070684,1.0115039348602295,0.1671820756679654,1.0721592903137207,0.1657114452291331,1.1023945808410645,0.167733608280991,1.010944366455078,0.1875931572049366,1.3001296520233154,0.165419378070684,1.738830327987671,0.1671820756679654,0.3849072456359863,0.3653333333333333,0.9206645488739014,8529,1.078207015991211,0.3776,0.8928794860839844,0.030371061498238,0.206672191619873,1.2344197236007493,0.0169942378997802,-,15.0,0.6666666666666666,0.0058076381683349,0,0,12728,['cluster'],['intersecting']
figure_descending_markersize60_swanson_tsne.png,swanson_tsne,1875,3,60,0.1111164975511027,0.4844090938568115,0.1112796196766643,1.1737091541290283,0.1265354292018616,1.4463121891021729,0.1110871505954018,1.178410291671753,0.1116085711929071,1.4157955646514893,0.1055122622018505,1.2008042335510254,0.1057635963647221,1.1996054649353027,0.1208386196356823,1.4852197170257568,0.1053993747902091,0.5009863376617432,0.1056849471776771,1.2011370658874512,0.1004461909485436,1.1846497058868408,0.1007685944265067,1.9152228832244875,0.1156326682677101,0.7776761054992676,0.1002656698734734,1.2605268955230713,0.1003584246019619,1.237231969833374,0.3562666666666667,0.9920761585235596,58082,0.9618358612060548,0.3776,0.1371948719024658,0.030371061498238,0.209852933883667,1.2344197236007493,0.0174365043640136,-,15.0,0.6666666666666666,0.0057337284088134,1,0,107352,['cluster'],['intersecting']
figure_descending_markersize110_swanson_tsne.png,swanson_tsne,1875,3,110,0.0984634369866256,1.3199794292449951,0.0987493561491507,1.340688705444336,0.1148911867490817,1.63323712348938,0.0984816606486004,1.3222095966339111,0.0991545126529535,1.359391212463379,0.0832943192935681,1.3145358562469482,0.0836487437177918,1.3119227886199951,0.0976819071492222,1.6806182861328125,0.0833177511135656,1.2901785373687744,0.0837426465021089,1.3561763763427734,0.072175134865406,1.378009557723999,0.0725539030691578,1.4567091464996338,0.0849564770395561,0.8955445289611816,0.0722005308074164,1.3551630973815918,0.0724772955982698,1.3438575267791748,0.2608,1.0030596256256104,91306,1.0152573585510254,0.3776,0.1420295238494873,0.030371061498238,0.210242748260498,1.2344197236007493,0.0173614025115966,-,15.0,0.6666666666666666,0.005784273147583,20,0,226238,['cluster'],['intersecting']
figure_descending_markersize160_swanson_tsne.png,swanson_tsne,1875,3,160,0.0943380323171024,0.6925363540649414,0.0949154865669608,1.5153722763061523,0.1127565252493968,1.7715623378753662,0.0943635561372918,0.7036473751068115,0.0953040979184078,1.4387214183807373,0.0738571240047523,1.4427049160003662,0.0745127126993085,1.4629275798797607,0.0880682258697206,1.791339874267578,0.0739360812620419,1.473134994506836,0.0746539428439209,1.5190105438232422,0.0606828081935946,1.486466407775879,0.061329492437931,0.7357006072998047,0.072249116405419,1.7886765003204346,0.0607788909394835,1.532564401626587,0.0613589109079792,1.4690704345703125,0.1706666666666666,1.0403573513031006,107035,0.2377190589904785,0.3776,0.972041130065918,0.030371061498238,0.2077891826629638,1.2344197236007493,0.0171637535095214,-,15.0,0.6666666666666666,0.0057747364044189,22,0,342608,['cluster'],['intersecting']
figure_category_based_markersize10_swanson_umap.png,swanson_umap,1875,3,10,0.0977527247641515,1.1535468101501465,0.0986718486126652,1.1474792957305908,0.0947100954533238,1.4488182067871094,0.0977525216494633,1.15871000289917,0.0983217456148016,1.1418259143829346,0.0757010622660581,0.3604185581207275,0.0758235746401531,1.1456255912780762,0.0754939793759666,1.4238600730895996,0.0757473708476753,1.1624891757965088,0.0763259818584479,1.1849524974822998,0.061767229674567,0.3675901889801025,0.0615671883717883,1.1527678966522217,0.0627602892853463,1.4782514572143557,0.061828994811931,1.1796472072601318,0.062372499325401,0.3711557388305664,0.1162666666666666,0.9741437435150146,5001,0.9549760818481444,0.3866666666666666,0.9905316829681396,0.0295971963193521,0.1968259811401367,0.3450458215275911,0.0174667835235595,-,15.0,0.6666666666666666,0.0060269832611083,206,0,9453,['cluster'],['intersecting']
figure_category_based_markersize60_swanson_umap.png,swanson_umap,1875,3,60,0.0936880553833455,1.3334321975708008,0.0943249528619536,1.2866945266723633,0.0877841720588009,1.5547497272491455,0.0936911064973536,1.3100974559783936,0.0937670093228768,0.4607422351837158,0.0663139395227317,1.2700955867767334,0.066693374908449,1.2635931968688965,0.062708310456005,1.565227508544922,0.0663193994067988,1.285707712173462,0.0663149307157172,0.4517467021942138,0.0513192847514165,1.2507731914520264,0.0515827188784442,1.254080295562744,0.0487754339245759,1.552799940109253,0.0513249091815563,0.4654593467712402,0.0512968116890599,1.274869441986084,0.0698666666666666,1.022200345993042,10546,1.020332098007202,0.3866666666666666,0.1290555000305175,0.0295971963193521,0.1976926326751709,0.3450458215275911,0.0175533294677734,-,15.0,0.6666666666666666,0.0059921741485595,510,0,59809,['cluster'],['intersecting']
figure_category_based_markersize110_swanson_umap.png,swanson_umap,1875,3,110,0.0930321900695098,0.5788583755493164,0.0937111425360081,1.4289097785949707,0.0866240870809967,1.6442382335662842,0.0930334664359878,0.5671350955963135,0.0931601485769332,1.4035749435424805,0.0653878034386712,1.3571765422821045,0.0658176231721102,1.3563435077667236,0.0616496812698978,1.7041738033294678,0.0653905771673954,0.5792539119720459,0.0654507829530981,1.4168238639831543,0.0504088757244026,1.3718442916870115,0.0507204622758582,0.5599641799926758,0.0478532211362635,1.6441476345062256,0.0504117979915234,1.3844399452209473,0.0504461749904906,1.469029426574707,0.0666666666666666,0.1924741268157959,14625,1.0943644046783447,0.3866666666666666,1.0458533763885498,0.0295971963193521,0.1961233615875244,0.3450458215275911,0.0170505046844482,-,15.0,0.6666666666666666,0.0056245326995849,536,0,117524,['cluster'],['intersecting']
figure_category_based_markersize160_swanson_umap.png,swanson_umap,1875,3,160,0.0927298655729559,1.5525991916656494,0.0933965762023393,1.503706932067871,0.0860909110026213,1.7959039211273191,0.0927302164765281,1.5371673107147217,0.0928664509003147,0.6661312580108643,0.0649766431975142,1.503704309463501,0.0653951512830218,1.5190048217773438,0.0611875157216699,0.9658796787261964,0.0649781153070067,1.5054891109466553,0.0650524552582452,1.4988303184509275,0.0500093041412424,1.5265421867370603,0.0503112339053045,1.5664432048797607,0.0474590917934791,0.9605419635772704,0.0500109461403005,1.5367507934570312,0.0500593991427052,1.5451853275299072,0.0666666666666666,0.2202527523040771,18052,1.1317989826202393,0.3866666666666666,1.0525190830230713,0.0295971963193521,0.1933786869049072,0.3450458215275911,0.017338752746582,-,15.0,0.6666666666666666,0.0055580139160156,539,0,171573,['cluster'],['intersecting']
figure_ascending_markersize10_swanson_umap.png,swanson_umap,1875,3,10,0.0981420744584136,0.3492331504821777,0.0998862070957742,0.3480575084686279,0.0871590023162225,1.479954957962036,0.0981415806573611,1.233590841293335,0.0984805125043205,1.2388808727264404,0.0748129519992649,0.3553469181060791,0.0754941125035206,1.1919903755187988,0.0695708167733958,1.5004091262817385,0.0748462989991409,1.233564376831055,0.0752523221756052,0.3535070419311523,0.0604447679110997,1.2226855754852295,0.0606768877077831,1.2299659252166748,0.0578891243214416,0.6288824081420898,0.0604885036558346,1.2125940322875977,0.0608903643082976,1.2338755130767822,0.1162666666666666,0.1326122283935547,5001,1.0409677028656006,0.3866666666666666,1.0569226741790771,0.0295971963193521,0.1928868293762207,0.3450458215275912,0.0171241760253906,-,15.0,0.6666666666666666,0.0056743621826171,0,0,0,['cluster'],['intersecting']
figure_ascending_markersize60_swanson_umap.png,swanson_umap,1875,3,60,0.094786425505533,1.323700189590454,0.0962933042697012,1.3399856090545654,0.0730925447008135,1.676801681518555,0.0947913453158622,0.4490308761596679,0.0941992903127103,1.3363080024719238,0.0668773120642191,1.3817882537841797,0.0675467200307262,0.437687873840332,0.0525508409270107,1.6363646984100342,0.0668974928919416,1.3708109855651855,0.0664460579432502,0.4595417976379394,0.0516649701561808,1.3550183773040771,0.0520177756227574,1.357985258102417,0.041022112657466,0.7333977222442627,0.0516875993706724,1.324446439743042,0.0513246578641408,1.324190378189087,0.0698666666666666,1.0926036834716797,10546,0.157480239868164,0.3866666666666666,1.068403244018555,0.0295971963193521,0.1882774829864502,0.3450458215275912,0.0164387226104736,-,15.0,0.6666666666666666,0.0055365562438964,0,0,0,['cluster'],['intersecting']
figure_ascending_markersize110_swanson_umap.png,swanson_umap,1875,3,110,0.0944177539797872,1.4852638244628906,0.095945229638463,1.48215651512146,0.0679094762841616,0.8359706401824951,0.0944236487734749,1.5230600833892822,0.0937245440834227,1.500232458114624,0.0662074553798689,0.5467562675476074,0.0668987919164496,1.4660894870758057,0.048620710938377,1.787604570388794,0.0662361684393457,0.5625753402709961,0.065725409586908,1.4740583896636963,0.0509765840864278,1.5002598762512207,0.0513523828308335,0.555671215057373,0.0378655229127331,1.764815092086792,0.0510089153434738,1.5145978927612305,0.0506071137521835,0.5604434013366699,0.0666666666666666,1.1619386672973633,14625,1.194206953048706,0.3866666666666666,0.1373140811920166,0.0295971963193521,0.1943073272705078,0.3450458215275912,0.0170454978942871,-,15.0,0.6666666666666666,0.0056297779083251,0,0,0,['cluster'],['intersecting']
figure_ascending_markersize160_swanson_umap.png,swanson_umap,1875,3,160,0.0942667922635706,1.0014283657073977,0.0957741776650582,0.827627420425415,0.0645476599435382,1.2123010158538818,0.0942742592158084,0.9570760726928712,0.0935085374926463,0.9097111225128174,0.0659075841271125,0.8710095882415771,0.0665920623303351,0.972060203552246,0.0461282753680618,1.2039735317230225,0.0659396564574444,0.903754472732544,0.0653864898939406,0.9755375385284424,0.0506654096295796,0.9235622882843018,0.05104024659822,1.0175836086273191,0.0358874086632933,1.3279037475585938,0.0507011660118008,0.956707000732422,0.050268565568175,0.9159600734710692,0.0666666666666666,0.465538740158081,18052,0.3504126071929931,0.3866666666666666,0.37178635597229,0.0295971963193521,0.1954987049102783,0.3450458215275912,0.0168323516845703,-,15.0,0.6666666666666666,0.0056359767913818,0,0,0,['cluster'],['intersecting']
figure_descending_markersize10_swanson_umap.png,swanson_umap,1875,3,10,0.097335592182395,0.6580100059509277,0.0974649813990867,0.7478244304656982,0.1098966990885991,0.9472761154174804,0.0973411351506213,0.7517883777618408,0.0981527570837718,0.6676523685455322,0.0740654889757702,0.6976444721221924,0.0742087991270189,0.7013399600982666,0.0853476779923606,1.0023643970489502,0.0740853134387032,0.6935181617736816,0.0748223754536452,0.712432861328125,0.0597750231154639,0.7478511333465576,0.0599129349536892,0.8431656360626221,0.0697636791512748,0.9758055210113524,0.0597987602318436,0.7450237274169922,0.0604530185841519,0.7447564601898193,0.1162666666666666,0.4681971073150635,5001,0.3074002265930176,0.3866666666666666,0.4489257335662842,0.0295971963193521,0.1956751346588134,0.3450458215275913,0.0169692039489746,-,15.0,0.6666666666666666,0.0057284832000732,1,0,18892,['cluster'],['intersecting']
figure_descending_markersize60_swanson_umap.png,swanson_umap,1875,3,60,0.0926040152312303,0.8811390399932861,0.0920032077164465,0.8979952335357666,0.1121558528804459,1.171953201293945,0.0926275456581088,0.8919198513031006,0.0933209074447475,0.8852829933166504,0.0652582072589155,0.8516814708709717,0.0649601404552101,0.9027304649353028,0.0775712765030448,1.191396713256836,0.0652613019558647,0.8529467582702637,0.0657305095256022,0.8869054317474365,0.0503808330647784,0.8538341522216797,0.0502035136900377,0.9066073894500732,0.0592888593772374,1.1838371753692627,0.0503775591957581,1.0987775325775146,0.0507316563763332,0.7999308109283447,0.0698666666666666,0.5622847080230713,10546,0.3686840534210205,0.3866666666666666,0.5402085781097412,0.0295971963193521,0.1952776908874511,0.3450458215275913,0.0170140266418457,-,15.0,0.6666666666666666,0.0056962966918945,0,0,123377,['cluster'],['intersecting']
figure_descending_markersize110_swanson_umap.png,swanson_umap,1875,3,110,0.0916996548401505,1.045208215713501,0.0910467796451403,1.1056771278381348,0.1155476360331252,1.204314947128296,0.0917245308281867,0.9244308471679688,0.0926009328096456,1.1075105667114258,0.0642228630255148,0.9138593673706056,0.0639061551507389,1.124223232269287,0.0794004416841434,1.2112929821014404,0.0642307241882079,1.104562282562256,0.0648468288353373,1.09220552444458,0.0494159251898593,0.934377908706665,0.0492307083681073,1.128337860107422,0.060480197733034,1.3627865314483645,0.0494180104003808,0.914132833480835,0.0498930248401574,0.9335274696350098,0.0666666666666666,0.6339166164398193,14625,0.4275805950164795,0.3866666666666666,0.5935280323028564,0.0295971963193521,0.192528486251831,0.3450458215275913,0.0168318748474121,-,15.0,0.6666666666666666,0.005599021911621,0,0,243043,['cluster'],['intersecting']
figure_descending_markersize160_swanson_umap.png,swanson_umap,1875,3,160,0.0912541297352159,0.8517298698425293,0.0905897308073854,1.0575299263000488,0.1176918805987512,1.3660821914672852,0.0912785654222428,1.262723684310913,0.0922426508510194,1.0859558582305908,0.0637354792944713,1.043527603149414,0.0634105409343998,1.285069465637207,0.0805797912001079,1.3793666362762451,0.0637450168560925,1.0895650386810305,0.0644267831060416,1.2988777160644531,0.0489685068216562,1.098988056182861,0.0487763987341653,1.3329665660858154,0.0612619118537803,1.1629085540771484,0.048972730945678,1.3118536472320557,0.049500004905969,1.1076009273529053,0.0666666666666666,0.72786545753479,18052,0.4809997081756592,0.3866666666666666,0.3946776390075683,0.0295971963193521,0.1950879096984863,0.3450458215275913,0.0168442726135253,-,15.0,0.6666666666666666,0.0055997371673583,0,0,358986,['cluster'],['intersecting']
figure_category_based_markersize10_n100-d10-c5-spr0.2-out0_umap.png,n100-d10-c5-spr0.2-out0_umap,100,5,10,1.0,1.0096311569213867,1.0,0.8765270709991455,1.0,1.1996841430664062,1.0,0.7954142093658447,1.0,0.8109774589538574,1.0,0.5616588592529297,1.0,1.0254762172698977,1.0,0.9905295372009276,1.0,1.0708448886871338,1.0,0.5718722343444824,1.0,0.8138961791992188,1.0,0.8421773910522461,1.0,1.24540114402771,1.0,0.8394370079040527,1.0,0.5781168937683105,1.0,0.6733367443084717,0,0.4020836353302002,0.0,0.3868229389190674,0.0298230017616945,0.0119755268096923,29.692568078202903,0.0016968250274658,0.0,1.2909586429595947,0.29,0.0007781982421875,0,0,0,['cluster'],['separated']
figure_category_based_markersize60_n100-d10-c5-spr0.2-out0_umap.png,n100-d10-c5-spr0.2-out0_umap,100,5,60,0.9855549194057088,0.5762619972229004,0.9903499963213824,0.8602819442749023,0.9956428322023276,1.3009228706359863,0.9830138764001808,0.5947489738464355,0.9862519572657514,0.8538601398468018,0.9855549194057088,1.1411793231964111,0.9903499963213824,0.6239261627197266,0.9956428322023276,1.2737457752227783,0.9830138764001808,0.8296313285827637,0.9862519572657514,1.1374714374542236,0.9855549194057088,0.6116201877593994,0.9903499963213824,0.8760762214660645,0.9956428322023276,1.2764344215393066,0.9830138764001808,0.8921871185302734,0.9862519572657514,0.8936223983764648,1.0,0.4199028015136719,10,0.740227460861206,0.0,0.4376227855682373,0.0298230017616945,0.0117983818054199,29.692568078202903,0.0016770362854003,0.005618332187193684,1.1357343196868896,0.29,0.0007450580596923,0,0,7,['cluster'],['separated']
figure_category_based_markersize110_n100-d10-c5-spr0.2-out0_umap.png,n100-d10-c5-spr0.2-out0_umap,100,5,110,0.9371409668060826,0.6336343288421631,0.9540618956313364,0.9184982776641846,0.9713029702243986,1.3313214778900146,0.9266634291265374,0.6282472610473633,0.9384369116902088,0.9190301895141602,0.921811740738219,0.9356393814086914,0.9370595915681024,0.9555821418762208,0.9463826607851542,1.03794527053833,0.9094715691638522,0.9382576942443848,0.9218751672238206,0.9255430698394777,0.9069759372962766,0.9721856117248536,0.9206526721221772,0.9943182468414308,0.9227091036256944,1.059884786605835,0.8929059917518782,0.9750378131866456,0.9058878557746974,0.6418459415435791,1.0,0.8224568367004395,172,0.4778251647949219,0.0,0.4755659103393554,0.0298230017616945,0.0116288661956787,29.692568078202903,0.0017919540405273,0.012484207195209845,1.206427812576294,0.29,0.0007133483886718,0,0,61,['cluster'],['separated']
figure_category_based_markersize160_n100-d10-c5-spr0.2-out0_umap.png,n100-d10-c5-spr0.2-out0_umap,100,5,160,0.9085804665760384,0.6615324020385742,0.927289211042269,0.9763154983520508,0.9448775266394916,1.3994934558868408,0.8938190535821849,0.6744384765625,0.9072848948067544,0.9878933429718018,0.8710236982733831,1.0024845600128174,0.8828612642540352,1.023401975631714,0.8776258925943465,1.0685782432556152,0.8539714937662405,1.0206351280212402,0.8664022493900714,0.679619550704956,0.836448549958488,1.0229613780975342,0.842495903867435,0.6908106803894043,0.8193114228112852,1.4322516918182373,0.8175252080250031,1.0657904148101809,0.8290451216173955,0.6939034461975098,1.0,0.5033433437347412,544,0.8766641616821289,0.0,0.5028090476989746,0.0298230017616945,0.0117747783660888,29.692568078202903,0.0017974376678466,0.016286695261524393,1.3656659126281738,0.29,0.0007450580596923,0,0,148,['cluster'],['separated']
figure_ascending_markersize10_n100-d10-c5-spr0.2-out0_umap.png,n100-d10-c5-spr0.2-out0_umap,100,5,10,1.0,0.6733698844909668,1.0,1.0620782375335691,1.0,1.100999355316162,1.0,0.6731393337249756,1.0,1.0215039253234863,1.0,1.0654168128967283,1.0,0.675429105758667,1.0,1.46295166015625,1.0,0.6893713474273682,1.0,0.6968305110931396,1.0,1.0664012432098389,1.0,0.7005388736724854,1.0,1.4847183227539062,1.0,0.6967000961303711,1.0,1.0677249431610107,1.0,0.5156776905059814,0,0.518298864364624,0.0,0.506671667098999,0.0298230017616945,0.0115611553192138,29.692568078202903,0.0016934871673583,0.0,1.014493703842163,0.29,0.000666856765747,0,0,0,['cluster'],['separated']
figure_ascending_markersize60_n100-d10-c5-spr0.2-out0_umap.png,n100-d10-c5-spr0.2-out0_umap,100,5,60,0.99296168539412,1.074225902557373,0.9903499963213824,0.7135777473449707,0.984986702943098,1.5116348266601562,0.9942263237377902,0.7176573276519775,0.9923342384290634,0.6976449489593506,0.99296168539412,1.103404521942139,0.9903499963213824,0.7241480350494385,0.984986702943098,1.5054652690887451,0.9942263237377902,0.7125232219696045,0.9923342384290634,1.1012084484100342,0.99296168539412,0.7107813358306885,0.9903499963213824,1.129279375076294,0.984986702943098,1.138036012649536,0.9942263237377902,0.7193162441253662,0.9923342384290634,1.153339147567749,1.0,0.55098557472229,10,0.5683588981628418,0.0,0.5518555641174316,0.0298230017616945,0.0117843151092529,29.692568078202903,0.0017569065093994,0.005618332187193684,1.124814510345459,0.29,0.000690221786499,0,0,0,['cluster'],['separated']
figure_ascending_markersize110_n100-d10-c5-spr0.2-out0_umap.png,n100-d10-c5-spr0.2-out0_umap,100,5,110,0.9649043661313302,0.7434113025665283,0.9540633561288844,1.1642522811889648,0.931335132671726,1.1609535217285156,0.9684777896799006,1.172288417816162,0.9615390354200914,0.7699189186096191,0.9495413983083018,0.7586443424224854,0.9370673170361744,1.1644203662872314,0.9070700861726828,1.1797969341278076,0.9507290783331728,0.7820734977722168,0.9445746085328228,0.761516809463501,0.934659974186988,1.1977765560150146,0.9206662268132502,0.7822310924530029,0.8840373384831939,1.1609418392181396,0.933619199453716,0.7850472927093506,0.9281984100794832,1.1882047653198242,1.0,0.5959630012512207,172,0.5813915729522705,0.0,0.5756673812866211,0.0298230017616945,0.0120100975036621,29.692568078202903,0.0018732547760009,0.012484207195209845,1.2259163856506348,0.29,0.0006706714630126,0,0,0,['cluster'],['separated']
figure_ascending_markersize160_n100-d10-c5-spr0.2-out0_umap.png,n100-d10-c5-spr0.2-out0_umap,100,5,160,0.9454407482252696,0.7814559936523438,0.927294971049469,0.7956721782684326,0.8924322595089894,1.1804168224334717,0.9490962720185292,1.2393202781677246,0.9386700074366938,0.8080976009368896,0.9075386198972244,0.7644174098968506,0.882885043822304,0.7986562252044678,0.8291634868825507,1.634406805038452,0.9068736436995172,0.8016452789306641,0.8959550534361603,0.7982509136199951,0.8725583032099602,0.7852184772491455,0.8425344593849513,0.7963240146636963,0.7742716803889427,1.6705639362335205,0.868247739586123,0.7883098125457764,0.8569584512893078,0.7917804718017578,1.0,0.5894618034362793,544,0.6106719970703125,0.0,0.6098458766937256,0.0298230017616945,0.0117404460906982,29.692568078202903,0.001774787902832,0.016286695261524393,1.3497347831726074,0.29,0.0007135868072509,0,0,0,['cluster'],['separated']
figure_descending_markersize10_n100-d10-c5-spr0.2-out0_umap.png,n100-d10-c5-spr0.2-out0_umap,100,5,10,1.0,0.3053019046783447,1.0,0.7946221828460693,1.0,1.6547324657440186,1.0,0.8023557662963867,1.0,0.7602236270904541,1.0,0.790050745010376,1.0,1.2719624042510986,1.0,1.2262952327728271,1.0,0.7792096138000488,1.0,0.8075063228607178,1.0,1.3384897708892822,1.0,0.8324172496795654,1.0,1.2259650230407717,1.0,0.8192086219787598,1.0,0.8316609859466553,1.0,0.6406049728393555,0,0.6622519493103027,0.0,0.1084043979644775,0.0298230017616945,0.0117690563201904,29.6925680782029,0.0018050670623779,0.0,1.1267461776733398,0.29,0.0006444454193115,0,0,0,['cluster'],['separated']
figure_descending_markersize60_n100-d10-c5-spr0.2-out0_umap.png,n100-d10-c5-spr0.2-out0_umap,100,5,60,0.9846127989853836,0.823643684387207,0.989326057751564,1.2851934432983398,0.9989358432066842,1.246351957321167,0.9816386792697508,0.8316869735717773,0.9852993152540976,0.81130051612854,0.9846127989853836,0.8319904804229736,0.989326057751564,0.8323688507080078,0.9989358432066842,1.2334656715393066,0.9816386792697508,1.3206560611724854,0.9852993152540976,0.8229753971099854,0.9846127989853836,0.8331863880157471,0.989326057751564,0.8456637859344482,0.9989358432066842,1.243940830230713,0.9816386792697508,0.8517136573791504,0.9852993152540976,0.8262412548065186,1.0,0.6577115058898926,10,0.6906418800354004,0.0,0.6736507415771484,0.0298230017616945,0.0117743015289306,29.6925680782029,0.0017013549804687,0.005618332187193684,0.671166181564331,0.29,0.0006690025329589,0,0,10,['cluster'],['separated']
figure_descending_markersize110_n100-d10-c5-spr0.2-out0_umap.png,n100-d10-c5-spr0.2-out0_umap,100,5,110,0.9299531464580986,1.3798396587371826,0.9485477135362615,0.8727133274078369,0.993927409188754,1.2907114028930664,0.9187531756526444,0.8824782371520996,0.9332496116415062,0.8817887306213379,0.9144342234791984,0.8954470157623291,0.9317159567303774,0.8931689262390137,0.9689706306784196,1.3056998252868652,0.9014997553580876,0.9039089679718018,0.916744522190602,0.9029359817504884,0.8994247538796423,0.9050428867340088,0.9154711360379616,0.9274241924285888,0.9452364460627264,1.3370742797851562,0.8848824000509984,0.915482759475708,0.9008130923961732,1.0105385780334473,1.0,0.7081451416015625,172,0.7227985858917236,0.0,0.107459545135498,0.0298230017616945,0.0116901397705078,29.6925680782029,0.0017259120941162,0.012484207195209845,1.4187235832214355,0.29,0.0006840229034423,0,0,96,['cluster'],['separated']
figure_descending_markersize160_n100-d10-c5-spr0.2-out0_umap.png,n100-d10-c5-spr0.2-out0_umap,100,5,160,0.8931194270842499,0.9284727573394777,0.9191911758898226,0.9335362911224364,0.987759575301625,1.9043858051300049,0.8809676817920209,0.9464523792266846,0.899677822274578,0.3404901027679443,0.8555510285486448,1.4892261028289795,0.8754461644045042,0.3401970863342285,0.9183384376638072,1.9724690914154053,0.8410588535341864,0.9253582954406738,0.8590578729795612,0.9079666137695312,0.8210156224508431,0.3308491706848144,0.8356757174956136,1.501030683517456,0.8580345574483826,0.7405879497528076,0.8046091526523519,1.5279579162597656,0.8219474082980747,0.9639554023742676,1.0,0.124683141708374,544,0.7322037220001221,0.0,0.710529088973999,0.0298230017616945,0.0117709636688232,29.6925680782029,0.001826524734497,0.016286695261524393,1.4811358451843262,0.29,0.0006754398345947,0,0,228,['cluster'],['separated']
figure_category_based_markersize10_n500-d5-c5-spr0.2-out0_pca.png,n500-d5-c5-spr0.2-out0_pca,500,5,10,0.8938360441333104,1.0389647483825684,0.888637321605923,0.932286262512207,0.8815102878565897,1.3388948440551758,0.8915369627117714,1.0140132904052734,0.8886750862592738,0.9765615463256836,0.8568256358405975,0.9620037078857422,0.8346326535568617,0.9451296329498292,0.8009358641127338,1.382534742355347,0.8555176767585768,0.9362165927886964,0.8387647836444233,0.9495038986206056,0.8227582915052611,0.9540722370147704,0.7868159215494717,0.950901985168457,0.7338576277282104,1.3667612075805664,0.8222958253813345,0.9608054161071776,0.794162550677011,0.9673957824707032,1.0,0.749183177947998,230,0.7882518768310547,0.0,0.780048131942749,0.0307290349755301,0.0709991455078125,10.632087370837,0.0051274299621582,0.011505470995869085,14.169629096984863,0.418,0.0026023387908935,0,0,56,['cluster'],['intersecting']
figure_category_based_markersize60_n500-d5-c5-spr0.2-out0_pca.png,n500-d5-c5-spr0.2-out0_pca,500,5,60,0.5719307339297415,1.005012273788452,0.5408618816701047,1.0032668113708496,0.523213511649091,1.4354724884033203,0.5719092013206434,1.004849195480347,0.5483421460075211,1.0128493309020996,0.4879915684416623,0.989060640335083,0.4432572266940866,0.9899513721466064,0.3928777990427033,1.4243474006652832,0.4892535401458416,1.68105149269104,0.4537832176456143,0.3581476211547851,0.4255377112718599,1.0335092544555664,0.3754949146638124,0.996751308441162,0.3145271469341376,1.419950008392334,0.4274726882243118,1.0040295124053955,0.3870400490931682,1.000951051712036,0.98,0.8694353103637695,7002,0.7972738742828369,0.0,0.8103363513946533,0.0307290349755301,0.0703868865966796,10.632087370837,0.0051190853118896,-,15.0,0.418,0.0026023387908935,1,0,2677,['cluster'],['intersecting']
figure_category_based_markersize110_n500-d5-c5-spr0.2-out0_pca.png,n500-d5-c5-spr0.2-out0_pca,500,5,110,0.4220229366170791,0.3819653987884521,0.3916797742812643,1.0622012615203855,0.3661453015990759,1.471768856048584,0.4191559475269388,1.0693359375,0.3967386268480243,1.0496842861175537,0.3469980037287229,1.0477087497711182,0.3089934869236123,1.0307133197784424,0.2627084902112161,1.4957144260406494,0.3460494614401376,1.055461883544922,0.3166177650049014,1.0849082469940186,0.2946217568130225,1.0820677280426023,0.2551331324051323,1.085885524749756,0.2048405949050713,1.5191075801849363,0.2946572397091239,1.085301160812378,0.2634203582034397,1.0919795036315918,0.95,0.946685791015625,19781,0.8450198173522949,0.0,0.1165390014648437,0.0307290349755301,0.069481611251831,10.632087370837,0.0052576065063476,-,15.0,0.418,0.0028262138366699,1,0,9385,['cluster'],['intersecting']
figure_category_based_markersize160_n500-d5-c5-spr0.2-out0_pca.png,n500-d5-c5-spr0.2-out0_pca,500,5,160,0.3424523702983412,0.4349813461303711,0.3167355647727421,1.1290762424468994,0.2903687124659424,1.58556866645813,0.3393976476980227,0.4267446994781494,0.3204032589901495,1.1431481838226318,0.2784526605042938,1.1279969215393066,0.2478665386857398,1.1282048225402832,0.2069612943537234,1.5517568588256836,0.2773210526861926,1.1515848636627195,0.2537171410049992,1.1419594287872314,0.2346076653953851,1.1609480381011963,0.203597545205184,1.13824725151062,0.160778283190062,1.5855765342712402,0.2344412241829936,1.1647396087646484,0.2100078268095848,0.4342255592346191,0.896,0.9392540454864502,33244,0.9242336750030518,0.0,0.8681268692016602,0.0307290349755301,0.0702695846557617,10.632087370837,0.0051667690277099,-,15.0,0.418,0.0026073455810546,5,0,18093,['cluster'],['intersecting']
figure_ascending_markersize10_n500-d5-c5-spr0.2-out0_pca.png,n500-d5-c5-spr0.2-out0_pca,500,5,10,0.9246899827085742,1.0925230979919434,0.8998877568224927,0.3195178508758545,0.8576199961240346,1.440582513809204,0.9227764625447707,1.0557856559753418,0.9033924500658722,1.083613395690918,0.8858396632857081,1.099262237548828,0.8451090502332631,1.0583288669586182,0.7810674463294254,1.4910032749176023,0.884983490038349,0.3256382942199707,0.8524284007268219,1.0604889392852783,0.8501222638163088,1.0550334453582764,0.7966167416910866,1.071601629257202,0.7170613857367508,1.4967970848083496,0.8501643968138449,0.3263642787933349,0.8069074626918864,1.055522918701172,1.0,0.8968231678009033,230,0.8988890647888184,0.0,0.117206335067749,0.0307290349755301,0.0708658695220947,10.632087370837,0.0052680969238281,0.011505470995869084,12.160325527191162,0.418,0.0025186538696289,0,0,0,['cluster'],['intersecting']
figure_ascending_markersize60_n500-d5-c5-spr0.2-out0_pca.png,n500-d5-c5-spr0.2-out0_pca,500,5,60,0.6689774596246165,1.1114041805267334,0.5776437741745247,1.1056303977966309,0.4625935752621339,1.5392663478851318,0.6671253871610094,0.3525543212890625,0.5972454709292969,1.098254680633545,0.5651364209505697,1.109961748123169,0.4736686223636773,1.1335532665252686,0.3591731054041814,1.5726075172424316,0.5650040152602993,0.3754029273986816,0.4922297702833035,1.0942087173461914,0.4892009288871141,1.1323635578155518,0.4014145152068065,1.1600244045257568,0.2935460213388788,0.782529354095459,0.4899968936987172,1.1084942817687988,0.4186220353017995,1.1801316738128662,0.98,0.990720272064209,7002,0.1298232078552246,0.0,0.8834843635559082,0.0307290349755301,0.0710458755493164,10.632087370837,0.0053157806396484,0.02408998383787928,13.96762728691101,0.418,0.0025146007537841,0,0,0,['cluster'],['intersecting']
figure_ascending_markersize110_n500-d5-c5-spr0.2-out0_pca.png,n500-d5-c5-spr0.2-out0_pca,500,5,110,0.5168658978649395,1.2055647373199463,0.4273690650869659,0.3968758583068847,0.3096568837889231,1.5965447425842283,0.5151324035833111,1.1887898445129397,0.447126092116787,1.1943786144256592,0.4177839250630264,1.192636013031006,0.3375394522024074,1.2146556377410889,0.233649499922423,0.8242385387420654,0.4179113621509405,1.1932110786437988,0.3547621686715941,1.1829328536987305,0.3505787970456905,1.205951452255249,0.2789139382248191,0.3940749168395996,0.1876014505690771,1.6406011581420898,0.3515611551169901,1.2014381885528564,0.2940247595569888,1.2214818000793457,0.95,0.2097625732421875,19781,0.9764120578765868,0.0,0.9775123596191406,0.0307290349755301,0.0732333660125732,10.632087370837,0.0053052902221679,-,15.0,0.418,0.0026242733001708,3,0,0,['cluster'],['intersecting']
figure_ascending_markersize160_n500-d5-c5-spr0.2-out0_pca.png,n500-d5-c5-spr0.2-out0_pca,500,5,160,0.4300991584975177,0.457902193069458,0.3499758684726878,1.3499257564544678,0.2372576091107495,1.7685377597808838,0.4290469630857757,1.314281940460205,0.3682124441505774,0.4601778984069824,0.3430552715033288,0.4470934867858886,0.2752981491703479,1.329331636428833,0.1801220419979916,1.7737436294555664,0.3440085510811685,1.3371849060058594,0.2909616730898758,0.4593667984008789,0.2853132897715533,1.310248613357544,0.2268854228916895,1.3960800170898438,0.145164115489368,1.7937583923339844,0.2871037210326542,0.4366738796234131,0.240504053183719,1.30466890335083,0.896,1.1431481838226318,33244,0.1505916118621826,0.0,1.0469341278076172,0.0307290349755301,0.0738513469696044,10.632087370837,0.005415916442871,-,15.0,0.418,0.0026056766510009,2,0,0,['cluster'],['intersecting']
figure_descending_markersize10_n500-d5-c5-spr0.2-out0_pca.png,n500-d5-c5-spr0.2-out0_pca,500,5,10,0.8485534864671366,1.2338430881500244,0.8730347529730984,1.2330594062805176,0.91864044316395,0.7589757442474365,0.8453325338772134,1.276305913925171,0.8644189131624908,1.2301256656646729,0.8146372257547789,1.251935958862305,0.8206377587701834,0.3395276069641113,0.8322204585185944,1.731682062149048,0.8124047788228511,1.1999433040618896,0.8168601238945227,1.3619389533996582,0.7833279954689831,0.3345699310302734,0.7741740924650378,1.256397724151611,0.7606620952035744,1.7830567359924316,0.7819460800757914,1.5361742973327637,0.774261627911373,0.3997583389282226,1.0,1.2819695472717283,230,0.1236035823822021,0.0,1.0393633842468262,0.0307290349755301,0.0733683109283447,10.632087370837,0.0053949356079101,0.011505470995869084,12.515761613845823,0.418,0.0025398731231689,0,0,104,['cluster'],['intersecting']
figure_descending_markersize60_n500-d5-c5-spr0.2-out0_pca.png,n500-d5-c5-spr0.2-out0_pca,500,5,60,0.4911822300385912,0.3723657131195068,0.5178200317271741,1.3151235580444336,0.5888413953127882,1.7537004947662354,0.4949081548518123,1.2729637622833252,0.5143202451906574,0.3800885677337646,0.4281195144583798,1.3225922584533691,0.4272347070801731,1.3465118408203125,0.4322170552039802,0.8208637237548828,0.432036380793906,1.3078961372375488,0.4298816705610645,1.305400848388672,0.3794075155704381,0.364797830581665,0.3636238360780401,1.3207554817199707,0.3414070986379443,1.7594778537750244,0.3833381535716287,0.3677568435668945,0.3692586044449644,1.3183846473693848,0.98,1.1350247859954834,7002,1.0996930599212646,0.0,0.1238861083984375,0.0307290349755301,0.0746300220489502,10.632087370837,0.0055770874023437,0.024089983837879275,14.861854076385498,0.418,0.0028133392333984,1,0,3989,['cluster'],['intersecting']
figure_descending_markersize110_n500-d5-c5-spr0.2-out0_pca.png,n500-d5-c5-spr0.2-out0_pca,500,5,110,0.3447243640798362,1.446751832962036,0.3680285620944722,0.4096941947937011,0.4315519877679616,1.8142356872558596,0.3471187492501697,1.3796417713165283,0.3646955793875406,0.4057345390319824,0.2919054967414225,1.3881676197052002,0.2916037256110939,1.386188268661499,0.2959734546318411,0.8517117500305176,0.2946423661547975,1.3612322807312012,0.2937910786074099,0.3998792171478271,0.2531219972645678,1.3582525253295898,0.241461759953762,1.360219955444336,0.2252178783629972,1.8097131252288816,0.255948787502531,0.4032211303710937,0.2459694396529451,1.3350768089294434,0.95,0.2149264812469482,19781,1.1267812252044678,0.0,1.1435794830322266,0.0307290349755301,0.073185920715332,10.632087370837,0.0055105686187744,-,15.0,0.418,0.0026936531066894,1,0,13775,['cluster'],['intersecting']
figure_descending_markersize160_n500-d5-c5-spr0.2-out0_pca.png,n500-d5-c5-spr0.2-out0_pca,500,5,160,0.2713426069897066,0.4405131340026855,0.2934104873470655,1.453453779220581,0.3550122328962448,0.8946409225463867,0.2734490995755848,1.437154769897461,0.2901766351814835,1.390042066574097,0.2277071587404621,0.4447839260101318,0.2297330126904985,1.377536058425903,0.2379348119844639,1.9102039337158203,0.22968987538293,0.4474916458129883,0.2308480035211964,1.3844459056854248,0.1961617739876482,0.4469799995422363,0.1887660251413004,1.4408655166625977,0.1789273884843621,1.8979384899139404,0.1980039138285197,0.451667308807373,0.191661480542066,1.410594463348389,0.896,1.2614758014678955,33244,0.1596662998199463,0.0,1.1232542991638184,0.0307290349755301,0.0741591453552246,10.632087370837,0.005408763885498,-,15.0,0.418,0.0026187896728515,2,0,26618,['cluster'],['intersecting']
figure_category_based_markersize10_ms_interleaved_400_800_3d_50_pca.png,ms_interleaved_400_800_3d_50_pca,1892,3,10,0.6892216999569835,0.6637723445892334,0.6615872122784124,0.5976295471191406,0.6420192080115162,0.9158709049224854,0.6948644138148024,0.6593730449676514,0.6753303354720235,0.5763018131256104,0.6209854238325907,0.5655636787414551,0.5876922580469233,0.6822960376739502,0.5563414746759906,0.941030740737915,0.6246290037686479,0.6108736991882324,0.6015575134478914,0.6464593410491943,0.5650433990762078,0.6292691230773926,0.5286459691115248,0.6951196193695068,0.4908388267982231,0.978774070739746,0.5672886766136608,0.651923656463623,0.5423152115929559,0.6820738315582275,0.9862579281183932,0.5469644069671631,2461,0.3517675399780273,0.0,0.3529424667358398,0.0308019546368608,0.248070478439331,5.2093132698419335,0.0173587799072265,-,15.0,0.4260042283298097,0.0066316127777099,0,0,680,['cluster'],['intersecting']
figure_category_based_markersize60_ms_interleaved_400_800_3d_50_pca.png,ms_interleaved_400_800_3d_50_pca,1892,3,60,0.2983420451787892,0.5707559585571289,0.2739291194424669,0.8698458671569824,0.2520913787041243,1.0519120693206787,0.3027278732381425,0.8031251430511475,0.2865421898106483,0.8151309490203857,0.2323513871894583,0.8058922290802002,0.2112197550330737,0.7785165309906006,0.186755482091666,1.0724833011627195,0.2342522985899529,0.814225435256958,0.2202751254498043,0.920353889465332,0.1902661700458022,0.8278977870941162,0.1718735209445794,0.8597524166107178,0.1483156950330914,1.1238853931427002,0.1910399824060848,0.8560969829559326,0.1789015340751913,0.8509256839752197,0.8826638477801269,0.8681139945983887,48334,0.3233542442321777,0.0,0.4328186511993408,0.0308019546368608,0.2468962669372558,5.2093132698419335,0.0169827938079834,-,15.0,0.4260042283298097,0.0060398578643798,12,0,19806,['cluster'],['intersecting']
figure_category_based_markersize110_ms_interleaved_400_800_3d_50_pca.png,ms_interleaved_400_800_3d_50_pca,1892,3,110,0.2180260364838975,0.8490023612976074,0.1973853526731229,1.023923635482788,0.1762302643353841,1.1434659957885742,0.2205988098763612,0.974724531173706,0.2080336579794897,1.0379934310913086,0.1604105604629546,0.978508710861206,0.1444379512230361,0.9949350357055664,0.1234610770718224,1.2974777221679688,0.1612779195980042,1.0455424785614014,0.1513414036023314,1.0156044960021973,0.1268810288772727,1.0737698078155518,0.1138881567511986,1.0779407024383545,0.0950114862528181,1.3343322277069092,0.1270997257534639,1.0071446895599363,0.118930955851162,1.0653767585754397,0.654862579281184,0.845350980758667,98077,0.5676696300506592,0.0,0.3254094123840332,0.0308019546368608,0.2468996047973632,5.2093132698419335,0.0171258449554443,-,15.0,0.4260042283298097,0.0063400268554687,78,0,53239,['cluster'],['intersecting']
figure_category_based_markersize160_ms_interleaved_400_800_3d_50_pca.png,ms_interleaved_400_800_3d_50_pca,1892,3,160,0.1896538915535156,0.886559247970581,0.1706166620908696,1.2095720767974854,0.1486220678167037,1.363891839981079,0.1911877373814444,1.2510950565338137,0.1802770659554212,1.0589563846588137,0.1350882848673331,1.101945161819458,0.1214153357390898,1.2811198234558103,0.1011375699188475,1.3104712963104248,0.1354419973226273,1.2228062152862549,0.1272790810970578,1.292832612991333,0.1049057061907208,1.0625429153442385,0.0942392360935032,1.209125518798828,0.0766485034324291,1.540297269821167,0.1048656880507616,1.0641701221466064,0.0983624233180361,1.1558492183685305,0.4608879492600423,0.6141738891601562,129771,0.683997631072998,0.0,0.3991858959197998,0.0308019546368608,0.2478229999542236,5.2093132698419335,0.0172269344329834,-,15.0,0.4260042283298097,0.0061380863189697,176,0,87201,['cluster'],['intersecting']
figure_ascending_markersize10_ms_interleaved_400_800_3d_50_pca.png,ms_interleaved_400_800_3d_50_pca,1892,3,10,0.763494452381575,0.9551703929901124,0.6695099490817049,0.7726447582244873,0.5869499590984872,1.0262489318847656,0.7607979006052865,0.7853484153747559,0.6976690744346548,0.774547815322876,0.6809095858402509,0.7343404293060303,0.5940358798770506,0.7505679130554199,0.5150716698829729,1.1984353065490725,0.6773395564991803,0.5545299053192139,0.6194626675191985,0.9683988094329834,0.6144467542644683,0.7898287773132324,0.5338543135516158,0.9976236820220948,0.45887725115653,1.074821949005127,0.6103816416041468,0.580040693283081,0.5570223009791473,1.016432285308838,0.9862579281183932,0.5453801155090332,2461,0.6118602752685547,0.0,0.3651807308197021,0.0308019546368608,0.246819257736206,5.2093132698419335,0.0172953605651855,-,15.0,0.4260042283298097,0.0058779716491699,0,0,0,['cluster'],['intersecting']
figure_ascending_markersize60_ms_interleaved_400_800_3d_50_pca.png,ms_interleaved_400_800_3d_50_pca,1892,3,60,0.3903551526387409,0.7004804611206055,0.2834450546130014,0.9577317237854004,0.1947061805867065,1.1904044151306152,0.3869247771903381,0.935255765914917,0.3139188268655255,1.187715768814087,0.2902078438731067,0.9729812145233154,0.2223671924559161,0.981480360031128,0.1547828923511175,0.9777264595031738,0.2863546309092417,1.1946077346801758,0.2407326959949809,0.9727706909179688,0.2309552675183307,0.9752519130706788,0.1829453947525675,0.7092344760894775,0.1284458680366144,1.48172926902771,0.2272797037002848,0.727031946182251,0.1952197304753767,0.9786741733551024,0.8826638477801269,1.1129093170166016,48334,0.4518992900848388,0.0,0.6804502010345459,0.0308019546368608,0.2475526332855224,5.2093132698419335,0.017064094543457,-,15.0,0.4260042283298097,0.0060224533081054,9,0,0,['cluster'],['intersecting']
figure_ascending_markersize110_ms_interleaved_400_800_3d_50_pca.png,ms_interleaved_400_800_3d_50_pca,1892,3,110,0.2929396938591625,0.5881612300872803,0.2069850625854502,1.1514723300933838,0.1223499381779527,1.3797392845153809,0.2896208190652145,1.115776538848877,0.232268525049722,1.1388144493103027,0.2049271395482962,1.3817877769470217,0.1554996831936473,0.8669428825378418,0.095357288273684,1.4018847942352295,0.2017001195923041,1.418437957763672,0.169659442612248,0.9049341678619384,0.1575822004229721,1.1385951042175293,0.1245253090126522,1.1517651081085205,0.0781221115485126,1.4585978984832764,0.1547288204700431,1.2034244537353516,0.1336369649499991,0.9095382690429688,0.654862579281184,1.117016315460205,98077,0.5341625213623047,0.0,0.4565491676330566,0.0308019546368608,0.2440993785858154,5.2093132698419335,0.0169582366943359,-,15.0,0.4260042283298097,0.0061283111572265,56,0,0,['cluster'],['intersecting']
figure_ascending_markersize160_ms_interleaved_400_800_3d_50_pca.png,ms_interleaved_400_800_3d_50_pca,1892,3,160,0.2554060686555641,0.686286449432373,0.1805450565728307,1.302985906600952,0.0946930669828725,1.5594186782836914,0.2518957289732612,1.2994990348815918,0.2029781570948688,1.291060209274292,0.1729744128953069,1.3166732788085938,0.1325668975025269,1.301090955734253,0.0730775951014518,1.5672369003295898,0.1699030199469992,1.0310554504394531,0.1440921990596443,1.271878004074097,0.130769039638752,1.3325939178466797,0.1047346456329104,1.3188447952270508,0.0594964193984409,1.5754940509796145,0.1281800751194867,1.3230605125427246,0.1116898701540062,1.0268685817718506,0.4608879492600423,0.7263650894165039,129771,0.9273858070373536,0.0,0.4882388114929199,0.0308019546368608,0.247870922088623,5.2093132698419335,0.0170674324035644,-,15.0,0.4260042283298097,0.0060842037200927,152,0,0,['cluster'],['intersecting']
figure_descending_markersize10_ms_interleaved_400_800_3d_50_pca.png,ms_interleaved_400_800_3d_50_pca,1892,3,10,0.624449700309045,0.9778835773468018,0.6559468018394898,0.9720847606658936,0.6854319791241414,1.2585303783416748,0.629351770225413,0.6801648139953613,0.6478385146125364,0.9907224178314208,0.566551882642449,0.996469259262085,0.5816683188080991,0.9907684326171876,0.5874900908602085,0.9394466876983644,0.5699799936218776,0.9867863655090332,0.5782195406806092,0.6869699954986572,0.5184794316760934,1.016268968582153,0.5225010436621498,1.00779128074646,0.5140387144094619,0.9659955501556396,0.5208445676507265,1.037088394165039,0.522111615441384,0.6950457096099854,0.9862579281183932,1.0341157913208008,2461,0.5242187976837158,0.0,0.1288347244262695,0.0308019546368608,0.2461254596710205,5.2093132698419335,0.0171968936920166,-,15.0,0.4260042283298097,0.0060796737670898,0,0,1501,['cluster'],['intersecting']
figure_descending_markersize60_ms_interleaved_400_800_3d_50_pca.png,ms_interleaved_400_800_3d_50_pca,1892,3,60,0.2362614098299001,1.1984572410583496,0.2663407987736435,0.8281786441802979,0.3066609321377629,1.447399377822876,0.2385008532516701,0.8382568359375,0.2573433807760138,1.175884246826172,0.1911142934953617,0.8263874053955078,0.2028089484302733,1.1845805644989014,0.2149391921986283,1.08683443069458,0.1924140098308907,1.17268967628479,0.2006894354200971,1.187864065170288,0.1604533204280848,0.8332598209381104,0.1637489421082648,1.198411464691162,0.165452610398291,1.121464729309082,0.1612540038055908,0.8442065715789795,0.1644794190869652,1.2353103160858154,0.8826638477801269,0.9748075008392334,48334,0.5501089096069336,0.0,0.5282361507415771,0.0308019546368608,0.2454988956451416,5.2093132698419335,0.0170872211456298,-,15.0,0.4260042283298097,0.005925178527832,11,0,42357,['cluster'],['intersecting']
figure_descending_markersize110_ms_interleaved_400_800_3d_50_pca.png,ms_interleaved_400_800_3d_50_pca,1892,3,110,0.163803069836112,1.3346576690673828,0.1897960053355404,1.0302283763885498,0.2322255282587186,1.649324893951416,0.1640134102883704,1.0030674934387207,0.1809661531689783,1.355914831161499,0.1266669518727916,0.9959661960601808,0.1364799203850832,0.9824264049530028,0.148319851536547,1.6427891254425049,0.1268338659042195,1.0204284191131592,0.134157663128299,0.9979639053344728,0.1032572878927714,1.3668527603149414,0.1065489736324012,1.3914735317230225,0.1089536728157382,1.2803950309753418,0.1033955434516538,1.0046319961547852,0.1065877916538892,0.9805452823638916,0.654862579281184,1.3679287433624268,98077,0.2082860469818115,0.0,1.0171689987182615,0.0308019546368608,0.2468316555023193,5.2093132698419335,0.0173170566558837,-,15.0,0.4260042283298097,0.0059750080108642,99,0,117625,['cluster'],['intersecting']
figure_descending_markersize160_ms_interleaved_400_800_3d_50_pca.png,ms_interleaved_400_800_3d_50_pca,1892,3,160,0.1383154113458548,0.7037677764892578,0.1626595320951436,1.542975902557373,0.2088430452774571,1.4104878902435305,0.1375207956556965,1.1155920028686523,0.1537458242910081,1.5327837467193604,0.1042119101022009,1.1320486068725586,0.1131781045178212,1.106095552444458,0.1261117804854283,1.7855360507965088,0.103875084741283,1.143578052520752,0.1108879479521157,1.1166303157806396,0.0835993743171197,1.1255974769592283,0.0867795523915234,1.137385368347168,0.0903288368432126,1.8038783073425293,0.0834566562622076,1.1374893188476562,0.0867153512737453,1.1372897624969482,0.4608879492600423,0.8547163009643555,129771,0.6881616115570068,0.0,1.0579533576965332,0.0308019546368608,0.2449524402618408,5.2093132698419335,0.0170137882232666,-,15.0,0.4260042283298097,0.0060067176818847,174,0,198118,['cluster'],['intersecting']
figure_category_based_markersize10_worldmap_tsne.png,worldmap_tsne,192,13,10,1.0,0.3540840148925781,1.0,0.7555997371673584,1.0,2.236945152282715,1.0,0.7805156707763672,1.0,0.7785027027130127,0.9580580461617506,0.7611804008483887,0.9532675486256842,0.774463415145874,0.9443043115766936,2.2286205291748047,0.9642102428995288,0.7652556896209717,0.9638781699499392,0.8015992641448975,0.9194927247458538,0.7680809497833252,0.9107079343666892,0.7723174095153809,0.8944853350561873,2.2254233360290527,0.9308937806053248,0.7838525772094727,0.9302749367836104,0.7845122814178467,1.0,0.5849261283874512,29,0.6119999885559082,0.0,0.604229211807251,0.0290426928841637,0.0189595222473144,8.799015983827363,0.0024778842926025,0.013170406903165835,2.612605094909668,0.0885416666666666,0.0027155876159667,0,0,0,['cluster'],"['intersecting','separated']"
figure_category_based_markersize60_worldmap_tsne.png,worldmap_tsne,192,13,60,0.9936484502940128,0.7989790439605713,0.9934552762338228,0.7957355976104736,0.9948808433001074,1.8252098560333248,0.9977916970386028,0.8165493011474609,0.997739419275496,1.3211748600006104,0.5722220209712157,0.83396315574646,0.552956069062128,0.83831787109375,0.5097132054609383,1.8351421356201167,0.5941976961824942,0.8058326244354248,0.5862018880795241,0.805413007736206,0.4018073760988003,0.8450460433959961,0.3830924417005603,0.847426176071167,0.3426265491653574,2.353564500808716,0.4230709136970967,0.8378541469573975,0.4150190146762816,0.824965238571167,1.0,0.6395189762115479,2616,0.1238603591918945,0.0,0.6184868812561035,0.0290426928841637,0.0187635421752929,8.799015983827363,0.0024645328521728,0.036706156183724595,3.0530526638031006,0.0885416666666666,0.5469231605529785,0,0,0,['cluster'],"['intersecting','separated']"
figure_category_based_markersize110_worldmap_tsne.png,worldmap_tsne,192,13,110,0.9296619969321532,0.3483617305755615,0.9365694719716476,0.8526825904846191,0.918467052951744,2.361092329025269,0.9706075918317136,0.8645045757293701,0.9711871008028864,0.8803834915161133,0.3837573693969365,0.8957312107086182,0.3649901628008278,0.854947566986084,0.325024263003048,1.8704793453216555,0.4007859183190232,0.8498992919921875,0.3906014620601576,0.8551626205444336,0.2417814529383019,0.8685004711151123,0.2266610882981077,0.8890533447265625,0.1974483322401918,2.43719220161438,0.2525308131773995,0.8956398963928223,0.2444604753262086,0.8814516067504883,0.9791666666666666,0.1370179653167724,8963,0.6819922924041748,0.0,0.6743865013122559,0.0290426928841637,0.019129991531372,8.799015983827363,0.0025689601898193,0.05231222881032958,3.2912845611572266,0.0885416666666666,0.0028591156005859,0,0,0,['cluster'],"['intersecting','separated']"
figure_category_based_markersize160_worldmap_tsne.png,worldmap_tsne,192,13,160,0.855770942466681,0.9274177551269532,0.8641618961618741,0.8966147899627686,0.813903370493181,1.9188451766967771,0.9405799071077796,0.9169726371765136,0.9396879360684186,0.922440767288208,0.311944751402911,0.8844926357269287,0.2957518098783116,0.9233903884887696,0.2574015643160933,1.9390769004821775,0.3335399422686228,0.3614139556884765,0.3221450344112059,1.4758453369140625,0.1907357821119695,0.9168713092803956,0.1784046092968174,0.9264321327209472,0.1528744960494942,1.384605884552002,0.2027119020648707,1.4778037071228027,0.1943936603147913,0.9444913864135742,0.921875,0.1333928108215332,15092,0.7099418640136719,0.0,0.70639967918396,0.0290426928841637,0.0188117027282714,8.799015983827363,0.0024218559265136,0.0630533497201146,3.862625598907471,0.0885416666666666,0.0027594566345214,0,0,13,['cluster'],"['intersecting','separated']"
figure_ascending_markersize10_worldmap_tsne.png,worldmap_tsne,192,13,10,1.0,0.917611837387085,1.0,1.4819214344024658,1.0,1.352897882461548,1.0,1.496379852294922,1.0,0.3203318119049072,0.9606562678119368,0.9053897857666016,0.9533953711317824,0.9345686435699464,0.9412536973776706,1.947637796401977,0.9652194125372427,0.321028470993042,0.9641798370756968,0.9130654335021972,0.9242912022854356,1.524766445159912,0.9109412903732038,0.3370182514190674,0.8890266677166663,2.5506508350372314,0.9327768845218908,0.3310673236846924,0.9308371004804992,1.5233991146087646,1.0,0.1190900802612304,29,0.7647078037261963,0.0,0.7325420379638672,0.0290426928841637,0.0190458297729492,8.799015983827363,0.0023870468139648,0.013170406903165836,2.4499404430389404,0.0885416666666666,0.0026717185974121,0,0,0,['cluster'],"['intersecting','separated']"
figure_ascending_markersize60_worldmap_tsne.png,worldmap_tsne,192,13,60,0.9963295480616984,0.9456121921539308,0.9934907158546284,0.933931827545166,0.9947652872299224,1.3551654815673828,0.9978123789118004,1.5699677467346191,0.9977478681275168,0.3363363742828369,0.599729775248717,0.9701426029205322,0.5573956407208566,0.9441940784454346,0.4783406895698279,2.578299045562744,0.6127161332174524,0.330078125,0.5932919860676893,0.9441299438476562,0.4289725881837885,0.9758238792419434,0.3873621279707488,0.98949933052063,0.314875528357788,1.997929811477661,0.4420940990641845,0.9926879405975342,0.4221610548374928,0.9750511646270752,1.0,0.7811686992645264,2616,0.7937426567077637,0.0,0.7982184886932373,0.0290426928841637,0.0188796520233154,8.799015983827363,0.0024704933166503,0.0367061561837246,2.772233724594116,0.0885416666666666,0.0027699470520019,0,0,0,['cluster'],"['intersecting','separated']"
figure_ascending_markersize110_worldmap_tsne.png,worldmap_tsne,192,13,110,0.9376626016559956,0.3551111221313476,0.9285348631727312,1.0399878025054932,0.9085164618892204,2.01878023147583,0.9722985307243877,1.013357400894165,0.9715208644432168,1.0075092315673828,0.4208090936932717,1.0360713005065918,0.3664664340022593,1.039491891860962,0.2815131920295426,2.029756784439087,0.4299179971873414,0.3592956066131592,0.401474075643766,0.9838991165161132,0.2712771257627168,1.0146629810333252,0.2282813018739392,1.0225863456726074,0.1665620857287976,2.0387723445892334,0.2759717532644747,0.9992380142211914,0.2530154548848562,1.0090703964233398,0.9791666666666666,0.821138858795166,8963,0.8445820808410645,0.0,0.1212012767791748,0.0290426928841637,0.0187828540802001,8.799015983827363,0.0024511814117431,0.05231222881032958,3.077970027923584,0.0885416666666666,0.0026600360870361,0,0,0,['cluster'],"['intersecting','separated']"
figure_ascending_markersize160_worldmap_tsne.png,worldmap_tsne,192,13,160,0.866849315668024,1.0494158267974854,0.8489864859406968,1.0690367221832275,0.774084193314616,2.088984489440918,0.94610873226272,0.3543887138366699,0.9419323152923932,1.0221972465515137,0.3506054200274375,1.0461645126342771,0.2959882149329679,1.0456368923187256,0.2076249040990518,2.124307632446289,0.3674182921719652,1.0542423725128174,0.3350735385477267,1.0687570571899414,0.2197408431588872,1.082326889038086,0.1792387493732528,0.3691949844360351,0.1198910430702288,2.064312219619751,0.2279760252495503,1.0665311813354492,0.2037825472913564,1.0931782722473145,0.921875,0.8984889984130859,15092,0.8769824504852295,0.0,0.1237256526947021,0.0290426928841637,0.0189630985260009,8.799015983827363,0.0025227069854736,0.06305334972011462,3.417136907577514,0.0885416666666666,0.0026311874389648,0,0,0,['cluster'],"['intersecting','separated']"
figure_descending_markersize10_worldmap_tsne.png,worldmap_tsne,192,13,10,1.0,1.037735939025879,1.0,1.0494301319122314,1.0,2.0659327507019043,1.0,0.3252327442169189,1.0,1.0378761291503906,0.9567733462516508,1.0464255809783936,0.9531261728751842,1.037210464477539,0.9464534134047085,2.073403596878052,0.963302738153624,0.3197212219238281,0.9635813607877672,1.0675971508026123,0.9171289314876412,1.0769753456115725,0.910449901582596,1.1203792095184326,0.8983498456041966,2.099663019180298,0.9292035135097833,1.0784251689910889,0.9297221454065818,1.0985891819000244,1.0,0.1214656829833984,29,0.9391186237335204,0.0,0.9653334617614746,0.0290426928841637,0.0196554660797119,8.799015983827362,0.0026333332061767,0.013170406903165835,1.8747820854187007,0.0885416666666666,0.0027916431427001,0,0,0,['cluster'],"['intersecting','separated']"
figure_descending_markersize60_worldmap_tsne.png,worldmap_tsne,192,13,60,0.993542207098186,1.1065237522125244,0.9934117517397746,1.1335527896881104,1.0000000753978449,2.248865365982056,0.99683326592266,0.3636705875396728,0.995469222335288,1.145716667175293,0.5439229422758037,1.099691390991211,0.5507150400750309,1.1436471939086914,0.543248269449939,2.237110376358032,0.5751726267656849,1.1319546699523926,0.5777966561563103,0.3456764221191406,0.3744628796394206,1.2149841785430908,0.3809508867968247,1.2150495052337646,0.3729175279374507,2.240645408630371,0.404197160068844,0.3458709716796875,0.4070212859366203,1.120271921157837,1.0,0.956472635269165,2616,0.1283795833587646,0.0,0.931792974472046,0.0290426928841637,0.0192809104919433,8.799015983827362,0.0024561882019042,0.03670615618372458,2.9517993927001958,0.0885416666666666,0.0028586387634277,0,0,11,['cluster'],"['intersecting','separated']"
figure_descending_markersize110_worldmap_tsne.png,worldmap_tsne,192,13,110,0.9036432803921128,0.3866925239562988,0.924700844671035,1.1975364685058594,0.9999745283674644,2.212721586227417,0.9501195677823048,1.170358419418335,0.9447115763487536,0.3559081554412842,0.3463864996815509,1.182710886001587,0.3594051914717744,1.207885503768921,0.3729629488170005,2.2596776485443115,0.3725003870800002,0.3579514026641845,0.3755355633719783,1.18733811378479,0.2142582105305152,1.2301857471466064,0.2230490371005109,1.2626302242279053,0.2292296455555418,2.3449723720550537,0.2316625844060371,0.3698985576629638,0.2343455330168996,1.1959140300750732,0.9791666666666666,0.99139142036438,8963,0.1311933994293213,0.0,1.0338141918182373,0.0290426928841637,0.0195310115814209,8.799015983827362,0.0025005340576171,0.05231222881032958,3.2448039054870605,0.0885416666666666,0.002803087234497,0,0,218,['cluster'],"['intersecting','separated']"
figure_descending_markersize160_worldmap_tsne.png,worldmap_tsne,192,13,160,0.7920073792033353,0.3714826107025146,0.840141483910464,1.2518973350524902,0.9842299484580528,1.4684076309204102,0.8845525576213947,1.2047431468963623,0.8799944933558438,1.2083351612091064,0.2708677857217487,1.206376314163208,0.2883114356524711,1.2288143634796145,0.3146057196086553,1.435096025466919,0.299257996735641,1.2455968856811523,0.3031668699062589,1.2617533206939695,0.1633703534658048,0.3922963142395019,0.1740139017067967,1.260063409805298,0.1872259207877377,2.3700671195983887,0.1800931696012189,0.3611693382263183,0.1831281753673861,1.2153596878051758,0.921875,1.0224168300628662,15092,0.1374926567077636,0.0,1.033820867538452,0.0290426928841637,0.0202314853668212,8.799015983827362,0.0025725364685058,0.06305334972011463,3.636131763458252,0.0885416666666666,0.0027241706848144,0,0,715,['cluster'],"['intersecting','separated']"
figure_category_based_markersize10_n100-d5-c5-spr0.2-out0_umap.png,n100-d5-c5-spr0.2-out0_umap,100,5,10,1.0,0.3071343898773193,1.0,1.1795907020568848,1.0,1.583200216293335,1.0,0.3136045932769775,1.0,1.1764633655548096,1.0,1.1871109008789062,1.0,0.3319814205169678,1.0,1.6625802516937256,1.0,1.264101505279541,1.0,1.2387526035308838,1.0,0.3179454803466797,1.0,1.243541240692139,1.0,1.6964471340179443,1.0,0.3238213062286377,1.0,1.2305619716644287,1.0,1.0761024951934814,0,0.1140031814575195,0.0,1.0753984451293943,0.0294859103711952,0.0156047344207763,22.48810698702921,0.0024957656860351,0.0023688968483956715,0.7300624847412109,0.38,0.0008070468902587,0,0,0,['cluster'],['intersecting']
figure_category_based_markersize60_n100-d5-c5-spr0.2-out0_umap.png,n100-d5-c5-spr0.2-out0_umap,100,5,60,0.9293315177391588,1.2784476280212402,0.9524329312129935,1.2600305080413818,1.0539915263127906,0.7380096912384033,0.9230083622432358,1.244368314743042,0.9396721827859104,1.263603925704956,0.9023922093516724,0.3237018585205078,0.9263551233256124,1.2653119564056396,1.0081079485718674,1.6717898845672607,0.8981391375850764,0.3156328201293945,0.9153802413216148,1.242614984512329,0.8769707269117492,1.2836365699768066,0.9016672890727284,0.3252322673797607,0.9660526286004816,1.7058813571929932,0.8745748880495372,1.290830135345459,0.8923126160019967,0.3233757019042969,1.0,1.0940179824829102,95,0.1142168045043945,0.0,1.069183111190796,0.0294859103711952,0.0149295330047607,22.48810698702921,0.0018010139465332,0.014089460842993253,1.7801148891448977,0.38,0.0007517337799072,0,0,30,['cluster'],['intersecting']
figure_category_based_markersize110_n100-d5-c5-spr0.2-out0_umap.png,n100-d5-c5-spr0.2-out0_umap,100,5,110,0.8241215421670451,0.3260006904602051,0.869101840133491,1.284287691116333,1.0542113546233804,0.7361609935760498,0.8275199819810036,1.267693281173706,0.8517140994667936,0.3218731880187988,0.7596769128334208,1.242098093032837,0.8009492150977826,1.2886924743652344,0.922968596677714,1.712271213531494,0.7652418393387703,0.3191688060760498,0.7911733901590123,1.281440019607544,0.7045801753803393,0.3233716487884521,0.7427080505498489,1.264108180999756,0.8207858610990995,1.7520484924316406,0.7116815551492283,0.3193635940551758,0.7386681057089248,1.269601345062256,1.0,1.1214289665222168,620,0.1185085773468017,0.0,1.1239395141601562,0.0294859103711952,0.0151374340057373,22.48810698702921,0.0019011497497558,0.021218038947265528,0.8674643039703369,0.38,0.0008282661437988,0,0,154,['cluster'],['intersecting']
figure_category_based_markersize160_n100-d5-c5-spr0.2-out0_umap.png,n100-d5-c5-spr0.2-out0_umap,100,5,160,0.7583712653477581,1.3195667266845703,0.8127260033759554,1.2747838497161863,1.0328719547042644,0.7486832141876221,0.7682304887044011,1.3148412704467771,0.7957292601524623,1.3010482788085938,0.6727212555245996,0.340686559677124,0.7150530562065096,1.2955424785614014,0.8338576829461862,0.7460367679595947,0.6815805800117658,1.2844061851501465,0.7091516334828566,1.3187954425811768,0.6044545141059539,0.3358728885650635,0.6383379640588616,1.328690528869629,0.6991459084684603,1.7452280521392822,0.6124961850431558,0.3359518051147461,0.639565113993068,1.3129498958587646,1.0,0.1214568614959716,1488,1.101841926574707,0.0,0.1135065555572509,0.0294859103711952,0.0148348808288574,22.48810698702921,0.001760721206665,0.025951761832137776,1.982837200164795,0.38,0.000819444656372,0,0,313,['cluster'],['intersecting']
figure_ascending_markersize10_n100-d5-c5-spr0.2-out0_umap.png,n100-d5-c5-spr0.2-out0_umap,100,5,10,1.0,1.321099042892456,1.0,0.314453125,1.0,1.7142093181610107,1.0,1.3256735801696775,1.0,0.3129544258117676,1.0,1.3213980197906494,1.0,0.3171439170837402,1.0,1.7418136596679688,1.0,1.3271195888519287,1.0,0.3170716762542724,1.0,1.3345379829406738,1.0,0.3107490539550781,1.0,1.7305121421813965,1.0,1.3345510959625244,1.0,0.3153321743011474,1.0,1.136239767074585,0,0.1119337081909179,0.0,1.1246249675750732,0.0294859103711952,0.0148911476135253,22.488106987029205,0.0018532276153564,0.0023688968483956715,0.6081418991088867,0.38,0.0007047653198242,0,0,0,['cluster'],['intersecting']
figure_ascending_markersize60_n100-d5-c5-spr0.2-out0_umap.png,n100-d5-c5-spr0.2-out0_umap,100,5,60,0.9458064217086511,0.6572518348693848,0.9673037176591543,0.5995385646820068,1.0218534185637345,1.0097095966339111,0.9343906881075434,0.6321926116943359,0.9462987904616336,0.5290765762329102,0.9188346368422732,0.5364501476287842,0.9404875836981464,0.6375491619110107,0.9759692703972874,0.996950387954712,0.9097381981189112,0.5539615154266357,0.9220521878952584,0.5818955898284912,0.8933585211304076,0.6802000999450684,0.9151181667289432,0.5837633609771729,0.934028703722326,1.0582258701324463,0.8863531072975321,0.687359094619751,0.8990170644420397,0.6435785293579102,1.0,0.3223438262939453,95,0.2325255870819091,0.0,0.3529348373413086,0.0294859103711952,0.014855146408081,22.488106987029205,0.001932144165039,0.014089460842993255,1.0378844738006592,0.38,0.0007038116455078,0,0,0,['cluster'],['intersecting']
figure_ascending_markersize110_n100-d5-c5-spr0.2-out0_umap.png,n100-d5-c5-spr0.2-out0_umap,100,5,110,0.8691806603676722,0.5451955795288086,0.8899760849016354,0.6587648391723633,0.9472570789815882,1.0385000705718994,0.8554006995063511,0.6587631702423096,0.8668559293195585,0.6778085231781006,0.8006436671075865,0.6618521213531494,0.8189385142622752,0.6622164249420166,0.8355862390605783,1.0677778720855713,0.7913182627077954,0.6536171436309814,0.8053365820802604,0.6597645282745361,0.7421252960350229,0.667719841003418,0.758403055457114,0.6769466400146484,0.7474682326536519,1.1023616790771484,0.736168145696081,0.721794605255127,0.7519704680868475,0.707904577255249,1.0,0.4073805809020996,620,0.4105129241943359,0.0,0.2675886154174804,0.0294859103711952,0.0146398544311523,22.488106987029205,0.0017588138580322,0.021218038947265528,1.0629334449768066,0.38,0.000666856765747,0,0,0,['cluster'],['intersecting']
figure_ascending_markersize160_n100-d5-c5-spr0.2-out0_umap.png,n100-d5-c5-spr0.2-out0_umap,100,5,160,0.8210714999302504,0.7712087631225586,0.8358900974323326,0.7381742000579834,0.8794149359041687,1.1479103565216064,0.8047288809527937,0.7505199909210205,0.8150818163349982,0.7561993598937988,0.7259115420614848,0.8777918815612793,0.7334167781842255,0.6282181739807129,0.7254019760284844,1.1870274543762207,0.7133711482467585,0.6325886249542236,0.7259399220809352,0.7803101539611816,0.6505182435984951,0.6563496589660645,0.6533245129522072,0.8102121353149414,0.6172944768173204,1.0520687103271484,0.6406416043741854,0.7990925312042236,0.654373937899011,0.8372228145599365,1.0,0.299699068069458,1488,0.4814064502716064,0.0,0.4865601062774658,0.0294859103711952,0.0148112773895263,22.488106987029205,0.0017430782318115,0.02595176183213778,1.2302606105804443,0.38,0.0007188320159912,0,0,0,['cluster'],['intersecting']
figure_descending_markersize10_n100-d5-c5-spr0.2-out0_umap.png,n100-d5-c5-spr0.2-out0_umap,100,5,10,1.0,0.4852175712585449,1.0,0.7973883152008057,1.0,1.181431770324707,1.0,0.6393692493438721,1.0,0.6624476909637451,1.0,0.8440184593200684,1.0,0.6816959381103516,1.0,1.071739912033081,1.0,0.8607087135314941,1.0,0.6981635093688965,1.0,0.7247579097747803,1.0,0.693894624710083,1.0,1.1100881099700928,1.0,0.902289628982544,1.0,0.6894359588623047,1.0,0.5272359848022461,0,0.3389403820037842,0.0,0.3393442630767822,0.0294859103711952,0.0145044326782226,22.4881069870292,0.0019202232360839,0.0023688968483956715,1.0417840480804443,0.38,0.0006444454193115,0,0,0,['cluster'],['intersecting']
figure_descending_markersize60_n100-d5-c5-spr0.2-out0_umap.png,n100-d5-c5-spr0.2-out0_umap,100,5,60,0.9270471332381436,0.7462971210479736,0.9524305632368684,0.7481999397277832,1.0569376464708942,1.136974573135376,0.9203111090737078,0.955923318862915,0.938199641450424,0.7334499359130859,0.8991289637991715,0.9656801223754884,0.9263427513940168,0.5439419746398926,1.0125036947203765,1.3710720539093018,0.8947751202796079,0.7569859027862549,0.913579281082717,0.7207956314086914,0.8728431556253431,0.7649037837982178,0.9016459689770407,0.7707798480987549,0.9716550470967412,1.4177916049957275,0.8706179732140754,0.7814171314239502,0.8902180597929088,0.7761411666870117,1.0,0.3594846725463867,95,0.6159300804138184,0.0,0.3587658405303955,0.0294859103711952,0.0148177146911621,22.4881069870292,0.0016953945159912,0.014089460842993255,1.1958200931549072,0.38,0.000706672668457,0,0,35,['cluster'],['intersecting']
figure_descending_markersize110_n100-d5-c5-spr0.2-out0_umap.png,n100-d5-c5-spr0.2-out0_umap,100,5,110,0.8155020873350671,0.5612976551055908,0.8678076673793171,0.7913823127746582,1.0693892916638028,1.2217938899993896,0.8145167530471749,0.8151648044586182,0.8434919653063302,0.8100547790527344,0.749298664390321,0.5684072971343994,0.7996314535084952,0.8146252632141113,0.9499503622787964,1.464508295059204,0.7515434042139343,0.5689704418182373,0.7826961857854631,1.0560956001281738,0.6930370942717177,0.5776259899139404,0.7413870263508202,0.843682050704956,0.8545109604959374,1.514916181564331,0.6976086591319491,0.6008822917938232,0.7300750759506391,0.8290154933929443,1.0,0.6692521572113037,620,0.4050691127777099,0.0,0.3976564407348633,0.0294859103711952,0.0150465965270996,22.4881069870292,0.0017969608306884,0.021218038947265528,1.2939202785491943,0.38,0.000664472579956,0,0,242,['cluster'],['intersecting']
figure_descending_markersize160_n100-d5-c5-spr0.2-out0_umap.png,n100-d5-c5-spr0.2-out0_umap,100,5,160,0.7473575752531547,0.5857424736022949,0.8106095548548145,0.8678114414215088,1.057987302045348,1.278125286102295,0.7500309545473921,0.8648130893707275,0.7823251283886233,0.8899967670440674,0.6598752773106267,0.865485429763794,0.713064924411424,0.5991806983947754,0.8740953083503171,1.266148805618286,0.6633624211533644,0.8845794200897217,0.6964019751539448,0.8998837471008301,0.5907273994144444,0.90773344039917,0.6364747862389997,0.6189634799957275,0.7446631409220139,1.29327130317688,0.5946488041634397,0.8951773643493652,0.6274849903576003,0.9064033031463624,1.0,0.4231388568878174,1488,0.7312660217285156,0.0,0.4277198314666748,0.0294859103711952,0.0146772861480712,22.4881069870292,0.0018162727355957,0.025951761832137776,1.1617581844329834,0.38,0.0006482601165771,0,0,554,['cluster'],['intersecting']
figure_category_based_markersize10_white_ballance_tsne.png,white_ballance_tsne,5473,5,10,0.6549311640159495,1.113334894180298,0.6985642656708653,0.7936186790466309,0.891326785016298,1.5455045700073242,0.661489713641391,1.1413042545318604,0.6914113711620657,1.390190839767456,0.2372864132221257,0.8227584362030029,0.2468998925212933,1.1196308135986328,0.2608376449477765,1.5835578441619873,0.238143943421537,0.8581743240356445,0.2422889482076666,1.382455825805664,0.1448906922772906,1.1667404174804688,0.1499488330339491,1.1441535949707031,0.1527724711315305,1.2747559547424316,0.1452107451156082,1.1927306652069092,0.1468797634597504,1.1030092239379885,0.616846336561301,0.78806471824646,23615,0.92450213432312,0.0537182532431938,0.5494356155395508,0.0304363313727433,0.6173765659332275,1.3568228685328318,0.0489015579223632,-,15.0,0.6550338023022109,0.0224416255950927,0,0,1860,['three_order'],['intersecting']
figure_category_based_markersize60_white_ballance_tsne.png,white_ballance_tsne,5473,5,60,0.3914282659645379,1.4812026023864746,0.4359842528683636,1.1338996887207031,0.6094508779500768,1.886815309524536,0.3952796854242048,1.4898736476898191,0.4202967597963672,1.422337532043457,0.1518265857076617,1.1722660064697266,0.1611683855907197,1.5076675415039062,0.1666805045973757,1.9540674686431885,0.1519093693320283,1.209798812866211,0.154579614921077,1.7986373901367188,0.0941781250267523,1.1977169513702393,0.0988560302484701,1.170407772064209,0.0965420340429896,1.9695959091186523,0.0940212754716697,1.5868444442749023,0.0947055312428329,1.434727430343628,0.2406358487118582,0.7482199668884277,82182,0.7126212120056152,0.0537182532431938,0.9851317405700684,0.0304363313727433,0.6163885593414307,1.3568228685328318,0.0486001968383789,-,15.0,0.6550338023022109,0.0229768753051757,12,0,26853,['three_order'],['intersecting']
figure_category_based_markersize110_white_ballance_tsne.png,white_ballance_tsne,5473,5,110,0.3115647491471996,1.95820951461792,0.3512107718470443,1.5351109504699707,0.4716734617061244,2.365812301635742,0.3137936451585864,1.5935828685760498,0.3321346770821594,2.1970787048339844,0.1362423198976008,1.5604145526885986,0.1466643706331221,2.038088798522949,0.1487808767847934,2.0015945434570312,0.1361102418896174,1.5732290744781494,0.138593693237024,2.189169406890869,0.0871830397380746,1.6066012382507324,0.092684555970397,1.585157871246338,0.0883198967368644,2.401639699935913,0.0869023875735603,1.5972919464111328,0.0875668686423499,1.8453402519226076,0.1496437054631829,0.8658497333526611,104949,1.3245964050292969,0.0537182532431938,0.6485927104949951,0.0304363313727433,0.6175756454467773,1.3568228685328318,0.0490643978118896,-,15.0,0.6550338023022109,0.0230193138122558,33,0,71650,['three_order'],['intersecting']
figure_category_based_markersize160_white_ballance_tsne.png,white_ballance_tsne,5473,5,160,0.2713943062950451,2.3346035480499268,0.3101642841133896,1.943530321121216,0.3981904831236613,2.806230306625366,0.2724546647789342,1.98181414604187,0.2874693479445691,2.1602566242218018,0.1280946723903701,2.3303279876708984,0.1396890001054466,1.908090591430664,0.1388080081629854,2.3511271476745605,0.1276849366241238,2.470771312713623,0.1301172084122567,2.2605600357055664,0.0838308964358984,1.992115259170532,0.090143512082387,1.933661699295044,0.0840545937181962,2.792459011077881,0.0833804475347897,2.0037038326263428,0.0840892585266152,2.243321180343628,0.1107253791339302,1.032212495803833,117521,1.0592539310455322,0.0537182532431938,1.175840139389038,0.0304363313727433,0.620769739151001,1.3568228685328318,0.0498232841491699,-,15.0,0.6550338023022109,0.0227777957916259,49,0,125059,['three_order'],['intersecting']
figure_ascending_markersize10_white_ballance_tsne.png,white_ballance_tsne,5473,5,10,0.7553625827097725,1.4072017669677734,0.7349427562345578,0.9599180221557616,0.665501063771708,1.3895745277404783,0.7527697264376955,1.4326317310333252,0.7561309282365732,1.2216825485229492,0.2508756383267689,0.9703657627105712,0.254235552162146,0.9638171195983888,0.2338080443778736,1.8970847129821775,0.250522151970761,0.9508697986602784,0.2504873428865881,1.1991901397705078,0.1504164315104877,0.9575376510620116,0.1537026146833263,1.4307024478912354,0.1418158415536957,1.4118452072143557,0.1502652526540276,1.0322978496551514,0.1501070318419901,1.1974847316741943,0.616846336561301,0.9359591007232666,23615,0.697314977645874,0.0537182532431938,0.6575663089752197,0.0304363313727433,0.6234700679779053,1.356822868532832,0.0484352111816406,-,15.0,0.6550338023022109,0.0226266384124755,1,0,0,['three_order'],['intersecting']
figure_ascending_markersize60_white_ballance_tsne.png,white_ballance_tsne,5473,5,60,0.4916381080764264,0.7922790050506592,0.4843661500946251,1.263885498046875,0.3769366234530363,2.185030221939087,0.4862335442557696,1.3004021644592283,0.4831504826769288,1.5272932052612305,0.1665822977192943,1.2884187698364258,0.1712912159837187,1.300060510635376,0.1359235046230275,1.72029709815979,0.1645891738324939,1.287078619003296,0.1620161901434933,1.5356509685516355,0.1002801708708925,1.328351974487305,0.1040423781447371,1.3800156116485596,0.0829105400889373,1.759674310684204,0.0990604841209176,1.36436128616333,0.0973264730130373,2.049611806869507,0.2406358487118582,0.976539134979248,82182,0.8683974742889404,0.0537182532431938,0.1836066246032714,0.0304363313727433,0.6209132671356201,1.356822868532832,0.0489981174468994,-,15.0,0.6550338023022109,0.0222642421722412,21,0,0,['three_order'],['intersecting']
figure_ascending_markersize110_white_ballance_tsne.png,white_ballance_tsne,5473,5,110,0.4015897451502861,1.1023707389831543,0.4024106385149465,1.7912602424621582,0.2730820557792491,2.1116883754730225,0.3962124504972887,1.7360947132110596,0.3874418621176724,1.920248746871948,0.1532312792857006,1.635087490081787,0.1599432694087077,2.2478058338165283,0.1135449262825827,2.1165435314178467,0.1505145950179969,1.662883996963501,0.146798945185649,1.885681390762329,0.0946784826152674,1.1058313846588137,0.0998062771691458,2.2439684867858887,0.0716729237811658,2.070737838745117,0.0929035660783839,1.645941972732544,0.090554744481619,1.868937969207764,0.1496437054631829,0.9685444831848145,104949,0.953244924545288,0.0537182532431938,0.1907622814178466,0.0304363313727433,0.6143465042114258,1.356822868532832,0.0486297607421875,-,15.0,0.6550338023022109,0.0226900577545166,37,0,0,['three_order'],['intersecting']
figure_ascending_markersize160_white_ballance_tsne.png,white_ballance_tsne,5473,5,160,0.3550537253294474,2.458310604095459,0.3626399208298044,2.141607999801636,0.2191995023492436,1.8576796054840088,0.3498242773580382,2.487102031707764,0.3385551091610758,2.256169557571411,0.1466808876798773,1.956393241882324,0.1553605528297338,2.103255271911621,0.1005215692662927,1.8902082443237305,0.1434446224814872,2.5576157569885254,0.1390410105704256,2.2283103466033936,0.0924336888378303,1.4272754192352295,0.0988559953707141,2.745265245437622,0.0652138191186134,2.5030031204223637,0.0902194473866486,2.0196127891540527,0.0874851112707737,1.6514732837677002,0.1107253791339302,1.08021879196167,117521,1.0977208614349363,0.0537182532431938,0.8342189788818359,0.0304363313727433,0.601417064666748,1.356822868532832,0.0473284721374511,-,15.0,0.6550338023022109,0.0223658084869384,45,0,0,['three_order'],['intersecting']
figure_descending_markersize10_white_ballance_tsne.png,white_ballance_tsne,5473,5,10,0.6263907647044358,1.6957271099090576,0.6549864305051418,1.1106605529785156,0.962756641562904,0.9603800773620604,0.6350577406842977,1.7081332206726074,0.6730660542046739,0.7602934837341309,0.2312838760202288,1.733039617538452,0.2370347625924836,0.5107259750366211,0.2697873444738263,2.149691581726074,0.2324296476833504,0.5428895950317383,0.2383726670042953,1.943058729171753,0.141825175499446,0.527001142501831,0.1447003823287003,1.7098948955535889,0.1568735209362388,0.9614124298095704,0.1422456027963933,1.734715700149536,0.1448333856738135,0.7714800834655762,0.616846336561301,1.0941143035888672,23615,0.8450112342834473,0.0537182532431938,0.819159984588623,0.0304363313727433,0.6209821701049805,1.3568228685328318,0.0484328269958496,-,15.0,0.6550338023022109,0.0227839946746826,1,0,2655,['three_order'],['intersecting']
figure_descending_markersize60_white_ballance_tsne.png,white_ballance_tsne,5473,5,60,0.3419611933648634,1.4301273822784424,0.3463324540664563,0.8361988067626953,0.8369300564305001,1.84454083442688,0.3524255341428168,1.4156947135925293,0.3914666642455778,2.252302646636963,0.1386323836849292,0.8101253509521484,0.1381838547499875,2.0616557598114014,0.1859898384449309,1.2407476902008057,0.1401811377493431,1.4133987426757812,0.1466016736017723,1.6541237831115725,0.0869388675735903,1.3962140083312988,0.0863105298836522,2.0573740005493164,0.1046196625215235,1.246436357498169,0.0874907794384223,1.4485909938812256,0.0901882967737655,1.6748573780059814,0.2406358487118582,1.0130119323730469,82182,0.9679651260375975,0.0537182532431938,0.8673572540283203,0.0304363313727433,0.6303677558898926,1.3568228685328318,0.0494120121002197,-,15.0,0.6550338023022109,0.0224535465240478,23,0,37157,['three_order'],['intersecting']
figure_descending_markersize110_white_ballance_tsne.png,white_ballance_tsne,5473,5,110,0.257942736266419,1.7154741287231443,0.2541348897631406,1.1815083026885986,0.7571099062729104,2.268826723098755,0.2677131326401173,1.7751405239105225,0.3015933105175318,1.9815540313720703,0.1189365674834144,2.416759490966797,0.1163308940192971,1.1901423931121826,0.1767664416367909,2.185539960861206,0.1206167256384377,1.7603061199188232,0.1280682739266524,2.012495994567871,0.0772865808887622,1.7484557628631592,0.0754294611247855,1.9101293087005613,0.1000645158708325,2.30251693725586,0.0778445970585517,1.868048429489136,0.0812945552216082,2.0831027030944824,0.1496437054631829,1.2306256294250488,104949,0.4186737537384033,0.0537182532431938,1.0259547233581543,0.0304363313727433,0.6546504497528076,1.3568228685328318,0.0511918067932128,-,15.0,0.6550338023022109,0.0236408710479736,35,0,96589,['three_order'],['intersecting']
figure_descending_markersize160_white_ballance_tsne.png,white_ballance_tsne,5473,5,160,0.216353128393347,2.2229130268096924,0.2093519311637156,2.343349933624268,0.7150388204781645,2.6850509643554688,0.2252581808960617,2.097973585128784,0.2563268854468971,2.4102725982666016,0.1079017506656943,2.1929211616516118,0.1043635267930536,2.339637279510498,0.1736090400468197,2.7098822593688965,0.1097141582580366,2.140616178512573,0.1179327498590564,2.4881763458251958,0.0718736374517702,1.487243890762329,0.0695065297300742,2.359403610229492,0.0987984921625293,2.674366235733032,0.0725171711082443,2.185333490371704,0.0765840501332183,2.481485605239868,0.1107253791339302,1.2818608283996582,117521,0.4875380992889404,0.0537182532431938,0.9780545234680176,0.0304363313727433,0.6463179588317871,1.3568228685328318,0.0507037639617919,-,15.0,0.6550338023022109,0.0229763984680175,58,0,167034,['three_order'],['intersecting']
figure_category_based_markersize10_ms_interleaved_60_120_3d_50_centeredClusters_tsne.png,ms_interleaved_60_120_3d_50_centeredClusters_tsne,325,3,10,1.0,1.0476014614105225,1.0,1.037456750869751,1.0,1.3028666973114014,1.0,1.069319486618042,1.0,1.0481438636779783,1.0,1.0633890628814695,1.0,1.097517967224121,1.0,0.5994851589202881,1.0,1.060365915298462,1.0,1.0434207916259766,1.0,1.0667126178741455,1.0,1.0765256881713867,1.0,1.3304576873779297,1.0,0.3327515125274658,1.0,1.0636866092681885,1.0,0.8832097053527832,0,0.891059160232544,0.0,0.1162669658660888,0.0303569761827786,0.0371503829956054,14.615899940230024,0.0038599967956542,0.0010272225856022763,7.205861568450928,0.3907692307692307,0.001296043395996,0,0,0,['cluster'],['intersecting']
figure_category_based_markersize60_ms_interleaved_60_120_3d_50_centeredClusters_tsne.png,ms_interleaved_60_120_3d_50_centeredClusters_tsne,325,3,60,0.935678066888186,1.1674370765686035,0.9479885869654612,1.085920333862305,0.9845691448503844,1.361274003982544,0.9341741510905144,1.0995533466339111,0.9406989994901528,0.3574843406677246,0.908990241280788,1.1172137260437012,0.922154241216246,1.1169500350952148,0.9557969842817192,1.3651399612426758,0.9083784154765916,1.101789474487305,0.9156234149248726,0.333953857421875,0.8837826012061585,1.1111137866973877,0.8976906034219764,1.1016302108764648,0.928658700116517,1.3736350536346436,0.883969014965633,1.111842155456543,0.8918499663894102,1.117316484451294,1.0,0.1500465869903564,347,0.9094405174255372,0.0,0.9130847454071044,0.0303569761827786,0.0368876457214355,14.615899940230024,0.0041830539703369,0.009697601439175734,7.371201276779175,0.3907692307692307,0.0013799667358398,0,0,136,['cluster'],['intersecting']
figure_category_based_markersize110_ms_interleaved_60_120_3d_50_centeredClusters_tsne.png,ms_interleaved_60_120_3d_50_centeredClusters_tsne,325,3,110,0.7248079252387383,1.146965265274048,0.7512165088237287,1.1431176662445068,0.8244624864654114,1.412621259689331,0.7201734837084188,1.1446387767791748,0.7328871975414906,1.1469802856445312,0.6474000791915204,0.3821659088134765,0.6700502144792402,1.171006679534912,0.7142007066777326,1.4067237377166748,0.6433544120886182,1.197873592376709,0.6559264136406028,1.1815004348754885,0.5849307941752391,0.3764269351959228,0.6047130970772361,1.1452455520629885,0.6299522883077153,1.4301254749298096,0.5813439349157166,1.1730284690856934,0.5935929731285066,1.1613624095916748,1.0,0.1939435005187988,3864,0.932075023651123,0.0,0.927199125289917,0.0303569761827786,0.0369350910186767,14.615899940230024,0.0037741661071777,0.017714355017730877,8.23575496673584,0.3907692307692307,0.0013329982757568,0,0,1142,['cluster'],['intersecting']
figure_category_based_markersize160_ms_interleaved_60_120_3d_50_centeredClusters_tsne.png,ms_interleaved_60_120_3d_50_centeredClusters_tsne,325,3,160,0.5790763868866138,1.1904585361480713,0.6093785866583676,1.203517198562622,0.6992264939509862,1.456942796707153,0.5734048309477744,1.1864774227142334,0.5868821387168585,0.3941142559051513,0.4788331611336134,1.1801459789276123,0.5004526889442646,1.1691720485687256,0.5390322034276802,1.469438552856445,0.4739923487825055,1.2129223346710205,0.4853741454787355,0.3909432888031006,0.4081745495221653,1.202706813812256,0.4245625064483329,1.1589415073394775,0.4385576943661629,1.43929123878479,0.4039573556254726,0.3872387409210205,0.4138022951715808,1.171936273574829,1.0,1.037933111190796,11050,0.1415088176727295,0.0,0.9671602249145508,0.0303569761827786,0.0370674133300781,14.615899940230024,0.0038683414459228,0.023556549923373596,10.240301609039308,0.3907692307692307,0.0012948513031005,0,0,3099,['cluster'],['intersecting']
figure_ascending_markersize10_ms_interleaved_60_120_3d_50_centeredClusters_tsne.png,ms_interleaved_60_120_3d_50_centeredClusters_tsne,325,3,10,1.0,0.3182170391082763,1.0,1.171947956085205,1.0,1.3963377475738523,1.0,1.0974500179290771,1.0,1.126528263092041,1.0,0.3260030746459961,1.0,1.103305101394653,1.0,1.4226970672607422,1.0,0.3139081001281738,1.0,1.120680809020996,1.0,1.1018261909484863,1.0,1.1499645709991455,1.0,1.3840374946594238,1.0,0.3171513080596924,1.0,1.1736607551574707,1.0,0.9471759796142578,0,0.1166207790374755,0.0,1.00984787940979,0.0303569761827786,0.0370066165924072,14.615899940230028,0.0037887096405029,0.0010272225856022763,6.005346298217773,0.3907692307692307,0.0012323856353759,0,0,0,['cluster'],['intersecting']
figure_ascending_markersize60_ms_interleaved_60_120_3d_50_centeredClusters_tsne.png,ms_interleaved_60_120_3d_50_centeredClusters_tsne,325,3,60,0.9725003237822408,0.3354947566986084,0.9552991601109292,1.1760308742523191,0.939628799151439,1.4611690044403076,0.9735587980269026,0.3385181427001953,0.9614821697836352,1.1839523315429688,0.9447229008793944,1.2276489734649658,0.9292288000926832,0.3397877216339111,0.91204601571204,1.4762845039367676,0.946552537146437,1.2312698364257812,0.9357133028259972,0.3409252166748047,0.9184882199313312,1.219010829925537,0.9045435731105465,1.1906604766845703,0.8860364349843514,1.5095207691192627,0.9210041287469288,0.3335099220275879,0.9112896550265428,1.190904140472412,1.0,1.0673213005065918,347,0.1262171268463134,0.0,1.0623891353607178,0.0303569761827786,0.0362813472747802,14.615899940230028,0.0038673877716064,0.009697601439175736,6.977541208267212,0.3907692307692307,0.001333475112915,0,0,0,['cluster'],['intersecting']
figure_ascending_markersize110_ms_interleaved_60_120_3d_50_centeredClusters_tsne.png,ms_interleaved_60_120_3d_50_centeredClusters_tsne,325,3,110,0.816243559651656,0.3622388839721679,0.768378124156243,1.2479324340820312,0.7186540679963064,1.4971821308135986,0.8207100318826139,0.3648061752319336,0.785454290632267,1.2614777088165283,0.7228564370954358,1.2300798892974854,0.6839418169017044,0.3703341484069824,0.6283659254619612,1.4984986782073977,0.7260348477936023,1.2404227256774902,0.6991629226934546,0.3645620346069336,0.6486444695332481,1.2091941833496094,0.6162254189737225,1.2708263397216797,0.5582323714165933,1.5214881896972656,0.6509435292202083,0.3603312969207763,0.6299549783600116,1.2617480754852295,1.0,1.1293814182281494,3864,0.1296412944793701,0.0,1.033151626586914,0.0303569761827786,0.0365116596221923,14.615899940230028,0.0037062168121337,0.017714355017730877,6.684821128845215,0.3907692307692307,0.001251220703125,0,0,0,['cluster'],['intersecting']
figure_ascending_markersize160_ms_interleaved_60_120_3d_50_centeredClusters_tsne.png,ms_interleaved_60_120_3d_50_centeredClusters_tsne,325,3,160,0.6975181523792657,1.25547456741333,0.6320125350404941,1.256704330444336,0.5634081726146409,1.543421506881714,0.7051428900536809,0.3776447772979736,0.6549126570084659,1.2845537662506104,0.5618511163001505,1.2876441478729248,0.5156816492719007,0.3916893005371094,0.4474424969957807,1.5086557865142822,0.5658034351234633,0.3973472118377685,0.5327890288619486,1.3061089515686035,0.470365241704569,1.2589919567108154,0.4355183160130279,1.2747704982757568,0.3710663285582993,0.6425135135650635,0.4724459567628516,1.2913882732391355,0.4490527471922843,1.2908623218536377,1.0,0.2033994197845459,11050,1.0748541355133057,0.0,0.1189827919006347,0.0303569761827786,0.036182165145874,14.615899940230028,0.0037333965301513,0.023556549923373603,8.747644186019897,0.3907692307692307,0.0012660026550292,0,0,0,['cluster'],['intersecting']
figure_descending_markersize10_ms_interleaved_60_120_3d_50_centeredClusters_tsne.png,ms_interleaved_60_120_3d_50_centeredClusters_tsne,325,3,10,1.0,1.240617752075195,1.0,1.2260630130767822,1.0,0.5751874446868896,1.0,1.2068228721618652,1.0,1.224658489227295,1.0,0.3176369667053222,1.0,1.21099853515625,1.0,0.5815999507904053,1.0,1.2160272598266602,1.0,1.240532636642456,1.0,0.3184220790863037,1.0,1.2034649848937988,1.0,1.5439939498901367,1.0,1.226531744003296,1.0,0.3100545406341553,1.0,1.0455222129821775,0,0.1160593032836914,0.0,1.0913569927215576,0.0303569761827786,0.0363495349884033,14.615899940230028,0.0037064552307128,0.0010272225856022763,5.068464756011963,0.3907692307692307,0.0012280941009521,0,0,0,['cluster'],['intersecting']
figure_descending_markersize60_ms_interleaved_60_120_3d_50_centeredClusters_tsne.png,ms_interleaved_60_120_3d_50_centeredClusters_tsne,325,3,60,0.9316103726794231,1.2794151306152344,0.9458540345663108,1.2460086345672607,0.991283703899843,0.5981121063232422,0.9297942025806368,1.284510850906372,0.9385208729614504,1.2582721710205078,0.9049460074328632,0.338315486907959,0.9200558431670376,1.309281826019287,0.9641688391591012,1.527742624282837,0.9040553218828684,0.3338015079498291,0.9134435450749748,1.262257099151611,0.8797655347399997,1.2893531322479248,0.8956275795293402,0.3294727802276611,0.9384978411176028,1.523629903793335,0.8797030807293865,0.3311147689819336,0.8896714756943211,1.2350316047668457,1.0,1.1205689907073977,347,0.122753620147705,0.0,1.0998058319091797,0.0303569761827786,0.0358431339263916,14.615899940230028,0.0037369728088378,0.009697601439175734,5.877291679382324,0.3907692307692307,0.0012562274932861,0,0,158,['cluster'],['intersecting']
figure_descending_markersize110_ms_interleaved_60_120_3d_50_centeredClusters_tsne.png,ms_interleaved_60_120_3d_50_centeredClusters_tsne,325,3,110,0.6811660577552,0.6604373455047607,0.7312518442448361,0.6006579399108887,0.9087794236576814,0.8768539428710938,0.6772847727484376,0.6603245735168457,0.7087587535500879,0.5513489246368408,0.6106788536730008,0.55967116355896,0.6535042215403691,0.657616376876831,0.7851672155974538,0.8073971271514893,0.6074800486501599,0.6093981266021729,0.6356843568103416,0.6498422622680664,0.553411697162158,0.5818667411804199,0.5907002250881899,0.6438291072845459,0.691156134691075,0.9524412155151368,0.5507198112619822,0.6106233596801758,0.5762698246002464,0.6613554954528809,1.0,0.4215898513793945,3864,0.2382116317749023,0.0,0.431041955947876,0.0303569761827786,0.0350725650787353,14.615899940230028,0.0036582946777343,0.017714355017730877,6.479669094085693,0.3907692307692307,0.0013332366943359,0,0,1903,['cluster'],['intersecting']
figure_descending_markersize160_ms_interleaved_60_120_3d_50_centeredClusters_tsne.png,ms_interleaved_60_120_3d_50_centeredClusters_tsne,325,3,160,0.5239410592093048,0.561133861541748,0.5846534026363963,0.6628108024597168,0.8273606612093498,1.0030696392059326,0.5184475111732332,0.6697680950164795,0.5566980890531612,0.6634552478790283,0.4378067468888256,0.6862597465515137,0.4825140571399283,0.6778838634490967,0.6246508369815791,0.9276940822601318,0.433295355274271,0.7099859714508057,0.4628795284914346,0.6794464588165283,0.3759944121637295,0.7019388675689697,0.4107548981751875,0.7384061813354492,0.501724432275847,0.9566009044647216,0.3721686919320317,0.7403867244720459,0.3961222962172589,0.7469625473022461,1.0,0.4663882255554199,11050,0.4141101837158203,0.0,0.2640154361724853,0.0303569761827786,0.0343637466430664,14.615899940230028,0.0037028789520263,0.0235565499233736,7.655743837356567,0.3907692307692307,0.0013432502746582,0,0,5179,['cluster'],['intersecting']
figure_category_based_markersize10_n500-d10-c3-spr0.1-out0_tsne.png,n500-d10-c3-spr0.1-out0_tsne,500,3,10,1.0,0.4612462520599365,1.0,0.8077387809753418,1.0,0.8468844890594482,1.0,0.698369026184082,1.0,0.7184741497039795,0.732447968524029,0.7344164848327637,0.7333335474388436,0.7156620025634766,0.7307234432548428,0.9701218605041504,0.7268686980285286,0.6017308235168457,0.7279444168282951,0.8082492351531982,0.5778444989521632,0.5964734554290771,0.578947635311623,0.7733237743377686,0.5757007323357946,0.843421459197998,0.5709298773056295,0.7848854064941406,0.5722583403260262,0.6120812892913818,0.996,0.4534475803375244,540,0.4509222507476806,0.0,0.4354395866394043,0.029863318125812,0.0466179847717285,5.435864457080582,0.0050737857818603,0.016898850324343642,14.165581703186035,0.0,0.0021910667419433,0,0,0,['cluster'],['separated']
figure_category_based_markersize60_n500-d10-c3-spr0.1-out0_tsne.png,n500-d10-c3-spr0.1-out0_tsne,500,3,60,1.0,0.8465690612792969,1.0,0.6390495300292969,1.0,1.0491735935211182,1.0,0.6656100749969482,1.0,0.8184826374053955,0.3618392001934065,0.8649916648864746,0.3488033592182337,0.6735546588897705,0.3169816694009727,1.0915045738220217,0.3632026043355369,0.8766992092132568,0.3555366003095822,0.7216832637786865,0.2208813690549342,0.7188751697540283,0.2112427742422556,0.887305736541748,0.1883411865681529,0.9747257232666016,0.2218983273663468,0.6938931941986084,0.2162021972495798,0.8953242301940918,0.986,0.3676135540008545,12960,0.5511436462402344,0.0,0.5517482757568359,0.029863318125812,0.0480973720550537,5.435864457080582,0.0051867961883544,-,15.0,0.0,0.001894474029541,0,0,0,['cluster'],['separated']
figure_category_based_markersize110_n500-d10-c3-spr0.1-out0_tsne.png,n500-d10-c3-spr0.1-out0_tsne,500,3,110,1.0,0.5504117012023926,1.0,0.7670028209686279,1.0,0.9902160167694092,1.0,0.8914647102355957,1.0,0.9612314701080322,0.2639303332318443,0.7857599258422852,0.2504099535252754,0.7584323883056641,0.2192882842198925,1.0073113441467283,0.2650956355116881,0.7324385643005371,0.2566451300127902,0.7997841835021973,0.1520275011331621,0.8001353740692139,0.1431249303400131,0.7935824394226074,0.1231464263848148,1.008089542388916,0.1528012961047997,0.7987663745880127,0.147213361106837,0.7946324348449707,0.836,0.6291000843048096,30146,0.3686697483062744,0.0,0.3545005321502685,0.029863318125812,0.0471045970916748,5.435864457080582,0.005122423171997,-,15.0,0.0,0.0019278526306152,0,0,0,['cluster'],['separated']
figure_category_based_markersize160_n500-d10-c3-spr0.1-out0_tsne.png,n500-d10-c3-spr0.1-out0_tsne,500,3,160,1.0,0.6434714794158936,1.0,0.8479030132293701,1.0,1.1178014278411863,1.0,0.8505773544311523,1.0,0.8557443618774414,0.2290853539169782,0.8593006134033203,0.2177436295653426,1.0727801322937012,0.1899961396742953,1.1335480213165283,0.2294345597114105,0.6457500457763672,0.2223651251336944,1.084444522857666,0.1293599069970301,0.8765854835510254,0.1221730123552535,0.6334140300750732,0.1049700190363714,1.387824773788452,0.1295826488480507,0.8997352123260498,0.125090438018335,0.9118599891662598,0.61,0.4091801643371582,41748,0.4051182270050049,0.0,0.6365957260131836,0.029863318125812,0.0472309589385986,5.435864457080582,0.0050771236419677,-,15.0,0.0,0.0020051002502441,0,0,0,['cluster'],['separated']
figure_ascending_markersize10_n500-d10-c3-spr0.1-out0_tsne.png,n500-d10-c3-spr0.1-out0_tsne,500,3,10,1.0,0.8299331665039062,1.0,0.798295259475708,1.0,0.7862262725830078,1.0,0.8126511573791504,1.0,0.8159737586975098,0.7342686753612804,1.0866544246673584,0.7337922527667176,0.5733530521392822,0.7253130341368444,1.079740285873413,0.728770780596665,0.8260147571563721,0.7287295291995052,0.82590651512146,0.5801141688350522,0.8347148895263672,0.57951963599187,0.8269929885864258,0.5690126702171918,1.3595213890075684,0.5732803883619992,0.587101936340332,0.5732293370588857,0.8282463550567627,0.996,0.7155325412750244,540,0.3988378047943115,0.0,0.3850069046020508,0.029863318125812,0.0485708713531494,5.435864457080582,0.005075454711914,0.016898850324343642,11.527251482009888,0.0,0.0020153522491455,0,0,0,['cluster'],['separated']
figure_ascending_markersize60_n500-d10-c3-spr0.1-out0_tsne.png,n500-d10-c3-spr0.1-out0_tsne,500,3,60,1.0,0.9283626079559326,1.0,0.6282587051391602,1.0,1.148061752319336,1.0,0.9115748405456544,1.0,0.8927469253540039,0.3729387493967312,0.9105815887451172,0.3505785979741761,0.9208567142486572,0.3020890375310109,1.1686153411865234,0.3732560741206933,0.6390678882598877,0.3594867574108484,0.9156808853149414,0.2292100246739057,0.9272029399871826,0.2125464102403391,0.6349582672119141,0.1779180676775495,1.1707942485809326,0.2294498034894684,0.9311721324920654,0.2191306647689633,0.9355897903442384,0.986,0.8076350688934326,12960,0.459794282913208,0.0,0.4401876926422119,0.029863318125812,0.0475103855133056,5.435864457080582,0.0049693584442138,0.03291529786690886,13.343999862670898,0.0,0.0018839836120605,0,0,0,['cluster'],['separated']
figure_ascending_markersize110_n500-d10-c3-spr0.1-out0_tsne.png,n500-d10-c3-spr0.1-out0_tsne,500,3,110,1.0,0.991948127746582,1.0,1.0066378116607666,1.0,0.9397861957550048,1.0,0.9690089225769044,1.0,0.9721872806549072,0.2782911723823154,0.9909415245056152,0.2529343841656198,0.681854248046875,0.1992679450914926,1.239065647125244,0.2781984869979775,0.6703004837036133,0.2620486921432235,1.000732421875,0.1616366065610436,0.6925840377807617,0.1447766940595537,1.0082497596740725,0.1106594090710609,1.3025643825531006,0.1615740751167819,1.029148817062378,0.1507802266718158,0.6874768733978271,0.836,0.5045161247253418,30146,0.4819185733795166,0.0,0.8249995708465576,0.029863318125812,0.0482981204986572,5.435864457080582,0.0049500465393066,0.04431640229107106,14.767024755477903,0.0,0.0019538402557373,0,0,0,['cluster'],['separated']
figure_ascending_markersize160_n500-d10-c3-spr0.1-out0_tsne.png,n500-d10-c3-spr0.1-out0_tsne,500,3,160,1.0,1.0826172828674316,1.0,1.0603134632110596,1.0,0.9888155460357666,1.0,1.0666463375091553,1.0,1.0766961574554443,0.2458455582484551,0.7310135364532471,0.2209199752793069,0.7476475238800049,0.1636715901408454,1.3052048683166504,0.2447401881671881,1.0864591598510742,0.2290094242602521,0.7428507804870605,0.1401504636062577,1.1195893287658691,0.1241765250632782,0.7678847312927246,0.0891298033957874,0.9970190525054932,0.1394324569601093,1.1010723114013672,0.1293114866885129,0.7695984840393066,0.61,0.9215774536132812,41748,0.536811351776123,0.0,0.1093058586120605,0.029863318125812,0.0479793548583984,5.435864457080582,0.0050535202026367,-,15.0,0.0,0.0018024444580078,0,0,0,['cluster'],['separated']
figure_descending_markersize10_n500-d10-c3-spr0.1-out0_tsne.png,n500-d10-c3-spr0.1-out0_tsne,500,3,10,1.0,0.6813704967498779,1.0,1.048689365386963,1.0,0.9224932193756104,1.0,0.6727588176727295,1.0,1.0311002731323242,0.7290484932571655,0.7031776905059814,0.7322642419142111,1.0435791015625,0.7380171021447853,0.9362010955810548,0.72394862550204,0.6564788818359375,0.7265630818437036,1.0595052242279053,0.5736241622039179,1.1137664318084717,0.5776158298318332,0.7074418067932129,0.5848075305925873,0.9471213817596436,0.5673350148514709,1.0843791961669922,0.5705528648373364,0.6974697113037109,0.996,0.5224659442901611,540,0.5259315967559814,0.0,0.924828290939331,0.029863318125812,0.0481531620025634,5.435864457080582,0.0059070587158203,0.01689885032434364,11.58960223197937,0.0,0.001781940460205,0,0,0,['cluster'],['separated']
figure_descending_markersize60_n500-d10-c3-spr0.1-out0_tsne.png,n500-d10-c3-spr0.1-out0_tsne,500,3,60,1.0,0.3431117534637451,1.0,1.1217565536499023,1.0,0.9874279499053956,1.0,1.1159095764160156,1.0,0.722832441329956,0.3509622329885723,1.1278109550476074,0.3464628456420745,0.7553884983062744,0.3332460700365206,0.979414701461792,0.3537534979371167,1.1162848472595217,0.3514286592901028,0.7334833145141602,0.2128284991462782,1.1490931510925293,0.2095283101011462,0.7646794319152832,0.199937173715752,1.0054147243499756,0.2148848896528158,1.145085096359253,0.2131716417797077,0.7466347217559814,0.986,0.5808672904968262,12960,0.5752036571502686,0.0,0.5542643070220947,0.029863318125812,0.0478937625885009,5.435864457080582,0.0050015449523925,0.03291529786690886,13.405298948287964,0.0,0.001920461654663,0,0,0,['cluster'],['separated']
figure_descending_markersize110_n500-d10-c3-spr0.1-out0_tsne.png,n500-d10-c3-spr0.1-out0_tsne,500,3,110,1.0,0.8079419136047363,1.0,1.2331173419952393,1.0,1.0742881298065186,1.0,1.2180306911468506,1.0,0.8023383617401123,0.2493992585621477,0.794722318649292,0.2475264061604392,0.7848725318908691,0.2403670422111649,1.4904863834381104,0.2522621592367041,0.8176476955413818,0.251127158913602,0.8054871559143066,0.1424649565481756,1.246843338012695,0.1412440147632262,0.8005228042602539,0.1366006706951043,1.0655341148376465,0.1443363834970426,0.8166899681091309,0.1435937210607044,1.2615718841552734,0.836,0.6310567855834961,30146,0.6002743244171143,0.0,0.5977561473846436,0.029863318125812,0.046849250793457,5.435864457080582,0.0050046443939208,-,15.0,0.0,0.0019152164459228,0,0,0,['cluster'],['separated']
figure_descending_markersize160_n500-d10-c3-spr0.1-out0_tsne.png,n500-d10-c3-spr0.1-out0_tsne,500,3,160,1.0,0.4060852527618408,1.0,0.8446569442749023,1.0,1.5538971424102783,1.0,0.847830057144165,1.0,0.8349308967590332,0.2122429313155437,1.29430890083313,0.2143461022226666,0.8547515869140625,0.2156112354707821,1.1215450763702393,0.2144266505703219,0.848684549331665,0.2157723298835802,0.8411519527435303,0.1187202305242318,0.8535990715026855,0.1200378765949385,1.3372788429260254,0.1208319844625717,1.1452264785766602,0.1200884022147905,0.8854608535766602,0.120933182181566,0.8795678615570068,0.61,0.6489899158477783,41748,0.6219158172607422,0.0,0.6097517013549805,0.029863318125812,0.0458176136016845,5.435864457080582,0.0048904418945312,-,15.0,0.0,0.0019865036010742,0,0,0,['cluster'],['separated']
figure_category_based_markersize10_iris_tsne.png,iris_tsne,147,3,10,1.0,0.815392017364502,1.0,0.7964663505554199,1.0,1.021945238113403,1.0,0.7884399890899658,1.0,0.788994312286377,0.8799308679319974,0.7741968631744385,0.8852911673546987,0.7780468463897705,0.8714943764010141,1.0256774425506592,0.8661338635708475,0.7956411838531494,0.8683863681941835,0.7797727584838867,0.7856040691946988,1.3049967288970947,0.7941905019751441,0.8095395565032959,0.7722552357529938,1.0430827140808103,0.7638766479952692,0.7826378345489502,0.767387687623047,0.7848432064056396,1.0,0.6214883327484131,60,0.6256880760192871,0.0,0.6289200782775879,0.0292084267032325,0.0157761573791503,11.304176651872186,0.0021049976348876,0.01755101077633012,1.895451307296753,0.0408163265306122,0.0007216930389404,0,0,0,"['lip_cluster','linear','cluster']","['separated','touching']"
figure_category_based_markersize60_iris_tsne.png,iris_tsne,147,3,60,0.9285518482091928,0.8247029781341553,0.951244048469185,0.8433237075805664,0.974344743067756,1.0711448192596436,0.9739926814728735,0.8226807117462158,0.9539295271567472,1.3020861148834229,0.6438667397534155,0.8311192989349365,0.6525485510475246,0.8414442539215088,0.6043026434832033,1.057154417037964,0.664660080115506,0.8265531063079834,0.650857188303512,0.8185269832611084,0.4927839099477409,0.836613655090332,0.4966103581263563,0.8196568489074707,0.4379685111602117,1.065900802612305,0.5044504790492088,0.8324952125549316,0.4939307622953101,0.828026533126831,1.0,0.6346168518066406,1398,0.6623198986053467,0.0,0.6565544605255127,0.0292084267032325,0.0156943798065185,11.304176651872186,0.0020785331726074,0.031306411927001336,2.060828685760498,0.0408163265306122,0.0007147789001464,0,0,0,"['lip_cluster','linear','cluster']","['separated','touching']"
figure_category_based_markersize110_iris_tsne.png,iris_tsne,147,3,110,0.8809272955102823,0.8502929210662842,0.9214302128815948,0.8401119709014893,0.9680354348509268,1.0831549167633057,0.9570414669538904,0.8747503757476807,0.925768054763699,0.8669538497924805,0.507128291189146,1.409147024154663,0.5156633783360907,0.3222453594207763,0.467412488612711,1.6448302268981934,0.5346984739127916,0.8906478881835938,0.5202288168381033,0.8666586875915527,0.3560482904471108,0.3360493183135986,0.3580084942146239,1.430009841918945,0.3080851595545376,1.1287541389465332,0.3709833093620348,0.881969690322876,0.3617581173339483,0.912550687789917,0.9931972789115646,0.1236193180084228,4454,0.6857295036315918,0.0,0.6780591011047363,0.0292084267032325,0.0155801773071289,11.304176651872186,0.0020997524261474,0.04152299687970911,2.241124153137207,0.0408163265306122,0.0007672309875488,0,0,0,"['lip_cluster','linear','cluster']","['separated','touching']"
figure_category_based_markersize160_iris_tsne.png,iris_tsne,147,3,160,0.8517252952189603,0.8793900012969971,0.902113259247762,0.8792521953582764,0.9616742448497472,1.6843671798706057,0.9454006838014432,0.8985466957092285,0.9075278884315958,0.3266639709472656,0.4270650417891365,1.446152687072754,0.4306764921542826,0.9116830825805664,0.3806776584903434,0.5639173984527588,0.4551875889978989,1.4812097549438477,0.4393344722993165,0.332787275314331,0.2849782334033901,1.4552392959594729,0.2828575345403329,0.9151594638824464,0.237307851003401,0.5623152256011963,0.2997565670585219,1.5004889965057373,0.2898176284966391,0.3268797397613525,0.9931972789115646,0.7101202011108398,8541,0.7313745021820068,0.0,0.7185878753662109,0.0292084267032325,0.0156977176666259,11.304176651872186,0.0020751953125,0.04905867215284049,2.4958086013793945,0.0408163265306122,0.000744342803955,0,0,0,"['lip_cluster','linear','cluster']","['separated','touching']"
figure_ascending_markersize10_iris_tsne.png,iris_tsne,147,3,10,1.0,0.8836486339569092,1.0,0.9071218967437744,1.0,1.1216895580291748,1.0,0.921133041381836,1.0,0.3016161918640136,0.8809278409901018,0.8969643115997314,0.8853201288155685,0.8897910118103027,0.8707954728883655,1.7401368618011477,0.8661389915906554,0.302302598953247,0.8683863681941835,0.8934781551361084,0.7871948505711238,0.9047207832336426,0.794237118388842,0.3009519577026367,0.7711583260436907,1.751466989517212,0.7638846253349276,0.2894144058227539,0.767387687623047,0.8857722282409668,1.0,0.7099943161010742,60,0.7911851406097412,0.0,0.7354874610900879,0.0292084267032325,0.0159101486206054,11.304176651872186,0.0021166801452636,0.017551010776330117,1.7673895359039309,0.0408163265306122,0.0006844997406005,0,0,0,"['lip_cluster','linear','cluster']","['separated','touching']"
figure_ascending_markersize60_iris_tsne.png,iris_tsne,147,3,60,0.9469039131759898,0.3115522861480713,0.9512599239750474,0.9181921482086182,0.9589988482272273,1.1442909240722656,0.9740180534596288,0.9201045036315918,0.9539427529355576,1.5773987770080566,0.659915098024268,0.3122715950012207,0.6532880677061621,0.9346532821655272,0.5910775915111453,1.1521108150482178,0.6668447032946669,0.9377603530883788,0.6515032641680358,0.9411165714263916,0.5064266725438833,0.9440102577209472,0.4974631349024933,1.593212604522705,0.4271867819022383,0.548516035079956,0.506964672121117,0.9180598258972168,0.494671762094067,0.9364936351776124,1.0,0.7792978286743164,1398,0.7819626331329346,0.0,0.7788825035095215,0.0292084267032325,0.0158765316009521,11.304176651872186,0.0021982192993164,0.031306411927001336,1.2607946395874023,0.0408163265306122,0.0006797313690185,0,0,0,"['lip_cluster','linear','cluster']","['separated','touching']"
figure_ascending_markersize110_iris_tsne.png,iris_tsne,147,3,110,0.9170313172720932,0.947463035583496,0.9215006853311448,0.953000545501709,0.93126927433632,1.201862335205078,0.9571734706517778,0.9426894187927246,0.9258567703825478,1.649517059326172,0.5322881585179517,0.333714485168457,0.5170622172147226,0.9665400981903076,0.4444283230395831,1.1881577968597412,0.539568593680489,0.9901015758514404,0.5221279177567033,0.9867956638336182,0.3749688753032687,0.9638667106628418,0.359347701803161,0.9886083602905272,0.291854916783227,1.2356109619140625,0.3756683718221132,0.992379903793335,0.3635837055510473,0.3215093612670898,0.9931972789115646,0.7852301597595215,4454,0.7917153835296631,0.0,0.8206138610839844,0.0292084267032325,0.0156826972961425,11.304176651872186,0.002143383026123,0.04152299687970911,1.4118070602416992,0.0408163265306122,0.0006670951843261,0,0,0,"['lip_cluster','linear','cluster']","['separated','touching']"
figure_ascending_markersize160_iris_tsne.png,iris_tsne,147,3,160,0.8982001281663707,0.9870421886444092,0.9022646273132804,0.9994771480560304,0.9110306126742334,1.212165594100952,0.9457278918367328,1.009568691253662,0.9077418900246084,1.0180320739746094,0.4574969929455168,1.0277235507965088,0.4324706669606609,1.0343780517578125,0.3530210827755425,0.5628669261932373,0.462434597579892,1.0163588523864746,0.4421239947071448,1.054229736328125,0.3069107895515965,1.035717248916626,0.2843923638953253,1.0477712154388428,0.2189273145147969,1.269459247589111,0.3060397573790497,1.0128788948059082,0.2922282091438457,0.3270294666290283,0.9931972789115646,0.8279855251312256,8541,0.8431897163391113,0.0,0.8178973197937012,0.0292084267032325,0.0159697532653808,11.304176651872186,0.0020291805267333,0.049058672152840474,1.6181485652923584,0.0408163265306122,0.0006756782531738,0,0,0,"['lip_cluster','linear','cluster']","['separated','touching']"
figure_descending_markersize10_iris_tsne.png,iris_tsne,147,3,10,1.0,0.2977824211120605,1.0,0.9965431690216064,1.0,1.2672030925750732,1.0,0.9869184494018556,1.0,0.9938170909881592,0.8772567698176787,1.0163893699645996,0.8851236688679681,1.033440113067627,0.8783013508953161,0.5293140411376953,0.865227460371924,1.0140039920806885,0.8679560324459645,1.0176539421081543,0.781351199664078,1.001448392868042,0.7939209436523101,1.0253963470458984,0.7830100817152252,1.2474961280822754,0.7624677458757542,0.2961008548736572,0.7667158320019356,0.291435956954956,1.0,0.8249311447143555,60,0.8653128147125244,0.0,0.8799643516540527,0.0292084267032325,0.0156309604644775,11.304176651872186,0.0021588802337646,0.01755101077633012,1.1096594333648682,0.0408163265306122,0.0007133483886718,0,0,0,"['lip_cluster','linear','cluster']","['separated','touching']"
figure_descending_markersize60_iris_tsne.png,iris_tsne,147,3,60,0.9281955879862605,1.029984474182129,0.9430653672667308,1.0438852310180664,0.985149017993387,1.2697830200195312,0.9204273894320156,0.3014581203460693,0.9291809981821868,1.0376577377319336,0.6320095907060939,1.0378351211547852,0.6470422891745378,1.0399401187896729,0.625542842492284,0.5415492057800293,0.6331928768829151,1.047456979751587,0.63666304187905,1.0591044425964355,0.4791222938319085,1.0473508834838867,0.4924613544441011,1.0532972812652588,0.4582640171053498,1.2910170555114746,0.482592077898805,0.2918438911437988,0.4842233830085435,1.030454397201538,1.0,0.9425230026245116,1398,0.895352840423584,0.0,0.1060817241668701,0.0292084267032325,0.0156733989715576,11.304176651872186,0.0021255016326904,0.031306411927001336,2.0201122760772705,0.0408163265306122,0.0006470680236816,0,0,66,"['lip_cluster','linear','cluster']","['separated','touching']"
figure_descending_markersize110_iris_tsne.png,iris_tsne,147,3,110,0.8795459926171127,1.088064670562744,0.9082210076119416,1.0728328227996826,0.9832559877305476,0.5573995113372803,0.872269194203577,1.1015522480010986,0.8865587677271839,1.0606684684753418,0.488854623826374,1.0735092163085938,0.508926529173624,0.3177642822265625,0.4928371688900074,1.3068351745605469,0.4969879472109988,1.0554518699645996,0.5033542253541985,1.1018893718719482,0.338495889368489,1.1019103527069092,0.3535084441124148,0.3268022537231445,0.3288277000641629,1.3529469966888428,0.3474867724201866,1.1092181205749512,0.351445894058068,1.130502462387085,0.9931972789115646,0.115715742111206,4454,0.9207763671875,0.0,0.926239013671875,0.0292084267032325,0.0159835815429687,11.304176651872186,0.0021512508392333,0.04152299687970911,1.4066221714019775,0.0408163265306122,0.0007054805755615,0,0,198,"['lip_cluster','linear','cluster']","['separated','touching']"
figure_descending_markersize160_iris_tsne.png,iris_tsne,147,3,160,0.8487526289873668,1.1169567108154297,0.885464659334928,1.1413702964782717,0.9800079818837976,1.3991458415985107,0.8417261606503479,1.1505939960479736,0.8592379333832191,0.3351318836212158,0.4039190719951787,1.1566476821899414,0.4243757717322477,1.1549043655395508,0.4091754918609125,1.6757545471191406,0.4176772852267544,0.3454926013946533,0.4231091649048047,1.1443724632263184,0.2650208992410047,1.1763687133789062,0.2790603827092394,0.3391387462615967,0.2585664065897906,1.3808043003082275,0.2777506963443019,1.1345603466033936,0.2806552337078182,1.1431875228881836,0.9931972789115646,0.1270136833190918,8541,1.1038730144500732,0.0,1.1064105033874512,0.0292084267032325,0.0163896083831787,11.304176651872186,0.0021522045135498,0.04905867215284049,1.6815543174743652,0.0408163265306122,0.0006904602050781,0,0,361,"['lip_cluster','linear','cluster']","['separated','touching']"
figure_category_based_markersize10_n500-d10-c5-spr0.2-out0_umap.png,n500-d10-c5-spr0.2-out0_umap,500,5,10,0.9670934738300018,1.1417555809020996,0.9630360181530808,1.1278045177459717,0.973124656548436,1.549675226211548,0.9667164601041628,1.151078462600708,0.9665023094627412,0.3187954425811767,0.9221922484398752,1.141847848892212,0.9079218019995408,1.4010982513427734,0.8922312910037307,0.7516608238220215,0.9263889357029046,1.132303237915039,0.917609181988464,1.1659650802612305,0.8812754708795421,1.2061436176300049,0.8587744396950061,0.3331232070922851,0.8237546706227453,1.6168019771575928,0.8892912786150046,1.136716365814209,0.8734246396175964,1.2192704677581787,1.0,0.1346948146820068,136,0.9992761611938475,0.0,0.1078107357025146,0.0302181140252235,0.0569462776184082,10.551974383726003,0.0052366256713867,-,15.0,0.256,0.002742052078247,0,0,6,['cluster'],['intersecting']
figure_category_based_markersize60_n500-d10-c5-spr0.2-out0_umap.png,n500-d10-c5-spr0.2-out0_umap,500,5,60,0.7652902558127322,1.2290480136871338,0.76384878995045,1.253533124923706,0.858473075497473,0.7901639938354492,0.7670998018140501,1.2217485904693604,0.7735713864676392,1.2525546550750732,0.5839010128689126,0.3603448867797851,0.5741738468522121,1.2509896755218506,0.5762665374214968,1.6845345497131348,0.5842338515316906,0.3624806404113769,0.5833304868226532,1.2193031311035156,0.4720222167002678,1.255868434906006,0.459959183959676,1.245654821395874,0.4336969827458532,0.7903587818145752,0.4717703461772107,1.2482714653015137,0.4681905179692991,1.2219030857086182,0.996,0.1751985549926757,5260,1.0470027923583984,0.0,1.030200481414795,0.0302181140252235,0.0548703670501709,10.551974383726003,0.0051541328430175,-,15.0,0.256,0.0030045509338378,0,0,554,['cluster'],['intersecting']
figure_category_based_markersize110_n500-d10-c5-spr0.2-out0_umap.png,n500-d10-c5-spr0.2-out0_umap,500,5,110,0.6178472787853273,1.3952245712280271,0.621844093477286,1.3326818943023682,0.7377806301919616,1.7533504962921145,0.6266547126142505,0.4028942584991455,0.6322311463991411,1.3025100231170654,0.428123798016606,0.4050381183624267,0.4184905510050688,1.325900316238403,0.4178447211587538,1.774665117263794,0.4319853827272519,1.338874101638794,0.4277697407527512,0.3966412544250488,0.3275442064468308,1.338839769363403,0.3153618793625352,1.3284626007080078,0.2914559149512125,0.8217127323150635,0.3295966778740566,1.310398817062378,0.3232362388427859,1.3184762001037598,0.994,0.2279353141784668,16941,1.0674338340759275,0.0,1.077660083770752,0.0302181140252235,0.055793285369873,10.551974383726003,0.0053105354309082,-,15.0,0.256,0.0027070045471191,0,0,2095,['cluster'],['intersecting']
figure_category_based_markersize160_n500-d10-c5-spr0.2-out0_umap.png,n500-d10-c5-spr0.2-out0_umap,500,5,160,0.5144936910864445,0.7514438629150391,0.5239498369743024,0.686150074005127,0.6528482079556048,1.1353166103363037,0.5277684403050751,0.6767983436584473,0.5343555273118203,0.6217539310455322,0.3427008171661312,0.6619200706481934,0.3353008106954503,0.7060139179229736,0.3366072419568362,1.1871511936187744,0.3488116429864466,0.7275011539459229,0.3445214272068263,0.6879949569702148,0.256915139174275,0.7420275211334229,0.2465353428985417,0.7060439586639404,0.2267628620797317,1.1612184047698977,0.260485641347961,0.7010762691497803,0.2542109441169383,0.7662534713745117,0.974,0.4802923202514648,31263,0.2727994918823242,0.0,0.3579556941986084,0.0302181140252235,0.056570291519165,10.551974383726003,0.0052347183227539,-,15.0,0.256,0.0030121803283691,0,0,4441,['cluster'],['intersecting']
figure_ascending_markersize10_n500-d10-c5-spr0.2-out0_umap.png,n500-d10-c5-spr0.2-out0_umap,500,5,10,0.970280567968182,0.7211663722991943,0.9686690706391357,0.6470756530761719,0.9691117886498586,1.1713576316833496,0.9727165133364352,0.6445996761322021,0.9697145918027674,0.6116304397583008,0.9254506104921758,0.6344008445739746,0.9130921755563188,0.6835603713989258,0.8882268334126721,0.9691054821014404,0.932154118461801,0.8051230907440186,0.9205793912814836,0.6554241180419922,0.884580271278272,0.682466983795166,0.8635466271820427,0.6779932975769043,0.8198035853604089,1.12687349319458,0.8948392161869494,0.5681209564208984,0.8761833936308399,0.791377067565918,1.0,0.4378297328948974,136,0.2671070098876953,0.0,0.4351658821105957,0.0302181140252235,0.0574686527252197,10.551974383726003,0.0061495304107666,0.009002832380458393,12.068496227264404,0.256,0.0027213096618652,0,0,0,['cluster'],['intersecting']
figure_ascending_markersize60_n500-d10-c5-spr0.2-out0_umap.png,n500-d10-c5-spr0.2-out0_umap,500,5,60,0.8450679902236234,0.6258335113525391,0.815937881052766,0.7579779624938965,0.7826980619983205,1.1246891021728516,0.8552972027562802,0.7313072681427002,0.8281554426040669,0.6268672943115234,0.6346416098449543,0.776310920715332,0.6056266577666005,0.777728796005249,0.5346536060146223,1.1587231159210205,0.6389726810443634,0.7945301532745361,0.6161461449642556,0.8475422859191895,0.50811764106134,0.809149980545044,0.4815144098619861,0.673896312713623,0.4059911510076607,1.229205846786499,0.5099855053854327,0.8186585903167725,0.4905615078550207,0.8136777877807617,0.996,0.5373809337615967,5260,0.5102334022521973,0.0,0.306776762008667,0.0302181140252235,0.0558216571807861,10.551974383726003,0.0052316188812255,0.018576303372384258,14.193252086639404,0.256,0.0027170181274414,0,0,0,['cluster'],['intersecting']
figure_ascending_markersize110_n500-d10-c5-spr0.2-out0_umap.png,n500-d10-c5-spr0.2-out0_umap,500,5,110,0.7382939200742166,0.5811572074890137,0.6907318197072336,0.925189971923828,0.6281641779115519,1.1350841522216797,0.7500659934568843,0.902334213256836,0.7060020492221168,0.7332994937896729,0.4940091097623115,0.9118993282318116,0.454364596768728,0.9022097587585448,0.372902541205815,1.3240258693695068,0.4970867273136615,0.7759995460510254,0.4651952299846636,0.7323086261749268,0.3711905325443582,0.9378745555877686,0.3385227147263187,0.7265822887420654,0.2651541469151677,1.3627972602844238,0.3717158786089176,0.9691433906555176,0.3468797099375297,0.7827632427215576,0.994,0.4278838634490967,16941,0.570037841796875,0.0,0.5505669116973877,0.0302181140252235,0.0551106929779052,10.551974383726003,0.0050864219665527,-,15.0,0.256,0.0026628971099853,0,0,0,['cluster'],['intersecting']
figure_ascending_markersize160_n500-d10-c5-spr0.2-out0_umap.png,n500-d10-c5-spr0.2-out0_umap,500,5,160,0.6562686031974805,0.8205575942993164,0.6008206135660441,1.0245966911315918,0.5229146320248329,1.2578010559082031,0.6678622066033236,1.0247137546539309,0.6163361686360234,0.842989444732666,0.4166742698002441,0.8287599086761475,0.3738180440856623,0.6344025135040283,0.2915032828229627,1.486562728881836,0.4190834407852819,0.812164306640625,0.3842681175738162,1.0504567623138428,0.3052366939852928,0.6209728717803955,0.2713110616002412,1.059157133102417,0.202076205334335,1.2954905033111572,0.3053430949899978,0.8882308006286621,0.2791574273388791,0.8634135723114014,0.974,0.7323694229125977,31263,0.3904092311859131,0.0,0.6012392044067383,0.0302181140252235,0.0547986030578613,10.551974383726003,0.0052289962768554,-,15.0,0.256,0.0026233196258544,0,0,0,['cluster'],['intersecting']
figure_descending_markersize10_n500-d10-c5-spr0.2-out0_umap.png,n500-d10-c5-spr0.2-out0_umap,500,5,10,0.9538306799163888,0.3158309459686279,0.9608250394514868,0.9840433597564696,0.987522591550754,1.2176294326782229,0.9502937380780718,0.7853312492370605,0.9572279548431182,0.7927746772766113,0.9095500782821344,0.8033130168914795,0.905896970030396,0.8068273067474365,0.905168782643047,1.198612928390503,0.9107800740096376,0.7940285205841064,0.9090545968898434,1.0215156078338623,0.8691984407169873,0.5564689636230469,0.856909503269487,1.059168815612793,0.8354933538523345,0.9999289512634276,0.8744212249986119,1.0532186031341553,0.8654976490942987,0.8264451026916504,1.0,0.405853271484375,136,0.384476900100708,0.0,0.6674916744232178,0.0302181140252235,0.0557620525360107,10.551974383726002,0.0060517787933349,0.009002832380458396,12.07297968864441,0.256,0.0025792121887207,0,0,25,['cluster'],['intersecting']
figure_descending_markersize60_n500-d10-c5-spr0.2-out0_umap.png,n500-d10-c5-spr0.2-out0_umap,500,5,60,0.7009215346239632,0.875983715057373,0.7496375096625982,0.8714010715484619,0.9487997104802168,1.3127481937408447,0.6954707062942207,0.8993680477142334,0.7347749929881003,0.6192436218261719,0.5419781583491972,1.161712408065796,0.5648779794151786,0.6335999965667725,0.6228108078176644,1.2799010276794434,0.5381649437742706,1.1692514419555664,0.5592572482689628,0.6347928047180176,0.4417951676685346,0.8925650119781494,0.4531839289568103,0.9071052074432372,0.4635456483130433,1.3535711765289309,0.4388933879354474,0.9445297718048096,0.4514242766677276,0.6374788284301758,0.996,0.8104021549224854,5260,0.4481229782104492,0.0,0.4396178722381592,0.0302181140252235,0.0552449226379394,10.551974383726002,0.0052051544189453,0.018576303372384254,13.903370380401611,0.256,0.0026547908782958,0,0,1065,['cluster'],['intersecting']
figure_descending_markersize110_n500-d10-c5-spr0.2-out0_umap.png,n500-d10-c5-spr0.2-out0_umap,500,5,110,0.536434079502405,0.9516720771789552,0.5981507042826697,0.9499142169952391,0.8916644472871135,1.3836243152618408,0.5343916448725365,0.9904623031616212,0.5809471131460653,0.6828658580780029,0.3818599025759398,0.984999656677246,0.4049381391004325,1.0525860786437988,0.4727401722207895,1.1185362339019775,0.380569969031913,1.0057554244995115,0.4008666902899125,0.9925453662872314,0.2964402573072486,0.7165546417236328,0.3060718666632357,1.0096919536590576,0.3216307276143325,1.4245140552520752,0.2955092637981895,1.0232996940612793,0.3060104075914364,0.7104299068450928,0.994,0.56679368019104,16941,0.8299648761749268,0.0,0.4622254371643066,0.0302181140252235,0.0545086860656738,10.551974383726002,0.0051519870758056,-,15.0,0.256,0.0027198791503906,0,0,3968,['cluster'],['intersecting']
figure_descending_markersize160_n500-d10-c5-spr0.2-out0_umap.png,n500-d10-c5-spr0.2-out0_umap,500,5,160,0.4345740544442167,0.4215254783630371,0.4990259969678798,1.0630080699920654,0.838623114957207,1.4832210540771484,0.4348257312899903,0.7568717002868652,0.4816590556724354,1.060525894165039,0.2992151558470233,1.0888521671295166,0.3215245813775463,1.0824344158172607,0.3909325954264939,1.1787066459655762,0.2996973742810148,1.0861155986785889,0.318747836128323,0.7614884376525879,0.2281516496522749,1.0976524353027344,0.2371657405054442,0.7805054187774658,0.2548718307299675,1.5294945240020752,0.2286432058525138,0.7681488990783691,0.238186257806602,1.1047298908233645,0.974,0.6076068878173828,31263,0.5218572616577148,0.0,0.475071907043457,0.0302181140252235,0.0550668239593505,10.551974383726002,0.0051541328430175,-,15.0,0.256,0.0026168823242187,0,0,8359,['cluster'],['intersecting']
figure_category_based_markersize10_UnEvenDensity-noName_tsne.png,UnEvenDensity-noName_tsne,905,2,10,1.0,0.3239643573760986,1.0,1.0089423656463623,1.0,0.8931853771209717,1.0,0.9880881309509276,1.0,0.6861624717712402,1.0,1.0112547874450684,1.0,1.0318095684051514,1.0,0.8636131286621094,1.0,1.047370195388794,1.0,0.699211835861206,1.0,0.6964993476867676,1.0,1.0587167739868164,1.0,0.8889777660369873,1.0,1.0657143592834473,1.0,1.07682204246521,1.0,0.5705296993255615,0,0.521691083908081,0.0,0.5062072277069092,0.0295401426671978,0.0881578922271728,9.688568369653703,0.0086660385131835,-,15.0,0.0,0.0025398731231689,0,0,0,['cluster'],['separated']
figure_category_based_markersize60_UnEvenDensity-noName_tsne.png,UnEvenDensity-noName_tsne,905,2,60,1.0,0.7910351753234863,1.0,1.1533873081207275,1.0,0.9697480201721193,1.0,0.7734818458557129,1.0,1.15529465675354,0.602046866484206,0.7944540977478027,0.6489809612670872,1.136721134185791,0.8225983597047768,0.9478700160980223,0.5812380118585343,1.1589326858520508,0.607576838050846,0.76576828956604,0.4306631260020021,1.1813116073608398,0.4803640383008595,0.776785135269165,0.6986556936497195,0.9728610515594482,0.4096797184564678,1.195016860961914,0.4363449665691731,0.7833824157714844,1.0,0.8144378662109375,8842,0.5749216079711914,0.0,0.6023499965667725,0.0295401426671978,0.0887267589569091,9.688568369653703,0.0091302394866943,-,15.0,0.0,0.0024158954620361,0,0,0,['cluster'],['separated']
figure_category_based_markersize110_UnEvenDensity-noName_tsne.png,UnEvenDensity-noName_tsne,905,2,110,1.0,0.8539707660675049,1.0,0.8406686782836914,1.0,1.0550141334533691,1.0,0.8571548461914062,1.0,1.2708041667938232,0.3231359800117577,0.850214958190918,0.3604646155835449,1.2683217525482178,0.4416343289964891,1.065519094467163,0.3182538035293264,0.8753159046173096,0.3413544086933103,1.290116310119629,0.1927025543872206,0.88382887840271,0.2198577834975131,1.2897489070892334,0.2833958275737032,1.0598256587982178,0.189240091160733,0.85964035987854,0.2058031025328259,0.8674445152282715,0.9613259668508288,0.8390333652496338,43893,1.0671966075897217,0.0,0.1191132068634033,0.0295401426671978,0.0894403457641601,9.688568369653703,0.0088093280792236,-,15.0,0.0,0.0024564266204833,0,0,0,['cluster'],['separated']
figure_category_based_markersize160_UnEvenDensity-noName_tsne.png,UnEvenDensity-noName_tsne,905,2,160,1.0,0.9477748870849608,1.0,0.9855482578277588,1.0,1.1273918151855469,1.0,0.9441533088684082,1.0,1.3754353523254397,0.2387185964534985,0.9553549289703368,0.2581235761288163,0.931398630142212,0.2778274844638394,1.5869488716125488,0.2398015132987981,0.982762575149536,0.2533610246560832,0.9951236248016356,0.1355368857996325,1.4791371822357178,0.1481870772182316,0.985328197479248,0.161323840647488,1.1941916942596436,0.1362354956617486,0.9893109798431396,0.145056321445132,1.4660723209381104,0.8331491712707182,0.7978417873382568,81537,0.6794590950012207,0.0,0.6126730442047119,0.0295401426671978,0.0893795490264892,9.688568369653703,0.0087141990661621,-,15.0,0.0,0.0024483203887939,0,0,0,['cluster'],['separated']
figure_ascending_markersize10_UnEvenDensity-noName_tsne.png,UnEvenDensity-noName_tsne,905,2,10,1.0,0.7875721454620361,1.0,0.7889389991760254,1.0,1.4806170463562012,1.0,0.8314597606658936,1.0,0.831855058670044,1.0,0.8237941265106201,1.0,1.367037057876587,1.0,0.9985527992248536,1.0,0.8112456798553467,1.0,0.8078227043151855,1.0,1.387451171875,1.0,0.8558731079101562,1.0,1.052276611328125,1.0,0.8299267292022705,1.0,1.2916789054870603,1.0,0.699347972869873,0,0.645021915435791,0.0,0.116992712020874,0.0295401426671978,0.090116262435913,9.688568369653703,0.008859634399414,-,15.0,0.0,0.0023515224456787,0,0,0,['cluster'],['separated']
figure_ascending_markersize60_UnEvenDensity-noName_tsne.png,UnEvenDensity-noName_tsne,905,2,60,1.0,0.3810267448425293,1.0,1.4217216968536377,1.0,1.078218698501587,1.0,0.8908154964447021,1.0,0.8968110084533691,0.6070505594330728,0.8899028301239014,0.6501711256277982,0.8863623142242432,0.7775212062067552,1.0694313049316406,0.584259258926586,0.8891136646270752,0.6093430472390218,0.916785478591919,0.4358022924263529,0.8991341590881348,0.4816692974731256,0.9004311561584473,0.6360201994131736,1.593031644821167,0.4126880310611115,0.900869846343994,0.4381692019942417,0.9055614471435548,1.0,0.936363697052002,8842,0.7059109210968018,0.0,0.6902809143066406,0.0295401426671978,0.0902538299560546,9.688568369653703,0.0088982582092285,-,15.0,0.0,0.0024623870849609,0,0,0,['cluster'],['separated']
figure_ascending_markersize110_UnEvenDensity-noName_tsne.png,UnEvenDensity-noName_tsne,905,2,110,1.0,1.0276410579681396,1.0,0.99229097366333,1.0,1.180570363998413,1.0,0.999314546585083,1.0,0.9820313453674316,0.3322183956910627,0.995863437652588,0.3624032959413042,0.9995574951171876,0.3628475495734297,1.1915719509124756,0.3237618476356484,1.0015389919281006,0.3442981661435323,0.9878301620483398,0.1991977815516924,1.0188400745391846,0.2213019207006872,1.507244348526001,0.2216333301635332,1.2116272449493408,0.1931478812715119,1.0236446857452393,0.2079469618884165,1.0266413688659668,0.9613259668508288,0.9674925804138184,43893,0.7632536888122559,0.0,0.1216678619384765,0.0295401426671978,0.0899157524108886,9.688568369653703,0.0087809562683105,-,15.0,0.0,0.0023267269134521,0,0,0,['cluster'],['separated']
figure_ascending_markersize160_UnEvenDensity-noName_tsne.png,UnEvenDensity-noName_tsne,905,2,160,1.0,0.5016305446624756,1.0,1.0996835231781006,1.0,1.2565953731536863,1.0,1.1086065769195557,1.0,1.0545785427093506,0.2498421373706928,1.0814247131347656,0.2602062995847323,1.6410439014434814,0.2087306775438336,1.280118703842163,0.2469460814659007,1.116636037826538,0.2566703518367309,0.5165648460388184,0.142754058194127,1.6614480018615725,0.1495615828029635,1.1195075511932373,0.1165266858127312,1.2955021858215332,0.1408662214293994,0.5370941162109375,0.1472299585492352,1.6703341007232666,0.8331491712707182,0.9361605644226074,81537,0.1700789928436279,0.0,0.7344746589660645,0.0295401426671978,0.0873982906341552,9.688568369653703,0.0086500644683837,-,15.0,0.0,0.0024223327636718,0,0,0,['cluster'],['separated']
figure_descending_markersize10_UnEvenDensity-noName_tsne.png,UnEvenDensity-noName_tsne,905,2,10,1.0,0.3351285457611084,1.0,0.9240918159484864,1.0,1.1219074726104736,1.0,0.9190070629119872,1.0,0.9262962341308594,1.0,0.922208309173584,1.0,0.9322357177734376,1.0,1.1425905227661133,1.0,0.9247119426727296,1.0,0.3190772533416748,1.0,1.5297799110412598,1.0,0.3356275558471679,1.0,1.714054822921753,1.0,0.3380489349365234,1.0,1.5294969081878662,1.0,0.1618516445159912,0,0.8036258220672607,0.0,0.747312068939209,0.0295401426671978,0.0894274711608886,9.688568369653703,0.0088300704956054,-,15.0,0.0,0.0024771690368652,0,0,0,['cluster'],['separated']
figure_descending_markersize60_UnEvenDensity-noName_tsne.png,UnEvenDensity-noName_tsne,905,2,60,1.0,1.0399467945098877,1.0,0.9957025051116944,1.0,1.1847620010375977,1.0,1.0042808055877686,1.0,1.0122129917144775,0.5956976351100034,1.0167934894561768,0.6476888417767319,1.0123960971832275,1.0173224774818492,1.2131688594818115,0.5777454637255365,1.018707275390625,0.605624922577376,1.0416128635406494,0.4241947104864886,1.0457720756530762,0.4789495655923573,0.3936622142791748,1.0352556705224307,1.2131874561309814,0.4062180495756523,1.6413469314575195,0.4343342995607887,0.3961060047149658,1.0,1.0440430641174316,8842,0.7983877658843994,0.0,0.8083972930908203,0.0295401426671978,0.0891611576080322,9.688568369653703,0.0088844299316406,-,15.0,0.0,0.002364158630371,0,0,0,['cluster'],['separated']
figure_descending_markersize110_UnEvenDensity-noName_tsne.png,UnEvenDensity-noName_tsne,905,2,110,1.0,1.1247971057891846,1.0,1.1258060932159424,1.0,1.2988300323486328,1.0,1.1221327781677246,1.0,0.4575490951538086,0.3133113631487544,1.0936110019683838,0.3588025620493992,1.1168262958526611,0.5601622995199356,1.961954116821289,0.3130760942159909,0.4607787132263183,0.3386953495987563,1.0764565467834473,0.1857553055753387,1.10381817817688,0.2186224239403175,1.7652664184570312,0.3890454454228894,0.6485283374786377,0.1855899327423941,1.1010584831237793,0.2038731123258781,1.0963737964630127,0.9613259668508288,1.071349859237671,43893,0.8663308620452881,0.0,0.8413219451904297,0.0295401426671978,0.0885674953460693,9.688568369653703,0.0086565017700195,-,15.0,0.0,0.0025045871734619,0,0,0,['cluster'],['separated']
figure_descending_markersize160_UnEvenDensity-noName_tsne.png,UnEvenDensity-noName_tsne,905,2,160,1.0,0.5464951992034912,1.0,1.2796201705932615,1.0,1.450300931930542,1.0,0.5401957035064697,1.0,1.932809829711914,0.2272162016305184,0.5649733543395996,0.2564864797823553,1.2841544151306152,0.3437644613974695,1.519542217254639,0.2333388806007617,1.2379558086395264,0.2505012960357813,1.1850945949554443,0.1281691551104543,1.2638380527496338,0.1471089709418128,1.2237932682037354,0.2075577134925658,1.4379677772521973,0.1320790263840242,1.339848518371582,0.1431846136657124,1.292487621307373,0.8331491712707182,1.0463292598724363,81537,0.1786465644836425,0.0,0.872269868850708,0.0295401426671978,0.0929105281829834,9.688568369653703,0.0090730190277099,-,15.0,0.0,0.0024619102478027,0,0,0,['cluster'],['separated']
figure_category_based_markersize10_ionosphere_tsne.png,ionosphere_tsne,351,2,10,0.9963860488589164,1.116363525390625,0.9937465574577814,0.3264698982238769,0.9986655508119632,1.2242374420166016,0.996295561937574,1.051741361618042,0.9960723124312082,1.0252625942230225,0.8764656512219111,1.1253247261047363,0.8780579439160601,1.0791380405426023,0.8916153915373778,1.2624990940093994,0.8776799999420032,0.3290765285491943,0.8813885199268321,1.0948882102966309,0.7823104040318265,1.0729963779449463,0.7864966622871139,1.0426733493804932,0.8052934112986444,1.212454080581665,0.7843034928728746,1.0637071132659912,0.7903865639745936,1.055180311203003,0.9886039886039886,0.8881850242614746,138,0.8966484069824219,0.0,0.1170716285705566,0.030272740456747,0.0399987697601318,12.256835058817265,0.0040309429168701,0.011161870220064783,8.40269660949707,0.3076923076923077,0.0011498928070068,0,0,2,['cluster'],['intersecting']
figure_category_based_markersize60_ionosphere_tsne.png,ionosphere_tsne,351,2,60,0.9500753318356866,1.0714430809020996,0.9362673423507256,1.1266162395477295,0.9882962302753392,0.5313067436218262,0.9485524762442148,1.097198724746704,0.9491393530726896,1.1068692207336426,0.6189709127569905,1.048103094100952,0.6303934235646995,1.0884575843811035,0.652186688964424,1.3076612949371338,0.6098290819440093,1.1226444244384766,0.6215110197057749,1.1262762546539309,0.4590058459123549,1.1995906829833984,0.4751607516653576,0.3596823215484619,0.4866738426904519,1.3472671508789062,0.4493635738849698,1.1325535774230957,0.4620265483191245,1.1390504837036133,0.9857549857549858,0.9620122909545898,3418,0.130812406539917,0.0,0.9774653911590576,0.030272740456747,0.0403103828430175,12.256835058817265,0.004371166229248,0.021691880802731583,9.707462310791016,0.3076923076923077,0.0013396739959716,0,0,92,['cluster'],['intersecting']
figure_category_based_markersize110_ionosphere_tsne.png,ionosphere_tsne,351,2,110,0.8983534192772729,1.1883203983306885,0.8770764091918585,0.3852746486663818,0.9685909976249516,1.3254635334014893,0.8954458807171513,1.1454682350158691,0.8958807931973842,1.173878192901611,0.4762818919709661,1.1696109771728516,0.4898339402119583,1.1607954502105713,0.5161928446411184,0.5629074573516846,0.4650245912346245,1.1498446464538574,0.4754360935586857,1.136186599731445,0.3240392172981986,1.1951696872711182,0.3398049343395444,1.1585938930511477,0.3518533143927244,1.3688488006591797,0.3140618939908696,0.3813550472259521,0.3235780716320641,1.1188006401062012,0.98005698005698,1.0254156589508057,10855,0.9582529067993164,0.0,0.120713472366333,0.030272740456747,0.0400388240814209,12.256835058817265,0.0041077136993408,0.029145945892802345,10.533522367477415,0.3076923076923077,0.0011196136474609,0,0,333,['cluster'],['intersecting']
figure_category_based_markersize160_ionosphere_tsne.png,ionosphere_tsne,351,2,160,0.8483007076744168,1.191065549850464,0.8250405448144242,1.1991658210754397,0.942709135352617,1.3857722282409668,0.8448420031191193,1.2397611141204834,0.8441250502924186,1.25165057182312,0.4091310483266905,0.4101474285125732,0.4177523216095018,1.2060515880584717,0.4377264020503039,1.3947598934173584,0.3987510190636881,1.2534191608428955,0.4043073902025129,1.220494270324707,0.2695721522739657,0.4150435924530029,0.2796839706762347,1.2094078063964844,0.2850390244860975,1.4040303230285645,0.2609597965490779,1.241481065750122,0.2658109223476688,1.232769250869751,0.9544159544159544,0.2272942066192627,19618,1.0080714225769043,0.0,0.9869992733001708,0.030272740456747,0.0402650833129882,12.256835058817265,0.0040702819824218,0.03477172795575082,11.87850832939148,0.3076923076923077,0.0011742115020751,0,0,763,['cluster'],['intersecting']
figure_ascending_markersize10_ionosphere_tsne.png,ionosphere_tsne,351,2,10,0.998226941712906,0.316951036453247,0.9968136154900616,1.161975383758545,0.9927697538135885,1.3715951442718506,0.998317090299057,1.172889232635498,0.9976931816615195,0.3154878616333008,0.8783216612258322,1.1589345932006836,0.8807625146836655,1.1690349578857422,0.8841843114397041,1.3866760730743408,0.8796354235893225,0.3255143165588379,0.882862880202341,1.1898231506347656,0.7841329749003968,1.1496813297271729,0.7889153585277864,1.1834819316864014,0.7970103053333345,0.5080511569976807,0.7861737276711753,1.1583716869354248,0.7917372435583595,1.2123563289642334,0.9886039886039886,0.1255509853363037,138,0.9852526187896729,0.0,0.9714922904968262,0.030272740456747,0.0403728485107421,12.256835058817265,0.0041737556457519,0.011161870220064781,6.039943218231201,0.3076923076923077,0.0011191368103027,0,0,0,['cluster'],['intersecting']
figure_ascending_markersize60_ionosphere_tsne.png,ionosphere_tsne,351,2,60,0.960810888179116,0.3412842750549316,0.9544750307434626,1.1757493019104004,0.9462966620471313,1.3799526691436768,0.9603311412902416,1.2115154266357422,0.9581669458382368,0.3366191387176513,0.6261675254168886,1.1944231986999512,0.6405003794845716,1.2292497158050537,0.6277443631639141,1.396195888519287,0.617255813775236,0.3413295745849609,0.626961390935054,1.2030999660491943,0.4644151468934909,1.2024040222167969,0.4819596930598655,1.2448432445526123,0.4696469015905122,0.5218615531921387,0.4547852065320547,1.1999971866607666,0.4659116591716469,1.1943359375,0.9857549857549858,0.1537058353424072,3418,0.9874155521392822,0.0,1.0353398323059082,0.030272740456747,0.0403003692626953,12.256835058817265,0.0040626525878906,0.02169188080273158,7.247164249420166,0.3076923076923077,0.0010933876037597,0,0,0,['cluster'],['intersecting']
figure_ascending_markersize110_ionosphere_tsne.png,ionosphere_tsne,351,2,110,0.9168294728376776,1.2447054386138916,0.9072326791869664,1.3287675380706787,0.8972997641767653,0.5434181690216064,0.9157723837733392,1.2803289890289309,0.9112719690020764,1.2889184951782229,0.4848968322419524,1.2587335109710691,0.5015755356328817,0.3757994174957275,0.4873884359258311,1.3973891735076904,0.4738105387669759,1.2400777339935305,0.4816188733316269,1.2713329792022705,0.3296116510519047,0.3688778877258301,0.3465985561962927,1.2373154163360596,0.3345546340235914,1.4999127388000488,0.3195784545651099,0.3753359317779541,0.3273007497377598,1.296090841293335,0.98005698005698,1.1300015449523926,10855,0.1378114223480224,0.0,1.0828003883361816,0.030272740456747,0.0391211509704589,12.256835058817265,0.0040514469146728,0.029145945892802345,8.707338094711304,0.3076923076923077,0.0010678768157958,0,0,0,['cluster'],['intersecting']
figure_ascending_markersize160_ionosphere_tsne.png,ionosphere_tsne,351,2,160,0.8732150449544033,0.3994197845458984,0.8607123057171245,1.3436181545257568,0.847118659003108,0.5690677165985107,0.871912808571708,1.3298211097717283,0.8647993938785352,1.3201277256011963,0.4189332164500916,0.4004123210906982,0.4298240434434298,1.3049347400665283,0.4080422441302316,1.5078928470611572,0.4085685795963256,1.3156964778900146,0.4110974055522484,0.4144067764282226,0.2755703570753027,1.3110723495483398,0.2864313106182327,1.342479944229126,0.268746324476714,0.5792393684387207,0.266792211321656,1.3470473289489746,0.2696370227175074,1.313086748123169,0.9544159544159544,1.1536462306976318,19618,0.1426541805267334,0.0,1.0931990146636963,0.030272740456747,0.0396955013275146,12.256835058817265,0.0040128231048583,0.03477172795575083,9.994366884231567,0.3076923076923077,0.0010766983032226,0,0,0,['cluster'],['intersecting']
figure_descending_markersize10_ionosphere_tsne.png,ionosphere_tsne,351,2,10,0.9963859024495012,0.6182928085327148,0.993746402939721,0.5423793792724609,0.9986656376856452,0.7466490268707275,0.99629540038416,0.6036820411682129,0.996072236890982,0.5012698173522949,0.8763056699738059,0.5112202167510986,0.8779638937200785,0.592216968536377,0.8918808843344795,0.736544132232666,0.8775067384670472,0.5200502872467041,0.8813115091133457,0.5365662574768066,0.7820556203945817,0.651874303817749,0.786345855194772,0.5521795749664307,0.805726606381806,0.7377426624298096,0.7840269239760861,0.5829887390136719,0.7902627615504513,0.5704121589660645,0.9886039886039886,0.3340568542480469,138,0.2351706027984619,0.0,0.3692502975463867,0.030272740456747,0.037769079208374,12.256835058817265,0.0039401054382324,0.011161870220064781,5.913169145584106,0.3076923076923077,0.0011820793151855,0,0,2,['cluster'],['intersecting']
figure_descending_markersize60_ionosphere_tsne.png,ionosphere_tsne,351,2,60,0.9373785327533388,0.5129525661468506,0.9345276916851896,0.5922818183898926,0.9898906218082428,0.737382173538208,0.938465223598065,0.7041881084442139,0.9428551311130112,0.647719144821167,0.6116456318737568,0.6547489166259766,0.6285647827028706,0.6728079319000244,0.6589022688501239,0.8146634101867676,0.603689302437848,0.6420109272003174,0.6178419804077779,0.6387991905212402,0.453913621319838,0.674217700958252,0.4735313553668421,0.6795492172241211,0.4937932914999118,0.8687822818756104,0.4449600286076599,0.7028570175170898,0.4594605684188927,0.7023348808288574,0.9857549857549858,0.3905034065246582,3418,0.4128344058990478,0.0,0.2609126567840576,0.030272740456747,0.0377116203308105,12.256835058817265,0.003814697265625,0.021691880802731583,6.807140350341797,0.3076923076923077,0.0010924339294433,0,0,155,['cluster'],['intersecting']
figure_descending_markersize110_ionosphere_tsne.png,ionosphere_tsne,351,2,110,0.8700322248934306,0.7253448963165283,0.871520919587753,0.7156217098236084,0.9741151879981568,0.9161477088928224,0.8704919347191478,0.7804865837097168,0.8812820081471493,0.7760012149810791,0.4651244823800518,0.802654504776001,0.4863531616736362,0.8160266876220703,0.5266903785270296,0.933185338973999,0.4551677834467111,0.7882909774780273,0.4698312396981335,0.6338357925415039,0.3174057591751604,0.7422919273376465,0.337288751219442,0.7609512805938721,0.360916399122822,0.9668726921081544,0.3081466227954349,0.7506766319274902,0.3202934325697716,0.7259016036987305,0.98005698005698,0.4857609272003174,10855,0.4917938709259033,0.0,0.2824134826660156,0.030272740456747,0.0380654335021972,12.256835058817265,0.0039193630218505,0.029145945892802345,7.612280607223511,0.3076923076923077,0.0010035037994384,0,0,633,['cluster'],['intersecting']
figure_descending_markersize160_ionosphere_tsne.png,ionosphere_tsne,351,2,160,0.8083485873012699,0.7002711296081543,0.815823387292312,0.7202680110931396,0.9525085436726896,0.8817331790924072,0.8076566502356735,0.8293874263763428,0.822356964972541,0.8892421722412109,0.3959463751688831,0.6962194442749023,0.4130391020064802,0.7027287483215332,0.4500534539276141,0.8598105907440186,0.3866438199731243,0.8571650981903076,0.3976034264372674,0.8735136985778809,0.2621851185051941,0.7165212631225586,0.2765180023610061,0.7462377548217773,0.2946326286990909,0.9012959003448486,0.2541574096454295,0.8743283748626709,0.2621836205436041,0.922006607055664,0.9544159544159544,0.3869447708129883,19618,0.5570759773254395,0.0,0.5289878845214844,0.030272740456747,0.0381507873535156,12.256835058817265,0.0038936138153076,0.03477172795575083,8.949796438217163,0.3076923076923077,0.0010221004486083,0,0,1453,['cluster'],['intersecting']
figure_category_based_markersize10_ms_interleaved_400_800_3d_0_tsne.png,ms_interleaved_400_800_3d_0_tsne,1821,3,10,0.983658348651502,0.7303271293640137,0.9882047404371216,0.7464480400085449,1.0015337015094157,1.017232894897461,0.9870181887424968,0.746051549911499,0.9880353040836424,0.7272932529449463,0.6912530905542634,0.7420241832733154,0.7014868707936556,0.7312960624694824,0.7099010663086684,1.2242741584777832,0.6912158671866606,0.7838351726531982,0.6964831396928914,0.9495522975921632,0.5328550002983816,0.5804736614227295,0.5437292001817079,0.9669601917266846,0.5498054058957118,1.0639829635620115,0.5318301568954409,0.8027291297912598,0.5377904579950699,0.7997491359710693,0.9967051070840196,0.7805285453796387,2265,0.3936030864715576,0.0,0.6370036602020264,0.0303924992021505,0.181793212890625,4.252905157260594,0.0165669918060302,-,15.0,0.0752333882482152,0.006242036819458,0,0,20,['cluster'],['touching']
figure_category_based_markersize60_ms_interleaved_400_800_3d_0_tsne.png,ms_interleaved_400_800_3d_0_tsne,1821,3,60,0.7691719496382513,0.7046260833740234,0.8054271783148301,0.9318904876708984,1.0538066080956383,1.2273194789886477,0.7905081329465535,0.7347373962402344,0.8123387657347361,1.1831543445587158,0.2509857485909107,0.9592256546020508,0.2558872954390633,0.7096090316772461,0.2673176476103629,1.1927461624145508,0.2517655821995305,0.938082218170166,0.2544255802887593,0.9376161098480223,0.1499591993667628,0.953484058380127,0.1521059723407639,0.7161383628845215,0.1530738367911251,1.5059049129486084,0.1497255128518957,0.7171573638916016,0.150833400882969,0.9176754951477052,0.8736957715540912,0.9150879383087158,53470,0.4395532608032226,0.0,0.6579980850219727,0.0303924992021505,0.1822433471679687,4.252905157260594,0.01629638671875,-,15.0,0.0752333882482152,0.0064184665679931,0,0,1914,['cluster'],['touching']
figure_category_based_markersize110_ms_interleaved_400_800_3d_0_tsne.png,ms_interleaved_400_800_3d_0_tsne,1821,3,110,0.6444906139072484,0.5749256610870361,0.6904201137133802,1.0937073230743408,1.088707764667587,1.373032569885254,0.6678414349563733,1.3655357360839844,0.6989059809512326,0.8182783126831055,0.1955827006254719,1.1057093143463137,0.1993476449515424,1.1008872985839844,0.2134298334506646,1.3795554637908936,0.1960509220302253,1.1133756637573242,0.198667235259866,1.1316239833831787,0.1152838710326474,1.1578483581542969,0.1164913142388026,0.8225076198577881,0.1183118173296059,1.3634564876556396,0.1148887843452094,1.1224315166473389,0.115790626316574,1.1418933868408203,0.6760021965952773,0.6340517997741699,96277,0.8024907112121582,0.0,0.4366657733917236,0.0303924992021505,0.1789197921752929,4.252905157260594,0.0160412788391113,-,15.0,0.0752333882482152,0.0063066482543945,0,0,6073,['cluster'],['touching']
figure_category_based_markersize160_ms_interleaved_400_800_3d_0_tsne.png,ms_interleaved_400_800_3d_0_tsne,1821,3,160,0.5764769052161021,0.957704782485962,0.6254341459909369,0.9786713123321532,1.1192460999273517,1.5383265018463137,0.5998993583225166,1.263136863708496,0.6344397289560324,1.268843650817871,0.1770125661574245,0.9637606143951416,0.1807933768297307,1.2299089431762695,0.1980810626095031,1.534196376800537,0.1776416485162094,1.298353910446167,0.1804667550925237,1.273174524307251,0.1045592210816136,0.9807958602905272,0.1056695654081795,1.2719104290008545,0.1086552865489977,1.5330615043640137,0.1042570797375643,1.273500680923462,0.1051947288835163,1.290212631225586,0.5409115870400879,0.6427464485168457,121946,0.5676558017730713,0.0,0.8087470531463623,0.0303924992021505,0.1832756996154785,4.252905157260594,0.0166120529174804,-,15.0,0.0752333882482152,0.0060741901397705,2,0,11091,['cluster'],['touching']
figure_ascending_markersize10_ms_interleaved_400_800_3d_0_tsne.png,ms_interleaved_400_800_3d_0_tsne,1821,3,10,0.9864163684853374,0.9703450202941896,0.9898732122705668,0.979435920715332,0.9943910039076987,1.244727373123169,0.9877534811076164,0.6850533485412598,0.9888763062450612,0.9710683822631836,0.6938916787756103,0.9971981048583984,0.7029970521140241,0.9959585666656494,0.6997740439452877,0.964313507080078,0.6926449377752513,1.015171766281128,0.6973021661504415,0.6749804019927979,0.5351819034303273,1.0257692337036133,0.545038803402722,0.691364049911499,0.5398329828607824,1.2513303756713867,0.5333094560638633,1.0206413269042969,0.53851798198882,0.6888816356658936,0.9967051070840196,1.0107269287109375,2265,0.509357213973999,0.0,0.4829890727996826,0.0303924992021505,0.1820056438446045,4.252905157260594,0.0163185596466064,-,15.0,0.0752333882482152,0.0063240528106689,0,0,0,['cluster'],['touching']
figure_ascending_markersize60_ms_interleaved_400_800_3d_0_tsne.png,ms_interleaved_400_800_3d_0_tsne,1821,3,60,0.809829302811787,0.803741455078125,0.8484875152185184,1.151611089706421,0.9105548444326592,1.418351411819458,0.8228176472086449,0.8045053482055664,0.8368521666268995,1.201406717300415,0.2592045421672861,0.8234899044036865,0.2625958871702208,1.18351149559021,0.2420584704507496,1.4631917476654053,0.2584913423383863,0.8284108638763428,0.2580276941880127,1.171029567718506,0.1542951278602492,0.8315632343292236,0.1553350331797333,0.817413330078125,0.139582244283494,1.4658329486846924,0.153330328700144,1.2025620937347412,0.1525285004868608,0.8191859722137451,0.8736957715540912,0.7998685836791992,53470,0.546436071395874,0.0,0.8982913494110107,0.0303924992021505,0.1788504123687744,4.252905157260594,0.0159854888916015,-,15.0,0.0752333882482152,0.0061876773834228,0,0,0,['cluster'],['touching']
figure_ascending_markersize110_ms_interleaved_400_800_3d_0_tsne.png,ms_interleaved_400_800_3d_0_tsne,1821,3,110,0.6984801277582746,1.333573579788208,0.7521151501621979,0.9501307010650636,0.8461126735166258,1.232210397720337,0.7158372568398246,1.3102660179138184,0.7348381072267371,0.9498424530029296,0.2055978946877017,1.3094255924224854,0.2077488063409454,0.9500911235809326,0.1841490056291411,1.6085903644561768,0.2046086149035367,0.9667418003082277,0.2032450590393248,0.9495902061462402,0.1205393492945239,1.347313642501831,0.1205192865476619,0.98976469039917,0.103317586252452,1.6378579139709473,0.1193631652256218,0.9890940189361572,0.1179315700258537,0.9862921237945556,0.6760021965952773,1.200782060623169,96277,0.6514432430267334,0.0,0.1325714588165283,0.0303924992021505,0.1831026077270507,4.252905157260594,0.016334056854248,-,15.0,0.0752333882482152,0.0063893795013427,0,0,0,['cluster'],['touching']
figure_ascending_markersize160_ms_interleaved_400_800_3d_0_tsne.png,ms_interleaved_400_800_3d_0_tsne,1821,3,160,0.6370540258188979,0.6659908294677734,0.6957911382954602,1.4749386310577393,0.7974432603104655,1.3350069522857666,0.6564158506295954,1.4878642559051514,0.6762274321890183,1.0919220447540283,0.1886720519425363,1.0802788734436035,0.1902412306053917,1.0809650421142578,0.1641887874298345,1.8046629428863523,0.1877349676084164,1.0978074073791504,0.1858280165711965,1.0812795162200928,0.1107336501491111,1.485356092453003,0.1101836675238729,1.094257354736328,0.0915156562542649,1.7838513851165771,0.1095303228334171,1.1116907596588137,0.1077139641616803,1.1237022876739502,0.5409115870400879,0.7517623901367188,121946,0.6882131099700928,0.0,0.5887537002563477,0.0303924992021505,0.1828243732452392,4.252905157260594,0.0163812637329101,-,15.0,0.0752333882482152,0.0061967372894287,2,0,0,['cluster'],['touching']
figure_descending_markersize10_ms_interleaved_400_800_3d_0_tsne.png,ms_interleaved_400_800_3d_0_tsne,1821,3,10,0.9819902705196089,0.3642735481262207,0.987315703448153,0.7933957576751709,1.0028776254428204,1.4900226593017578,0.986027501404586,0.8150136470794678,0.9877984471259236,0.7934987545013428,0.6886698107384439,0.7863707542419434,0.7001047091707946,1.2157411575317385,0.7173790623780887,1.0738332271575928,0.6891901859786435,0.8024940490722656,0.6956849834937666,1.239504337310791,0.5302762986917227,0.8263790607452393,0.5423380888418183,0.8054754734039307,0.5584109804555872,1.0962531566619873,0.5297210338592178,0.8212330341339111,0.5369092518069825,1.2610762119293213,0.9967051070840196,0.775559663772583,2265,0.6182491779327393,0.0,0.604175329208374,0.0303924992021505,0.1783416271209716,4.252905157260595,0.015669822692871,-,15.0,0.0752333882482152,0.006324291229248,0,0,30,['cluster'],['touching']
figure_descending_markersize60_ms_interleaved_400_800_3d_0_tsne.png,ms_interleaved_400_800_3d_0_tsne,1821,3,60,0.7497539508927707,0.9543843269348145,0.7988842536481422,0.9099552631378174,1.0909784312563613,1.1960179805755615,0.7759961990782998,1.400190830230713,0.8066413823399157,0.942274570465088,0.2444495358532363,0.94734525680542,0.2526655878921818,0.9256572723388672,0.2835406043832191,1.6716558933258057,0.2465113308174013,0.9388630390167236,0.2524857562680761,0.945810079574585,0.1460306630152013,0.9397780895233154,0.1500632826633348,0.957111120223999,0.1629446031358145,1.2065644264221191,0.1465297816489374,1.430995225906372,0.1496663045246712,0.9550604820251464,0.8736957715540912,0.9172968864440918,53470,0.6900556087493896,0.0,0.6349599361419678,0.0303924992021505,0.1837859153747558,4.252905157260595,0.0164945125579834,-,15.0,0.0752333882482152,0.0063257217407226,0,0,2631,['cluster'],['touching']
figure_descending_markersize110_ms_interleaved_400_800_3d_0_tsne.png,ms_interleaved_400_800_3d_0_tsne,1821,3,110,0.614130737869242,1.092904806137085,0.679707711713939,1.075559377670288,1.1871332848254166,1.361555099487305,0.6450111494064428,1.0526862144470217,0.6893228404343856,1.5491983890533447,0.1872320777283069,1.0556647777557373,0.1953965627980617,1.0835437774658203,0.234903087838631,1.3772764205932615,0.1894955456883105,1.0841951370239258,0.1962776248414107,1.0696203708648682,0.1104531478821387,1.0607624053955078,0.1140982805934779,1.593848466873169,0.130347777108584,1.3781275749206543,0.1110620340530565,1.1043479442596436,0.1144302310771017,1.0787806510925293,0.6760021965952773,0.880150318145752,96277,0.7787454128265381,0.0,0.6860015392303467,0.0303924992021505,0.1832201480865478,4.252905157260595,0.016533613204956,-,15.0,0.0752333882482152,0.006119966506958,0,0,9121,['cluster'],['touching']
figure_descending_markersize160_ms_interleaved_400_800_3d_0_tsne.png,ms_interleaved_400_800_3d_0_tsne,1821,3,160,0.5409742564016167,0.6633589267730713,0.6122175526267231,1.2087814807891846,1.2652037439814563,1.9689762592315676,0.5725819705641917,1.22650146484375,0.6227935709785613,1.2133567333221436,0.1669972850990916,1.2344565391540527,0.1762589450607883,1.2245113849639893,0.2231448910964404,1.4708871841430664,0.1697829982905737,1.2135734558105469,0.1774493065673643,1.2146193981170654,0.0987388501070825,1.1974024772644043,0.1029491263699863,1.2247450351715088,0.1223630773753211,1.5341944694519043,0.0996684264167313,1.2139077186584473,0.1034644440475558,1.2140276432037354,0.5409115870400879,0.8637516498565674,121946,0.7831554412841797,0.0,0.7140223979949951,0.0303924992021505,0.177211046218872,4.252905157260595,0.0158450603485107,-,15.0,0.0752333882482152,0.0063192844390869,0,0,17076,['cluster'],['touching']
figure_category_based_markersize10_fisheries_clusteredByHarvestRule_umap.png,fisheries_clusteredByHarvestRule_umap,121,11,10,0.8098073564620252,0.3204171657562256,0.8525592725183245,0.9133813381195068,1.224824857089143,1.7472813129425049,0.733929668103638,0.8703796863555908,0.774839818190278,0.8733255863189697,0.786752054442708,0.8746058940887451,0.8229867780462636,0.8914229869842529,1.0711454450082196,2.32717227935791,0.7299781790951823,0.3324809074401855,0.7711141220640391,1.4275288581848145,0.7649731860485247,0.8693530559539795,0.7953970540899586,0.9074985980987548,0.9517312321373896,1.196936845779419,0.7260690119843205,1.4540750980377195,0.7674240833394437,0.8872413635253906,1.0,0.7139768600463867,49,0.1164813041687011,0.0,0.7095823287963867,0.028664147217654,0.0138473510742187,7.1747235346287255,0.001955509185791,0.02403637178644604,1.5840835571289062,0.7024793388429752,0.0012950897216796,0,0,27,['three_order'],['intersecting']
figure_category_based_markersize60_fisheries_clusteredByHarvestRule_umap.png,fisheries_clusteredByHarvestRule_umap,121,11,60,0.374612928920353,0.9287381172180176,0.3857054136456761,0.9252269268035888,0.601658537478852,1.768986701965332,0.3128403600147119,0.8993589878082275,0.3350306300239364,0.9121856689453124,0.3432558161528078,0.9235291481018066,0.3532926337614792,0.9204256534576416,0.4682613033763068,1.803999900817871,0.3077703881072098,0.9062373638153076,0.3299689620526558,1.4965522289276123,0.3167427481183591,0.9346938133239746,0.3259051711970177,0.3327081203460693,0.3832816798937699,2.388960838317871,0.3028621260440393,0.3371131420135498,0.325057961901861,1.517798662185669,0.9834710743801652,0.1277723312377929,2006,0.7633862495422363,0.0,0.7533283233642578,0.028664147217654,0.0139791965484619,7.1747235346287255,0.0021414756774902,0.05317890434907997,1.7526195049285889,0.7024793388429752,0.0012814998626708,0,0,1037,['three_order'],['intersecting']
figure_category_based_markersize110_fisheries_clusteredByHarvestRule_umap.png,fisheries_clusteredByHarvestRule_umap,121,11,110,0.2435147320323477,0.9500396251678468,0.244054287756682,0.952688217163086,0.3316262658633125,1.842540979385376,0.2087232508399089,0.9786629676818848,0.2221847793250383,0.9765167236328124,0.2269255776447492,0.3407096862792969,0.2273552899885137,0.9659323692321776,0.2791917297859351,2.454805612564087,0.205497429561073,0.3392343521118164,0.2190335583470332,0.9452629089355468,0.2124525011603578,1.5997793674468994,0.2127951456265426,0.3482673168182373,0.2410746171985734,1.8379151821136477,0.2023698009548328,0.9734442234039308,0.2159704741393502,0.9584300518035888,0.9834710743801652,0.7783200740814209,5827,0.7718222141265869,0.0,0.8014695644378662,0.028664147217654,0.0138952732086181,7.1747235346287255,0.001993179321289,0.06852227184631808,1.8814151287078855,0.7024793388429752,0.0012569427490234,0,0,3329,['three_order'],['intersecting']
figure_category_based_markersize160_fisheries_clusteredByHarvestRule_umap.png,fisheries_clusteredByHarvestRule_umap,121,11,160,0.1934583976132556,1.025451421737671,0.1899991103807843,0.3488249778747558,0.2339476222552171,1.8558917045593264,0.1706883446906182,0.9961812496185304,0.1789195559673282,1.0004370212554932,0.181123325105331,0.9833614826202391,0.1779619978809765,0.9912452697753906,0.2032500721147443,1.911242246627808,0.1674177705267586,0.9972357749938964,0.1758506044611802,1.0063972473144531,0.1702669585416346,1.016005277633667,0.1673592032006899,1.0122075080871582,0.1796740543725099,1.8974242210388184,0.1642701754597104,1.008504867553711,0.1728851590882276,0.9938638210296632,0.9586776859504132,0.8463609218597412,9878,0.1267690658569336,0.0,0.8143150806427002,0.028664147217654,0.0132746696472167,7.1747235346287255,0.0017573833465576,0.07890990363282048,2.086531639099121,0.7024793388429752,0.0011875629425048,0,0,6076,['three_order'],['intersecting']
figure_ascending_markersize10_fisheries_clusteredByHarvestRule_umap.png,fisheries_clusteredByHarvestRule_umap,121,11,10,0.8527004220094566,1.0154926776885986,0.8534642347566204,0.3189802169799804,0.9271044739757708,1.879055738449097,0.7939041692988007,1.0010089874267578,0.8164617935615631,1.0095703601837158,0.830557959788517,1.0069947242736816,0.8238867037259084,1.0098867416381836,0.8231764218089173,1.848115921020508,0.7896566101877499,1.0148184299468994,0.8125081444068017,0.9856867790222168,0.8095363585634053,1.031362533569336,0.7962905746532177,1.0398952960968018,0.7402002596228889,1.902220726013184,0.7854542599204806,0.3119874000549316,0.8085926011696648,1.016566514968872,1.0,0.8540890216827393,49,0.860466480255127,0.0,0.1178779602050781,0.028664147217654,0.0135040283203125,7.1747235346287255,0.0019545555114746,0.02403637178644604,1.5474824905395508,0.7024793388429752,0.0011947154998779,0,0,0,['three_order'],['intersecting']
figure_ascending_markersize60_fisheries_clusteredByHarvestRule_umap.png,fisheries_clusteredByHarvestRule_umap,121,11,60,0.4300122667083407,1.046888828277588,0.3872515128574633,1.0809593200683594,0.3209455212090966,1.209089994430542,0.3946287961011938,1.0567219257354736,0.3749751119679599,1.0719101428985596,0.3982937401353152,1.1329073905944824,0.3541505016927888,1.0979948043823242,0.2592712135661469,2.007608652114868,0.3875929080385046,1.0951056480407717,0.3689981906032169,0.3506395816802978,0.3709330122735841,1.3071510791778564,0.3262626241600438,1.1007533073425293,0.2174794103644851,2.026198625564575,0.3808035127484317,1.0853309631347656,0.3632088182518657,1.115875244140625,0.9834710743801652,0.1291844844818115,2006,0.8838455677032471,0.0,0.8941390514373779,0.028664147217654,0.014249563217163,7.1747235346287255,0.0019445419311523,0.053178904349079965,0.9652884006500244,0.7024793388429752,0.0012223720550537,0,0,0,['three_order'],['intersecting']
figure_ascending_markersize110_fisheries_clusteredByHarvestRule_umap.png,fisheries_clusteredByHarvestRule_umap,121,11,110,0.2912749100672184,1.352825403213501,0.245613176074371,1.102888107299805,0.1613648794795599,1.9961326122283936,0.2740835316613328,1.1168804168701172,0.2498250285105028,0.3500456809997558,0.2732521005511469,1.1044576168060305,0.2277179786619199,1.1110219955444336,0.1396227388659109,2.2013251781463623,0.2697250240409741,1.1463193893432615,0.2463396451402116,1.1185622215270996,0.2573296729149662,0.3511254787445068,0.2122533536536218,1.139113187789917,0.1230439249037812,2.03933334350586,0.2655029655626062,1.1658363342285156,0.2429501748999631,1.1240475177764893,0.9834710743801652,1.003897190093994,5827,0.1272966861724853,0.0,0.9422125816345216,0.028664147217654,0.01302170753479,7.1747235346287255,0.0019404888153076,0.06852227184631808,1.095233678817749,0.7024793388429752,0.0012650489807128,0,0,0,['three_order'],['intersecting']
figure_ascending_markersize160_fisheries_clusteredByHarvestRule_umap.png,fisheries_clusteredByHarvestRule_umap,121,11,160,0.2379316402003071,0.3652102947235107,0.1915135949624427,1.2676231861114502,0.1020591186584529,1.2847554683685305,0.2279815041734323,1.2220466136932373,0.2015271601004862,1.1654953956604004,0.2233006002741653,1.178520917892456,0.1785318040034442,1.1949989795684814,0.0906858750461515,1.243286371231079,0.2238242594725705,1.2123446464538574,0.1984188190709437,1.189244031906128,0.2103647223506844,1.1543283462524414,0.1671982350397173,1.272427320480347,0.0815932975096568,1.2802329063415527,0.2198159143723739,1.166023015975952,0.1954049072475087,1.205110788345337,0.9586776859504132,1.0065319538116455,9878,0.1294841766357422,0.0,0.957690954208374,0.028664147217654,0.0133659839630126,7.1747235346287255,0.0019135475158691,0.0789099036328205,2.1155967712402344,0.7024793388429752,0.0012791156768798,1,0,0,['three_order'],['intersecting']
figure_descending_markersize10_fisheries_clusteredByHarvestRule_umap.png,fisheries_clusteredByHarvestRule_umap,121,11,10,0.7955237492053538,0.3385481834411621,0.851851065763297,1.1802105903625488,1.2506871443666767,2.094224691390991,0.7218188513049035,0.3395082950592041,0.7661518796974406,1.2156422138214111,0.7704350690699784,1.1364669799804688,0.8222077340595376,1.2551968097686768,1.1089415635232724,1.2563145160675049,0.7178837344572435,1.2124459743499756,0.7624398312275025,1.1747395992279053,0.7468804672605696,0.3370599746704101,0.7945581237385211,1.1554558277130127,0.9960545541926898,2.0714027881622314,0.7139912908715549,1.1953766345977783,0.7587635794830349,0.332000732421875,1.0,1.0186073780059814,49,1.1175470352172852,0.0,0.1296784877777099,0.028664147217654,0.0131452083587646,7.1747235346287255,0.0018956661224365,0.024036371786446048,1.8217756748199463,0.7024793388429752,0.0012407302856445,0,0,33,['three_order'],['intersecting']
figure_descending_markersize60_fisheries_clusteredByHarvestRule_umap.png,fisheries_clusteredByHarvestRule_umap,121,11,60,0.3364360427289231,0.3651819229125976,0.3840330351171888,1.2555558681488037,0.9851967890324004,2.222036600112915,0.2817944682890708,0.346656322479248,0.3130173392133405,1.245945692062378,0.3072216554964526,1.260829210281372,0.3517270820312885,1.2959227561950684,0.7163159731485251,1.2575006484985352,0.2771425017162958,1.2843894958496094,0.3082638070412699,1.2662479877471924,0.2826755544271295,0.3441493511199951,0.3244347098703579,1.2463557720184326,0.5627340715694077,2.1794261932373047,0.2726416335016071,0.3451962471008301,0.3036524909761214,1.2549545764923096,0.9834710743801652,1.0714986324310305,2006,0.1261167526245117,0.0,1.0403597354888916,0.028664147217654,0.0131821632385253,7.1747235346287255,0.0019464492797851,0.05317890434907996,1.8891422748565676,0.7024793388429752,0.0012578964233398,0,0,1717,['three_order'],['intersecting']
figure_descending_markersize110_fisheries_clusteredByHarvestRule_umap.png,fisheries_clusteredByHarvestRule_umap,121,11,110,0.2045891813983377,0.3524606227874756,0.242520998223446,1.291182041168213,0.6067073529564149,2.2132391929626465,0.1746604846337172,0.3597941398620605,0.1987493660983873,1.2801637649536133,0.1894029384928502,1.2966959476470947,0.225934078284822,1.3058347702026367,0.475066193894787,1.2536823749542236,0.1718748447597412,1.2614641189575195,0.1958383150348315,1.2927517890930176,0.1763154013395196,0.3507804870605469,0.2114707979092176,1.297151803970337,0.3903659969317385,2.242378234863281,0.169176665680178,0.3564553260803222,0.1930113084100837,1.2471301555633545,0.9834710743801652,0.1281592845916748,5827,1.0811433792114258,0.0,1.0934507846832275,0.028664147217654,0.0138838291168212,7.1747235346287255,0.00187349319458,0.06852227184631808,1.033761978149414,0.7024793388429752,0.0013215541839599,0,0,6003,['three_order'],['intersecting']
figure_descending_markersize160_fisheries_clusteredByHarvestRule_umap.png,fisheries_clusteredByHarvestRule_umap,121,11,160,0.1555245588050716,1.3098835945129397,0.1886255133987239,1.2878756523132324,0.4479922633380854,1.2621946334838867,0.1353031798062461,1.3225595951080322,0.155346509951041,1.3607699871063232,0.1443891934705494,0.3633589744567871,0.1765556637805307,1.283325433731079,0.3650966897839951,2.204166889190674,0.1329245519755572,0.359727144241333,0.1527862082499848,1.3081426620483398,0.134741844667577,1.314957618713379,0.1659375793413204,0.3600685596466064,0.3080886037078185,2.2489731311798096,0.1306281117694241,0.3615429401397705,0.1503089320337965,1.3142640590667725,0.9586776859504132,1.122394323348999,9878,0.1296327114105224,0.0,1.0981409549713137,0.028664147217654,0.0144145488739013,7.1747235346287255,0.0019221305847167,0.0789099036328205,2.2211015224456787,0.7024793388429752,0.0012590885162353,0,0,11545,['three_order'],['intersecting']
figure_category_based_markersize10_ms_interleaved_120_240_3d_25_centeredClusters_tsne.png,ms_interleaved_120_240_3d_25_centeredClusters_tsne,496,3,10,1.0,0.3288068771362304,1.0,1.294189691543579,1.0,0.5984048843383789,1.0,1.3260984420776367,1.0,1.3360490798950195,1.0,0.3264613151550293,1.0,1.3146419525146484,1.0,0.5983076095581055,1.0,1.3077409267425537,1.0,1.3292601108551023,1.0,0.3347623348236084,1.0,1.3029050827026367,1.0,1.5975172519683838,1.0,0.3254749774932861,1.0,1.3325426578521729,1.0,0.1264138221740722,0,1.147071361541748,0.0,1.160104751586914,0.0302165018149801,0.0505149364471435,12.103689339800074,0.0053856372833251,0.001302719582251505,14.557234525680542,0.0766129032258064,0.0020761489868164,0,0,0,['cluster'],['intersecting']
figure_category_based_markersize60_ms_interleaved_120_240_3d_25_centeredClusters_tsne.png,ms_interleaved_120_240_3d_25_centeredClusters_tsne,496,3,60,0.954589893200726,0.6848413944244385,0.9667077878423668,0.6091694831848145,0.9947432952454774,0.9317643642425536,0.9549279746624252,0.6733653545379639,0.9628485054913032,0.5737643241882324,0.8474346432117501,0.5767099857330322,0.8569807785917832,0.6247491836547852,0.8624584850634218,0.8954575061798096,0.8453792313379056,0.5728294849395752,0.8512630350251345,0.7002818584442139,0.7619084021687523,0.5919771194458008,0.7696239427908016,0.5969710350036621,0.7612275073823119,0.8641855716705322,0.7583785192877132,0.7059540748596191,0.7628550096096218,0.657813549041748,1.0,0.4415287971496582,1477,0.3714962005615234,0.0,0.3548378944396972,0.0302165018149801,0.0497164726257324,12.103689339800074,0.00510835647583,-,15.0,0.0766129032258064,0.0023810863494873,0,0,87,['cluster'],['intersecting']
figure_category_based_markersize110_ms_interleaved_120_240_3d_25_centeredClusters_tsne.png,ms_interleaved_120_240_3d_25_centeredClusters_tsne,496,3,110,0.8302183661436201,0.7635593414306641,0.867418841914521,0.6800734996795654,0.9670990293643296,0.983046293258667,0.8397319324471193,0.6109979152679443,0.8619681089201778,0.8201870918273926,0.5631715206973263,0.7383987903594971,0.5797417083079928,0.8122525215148926,0.5864264450244907,0.9819011688232422,0.5622902953855359,0.7265286445617676,0.5717290083439532,0.7340564727783203,0.4261096905591959,0.605649471282959,0.4353567944890663,0.8113143444061279,0.4207926921817807,0.9942545890808104,0.4226497378988315,0.7590854167938232,0.4277114116934153,0.7272894382476807,1.0,0.5190565586090088,11337,0.2792954444885254,0.0,0.4113261699676513,0.0302165018149801,0.0495045185089111,12.103689339800074,0.0051326751708984,-,15.0,0.0766129032258064,0.0021016597747802,0,0,541,['cluster'],['intersecting']
figure_category_based_markersize160_ms_interleaved_120_240_3d_25_centeredClusters_tsne.png,ms_interleaved_120_240_3d_25_centeredClusters_tsne,496,3,160,0.7260297709212096,0.8075909614562988,0.773703941257825,0.8067221641540527,0.9157819644669258,1.0675625801086426,0.7406558001087438,0.8173367977142334,0.7690834471867918,0.6819159984588623,0.4119397288022394,0.7886066436767578,0.4249148987332645,0.8475642204284668,0.4236527694496482,1.1301438808441162,0.4119495078154903,0.8564243316650391,0.4188779343676355,0.8614785671234131,0.2875442840199884,0.86025071144104,0.2928823044766883,0.8698649406433105,0.2755667947120915,1.1281754970550537,0.2853222444328067,0.8803174495697021,0.2878185144542398,0.8658461570739746,0.997983870967742,0.629375696182251,27895,0.4961779117584228,0.0,0.2975332736968994,0.0302165018149801,0.0502376556396484,12.103689339800074,0.0052380561828613,-,15.0,0.0766129032258064,0.0022528171539306,0,0,1258,['cluster'],['intersecting']
figure_ascending_markersize10_ms_interleaved_120_240_3d_25_centeredClusters_tsne.png,ms_interleaved_120_240_3d_25_centeredClusters_tsne,496,3,10,1.0,0.656874418258667,1.0,0.8103389739990234,1.0,0.9016475677490234,1.0,0.6573607921600342,1.0,0.7857344150543213,1.0,0.8020691871643066,1.0,0.6474957466125488,1.0,0.9282824993133544,1.0,0.8297510147094727,1.0,0.8499782085418701,1.0,0.8597595691680908,1.0,0.6897666454315186,1.0,0.9442899227142334,1.0,0.8662405014038086,1.0,0.8720200061798096,1.0,0.3225066661834717,0,0.540520191192627,0.0,0.3298275470733642,0.0302165018149801,0.0493772029876709,12.103689339800075,0.0052130222320556,0.001302719582251505,11.55116319656372,0.0766129032258064,0.0018355846405029,0,0,0,['cluster'],['intersecting']
figure_ascending_markersize60_ms_interleaved_120_240_3d_25_centeredClusters_tsne.png,ms_interleaved_120_240_3d_25_centeredClusters_tsne,496,3,60,0.9615636142977682,0.7271833419799805,0.9692396328939414,0.910886526107788,0.979823622228949,1.2116460800170898,0.961551992371284,0.7515099048614502,0.966779634574586,0.7907383441925049,0.8552955546899424,0.7674052715301514,0.8596205279324461,0.7691009044647217,0.8448781028270974,1.035468578338623,0.8527635139682403,0.7611651420593262,0.8553155928347709,0.7525761127471924,0.770178582409408,0.9737699031829834,0.7722774592135555,0.7717893123626709,0.7426035509405391,1.0555782318115234,0.7660893690065691,0.776177167892456,0.766896866126977,0.7884774208068848,1.0,0.4450712203979492,1477,0.6030948162078857,0.0,0.3379976749420166,0.0302165018149801,0.0511128902435302,12.103689339800075,0.0052149295806884,0.011811004914082554,13.383688688278198,0.0766129032258064,0.0020091533660888,0,0,0,['cluster'],['intersecting']
figure_ascending_markersize110_ms_interleaved_120_240_3d_25_centeredClusters_tsne.png,ms_interleaved_120_240_3d_25_centeredClusters_tsne,496,3,110,0.8510520803813408,1.032480001449585,0.8779520682807009,0.8326911926269531,0.9188691507476652,1.1031975746154783,0.8602887290919672,0.8431451320648193,0.8732810674419293,0.8323113918304443,0.5792320032316511,0.8186452388763428,0.586261271625872,0.8453168869018555,0.5536018257933462,1.1324641704559326,0.5773480680849563,0.853630781173706,0.5793374410587393,0.8404033184051514,0.4390140035689024,0.8281903266906738,0.4400567997353409,1.07033371925354,0.3961320694056419,1.1362123489379885,0.4344587709501656,0.8654186725616455,0.4334421826519745,0.6319611072540283,1.0,0.7524380683898926,11337,0.4042501449584961,0.0,0.646733283996582,0.0302165018149801,0.0499646663665771,12.103689339800075,0.0050909519195556,0.019848579871687953,14.832798719406128,0.0766129032258064,0.0018596649169921,0,0,0,['cluster'],['intersecting']
figure_ascending_markersize160_ms_interleaved_120_240_3d_25_centeredClusters_tsne.png,ms_interleaved_120_240_3d_25_centeredClusters_tsne,496,3,160,0.7593764883401717,0.6630082130432129,0.7925306562826315,0.9015257358551024,0.8350177591298475,1.3995940685272217,0.7726380083116708,0.6810455322265625,0.7866957328838182,1.1848292350769043,0.430808623301144,0.6820619106292725,0.4331183005854877,1.2002506256103516,0.388361622406858,0.9856843948364258,0.429441468456212,1.1898841857910156,0.4274948196655849,0.6818008422851562,0.3007009857562622,0.9479544162750244,0.297983083747434,0.9495861530303956,0.2530197835217866,1.234999179840088,0.2973584223749448,1.2215371131896973,0.293489252809029,0.6908063888549805,0.997983870967742,0.8640010356903076,27895,0.4519581794738769,0.0,0.4204423427581787,0.0302165018149801,0.0502967834472656,12.103689339800075,0.005162239074707,-,15.0,0.0766129032258064,0.0018713474273681,0,0,0,['cluster'],['intersecting']
figure_descending_markersize10_ms_interleaved_120_240_3d_25_centeredClusters_tsne.png,ms_interleaved_120_240_3d_25_centeredClusters_tsne,496,3,10,1.0,0.8602604866027832,1.0,0.6074810028076172,1.0,1.1116676330566406,1.0,0.8803143501281738,1.0,0.871185302734375,1.0,0.8896539211273193,1.0,0.930022954940796,1.0,0.8697757720947266,1.0,0.9000482559204102,1.0,0.9044256210327148,1.0,0.6166441440582275,1.0,0.8977923393249512,1.0,1.158275842666626,1.0,0.9001588821411133,1.0,0.8986587524414062,1.0,0.4345071315765381,0,0.7789909839630127,0.0,0.451195478439331,0.0302165018149801,0.0490438938140869,12.103689339800075,0.00516939163208,0.001302719582251505,11.492975950241089,0.0766129032258064,0.0019304752349853,0,0,0,['cluster'],['intersecting']
figure_descending_markersize60_ms_interleaved_120_240_3d_25_centeredClusters_tsne.png,ms_interleaved_120_240_3d_25_centeredClusters_tsne,496,3,60,0.9457393698557248,0.6835012435913086,0.9582687618796406,0.9631247520446776,1.010478973922592,1.2398838996887207,0.9442375560857617,0.6689338684082031,0.955846199906906,0.9740862846374512,0.8379122021941656,0.984994888305664,0.8496561520452318,0.6525280475616455,0.8795111131663129,1.2435834407806396,0.8347870341209604,0.9896130561828612,0.8447562241428346,0.9900367259979248,0.7521561570899205,0.9980664253234864,0.7631579015534923,0.6779890060424805,0.778597355728655,1.235401630401611,0.7480745823837939,0.6716816425323486,0.7567997459518514,0.974766969680786,1.0,0.5467503070831299,1477,0.8386735916137695,0.0,0.4697234630584717,0.0302165018149801,0.0501501560211181,12.103689339800075,0.0051069259643554,0.011811004914082554,13.535302639007568,0.0766129032258064,0.0019407272338867,0,0,145,['cluster'],['intersecting']
figure_descending_markersize110_ms_interleaved_120_240_3d_25_centeredClusters_tsne.png,ms_interleaved_120_240_3d_25_centeredClusters_tsne,496,3,110,0.8026886074577081,0.722614049911499,0.8405491054987506,1.0462851524353027,1.0363820633355154,1.3216614723205566,0.8038979424556385,0.7263579368591309,0.838392619870541,1.0586411952972412,0.5434408414536331,0.7151331901550293,0.5654197772760707,1.054370641708374,0.6263806183213225,1.3381907939910889,0.5396919996364942,0.733344554901123,0.5581794046121471,1.073798894882202,0.4107720416808597,0.7364828586578369,0.4259857264027457,0.7265009880065918,0.4488226213184071,1.3531663417816162,0.4061939049645288,1.0807044506072998,0.4183542394418271,0.7485837936401367,1.0,0.6233177185058594,11337,0.9078118801116944,0.0,0.4945690631866455,0.0302165018149801,0.050051212310791,12.103689339800075,0.005223274230957,0.019848579871687953,14.81513214111328,0.0766129032258064,0.0020732879638671,0,0,1117,['cluster'],['intersecting']
figure_descending_markersize160_ms_interleaved_120_240_3d_25_centeredClusters_tsne.png,ms_interleaved_120_240_3d_25_centeredClusters_tsne,496,3,160,0.6737978106392959,1.1500372886657717,0.7306364386774862,1.1441445350646973,1.0749376511041442,1.0648481845855713,0.6811248472006219,0.795452356338501,0.7301941999851561,1.1466052532196045,0.3848189482445187,0.8076434135437012,0.4078073305003044,1.1702897548675537,0.4753593037968673,1.0727341175079346,0.3838378373581246,1.140547752380371,0.4022143673078726,0.7793118953704834,0.2693149637730201,1.144873857498169,0.2828368678149343,0.8155350685119629,0.3051518253266339,1.426192045211792,0.2672100572354809,0.7855942249298096,0.2775484836080797,1.181598663330078,0.997983870967742,0.6675722599029541,27895,0.5522487163543701,0.0,0.5207312107086182,0.0302165018149801,0.0501844882965087,12.103689339800075,0.005195140838623,-,15.0,0.0766129032258064,0.0019218921661376,0,0,2869,['cluster'],['intersecting']
figure_category_based_markersize10_abalone_pca.png,abalone_pca,4154,28,10,0.222667900606478,0.623161792755127,0.2072933425744377,1.2920889854431152,0.1767916114742592,3.2264204025268555,0.2392970055950565,0.9137897491455078,0.2280169858627525,1.2720832824707031,0.2061428550819961,0.9256057739257812,0.1884923149391787,1.3633177280426023,0.1566731194509216,3.3053925037384038,0.2225383098091117,0.947967529296875,0.2100349509565755,1.3326020240783691,0.1919011304831801,0.9484930038452148,0.1728181112032827,0.9311761856079102,0.1406656782482741,3.726226568222046,0.2079733076838142,0.9629302024841307,0.1946818174042043,1.3627636432647705,0.5729417428984112,0.8433678150177002,15207,0.6712732315063477,0.0142031776600866,0.1895453929901123,0.0308341086346507,0.8780572414398193,2.301231534764068,0.0374176502227783,-,15.0,0.8391911410688493,0.052175760269165,335,0,12141,['three_order'],['intersecting']
figure_category_based_markersize60_abalone_pca.png,abalone_pca,4154,28,60,0.1656859975523662,0.7654361724853516,0.1559411397568511,1.6310665607452393,0.1164520685178172,3.6498231887817374,0.1776718662054286,1.2673757076263428,0.1677556447709437,1.2179670333862305,0.1482535544525789,1.248004913330078,0.1367236280410044,1.80112624168396,0.0973322416628509,3.665102958679199,0.1595251783534031,1.348944902420044,0.1489992479494976,1.2051544189453125,0.1341401661825002,1.6850154399871826,0.1217230105915139,1.2154338359832764,0.0836053877092234,3.691912889480591,0.1447418314430292,1.2484216690063477,0.1340152876819602,1.2371268272399902,0.1620125180548868,0.8650374412536621,47047,0.8158705234527588,0.0142031776600866,0.7010421752929688,0.0308341086346507,0.8602278232574463,2.301231534764068,0.0370452404022216,-,15.0,0.8391911410688493,0.0531749725341796,1928,0,128364,['three_order'],['intersecting']
figure_category_based_markersize110_abalone_pca.png,abalone_pca,4154,28,110,0.1600794087419732,1.5434455871582031,0.1534619144495725,1.5252008438110352,0.1067606863617472,4.40978479385376,0.1689674835292994,1.5575182437896729,0.1607732211957345,1.5227117538452148,0.1421999018766928,1.5288798809051514,0.1337526655454718,1.5531537532806396,0.0874280844353996,3.917547702789306,0.1508481693737001,2.073644161224365,0.1421320876752571,1.5793440341949463,0.1279130980199043,1.6496388912200928,0.1185297812859292,1.6172881126403809,0.0740236251138966,3.9882075786590576,0.1362385581958825,1.6439111232757568,0.1273645779735386,1.050987958908081,0.1061627347135291,0.9887814521789552,61570,0.929574489593506,0.0142031776600866,0.7801320552825928,0.0308341086346507,0.8775594234466553,2.301231534764068,0.0381455421447753,-,15.0,0.8391911410688493,0.0521116256713867,2493,0,275897,['three_order'],['intersecting']
figure_category_based_markersize160_abalone_pca.png,abalone_pca,4154,28,160,0.1564149541763055,2.425826072692871,0.1515382848368052,1.9107897281646729,0.100289169019881,3.7089524269104,0.1627936303427105,2.5251920223236084,0.1556812520094554,1.9383962154388428,0.1387645915265433,1.914644718170166,0.1320389279134878,1.919935703277588,0.0813474932393207,3.653228998184204,0.1452526016400496,2.4653358459472656,0.1376419352209034,1.8999457359313965,0.1246937507177639,1.3175060749053955,0.1169856673758582,2.468317985534668,0.068424177589926,3.7202441692352295,0.1311239806195986,1.9255475997924805,0.1233490596563169,1.9285807609558103,0.0835339431872893,0.4829862117767334,71678,1.1267337799072266,0.0142031776600866,0.8529484272003174,0.0308341086346507,0.8700718879699707,2.301231534764068,0.037708044052124,-,15.0,0.8391911410688493,0.0529665946960449,2724,0,427005,['three_order'],['intersecting']
figure_ascending_markersize10_abalone_pca.png,abalone_pca,4154,28,10,0.309638486035669,1.1313025951385498,0.220211411837328,1.1179509162902832,0.1371667641843892,3.5234181880950928,0.3195781388456065,0.533400297164917,0.2583998115830956,1.1102769374847412,0.2790940137461783,1.7501471042633057,0.2015647933790458,0.4910471439361572,0.1261884123803811,4.127878904342651,0.2886783684846611,0.5279779434204102,0.2361662508443428,1.111894607543945,0.2540346180286406,1.1373109817504885,0.1858294974289384,1.7764933109283447,0.1168371706910533,2.8947670459747314,0.2632271344410016,1.146618366241455,0.2174556583045193,1.1261088848114014,0.5729417428984112,1.0477700233459473,15207,0.8803579807281494,0.0142031776600866,0.8848085403442383,0.0308341086346507,0.8580033779144287,2.301231534764068,0.0369970798492431,-,15.0,0.8391911410688493,0.0525002479553222,308,0,0,['three_order'],['intersecting']
figure_ascending_markersize60_abalone_pca.png,abalone_pca,4154,28,60,0.2396071140313279,1.4041593074798584,0.1753910051661319,2.0639195442199707,0.0607758832210915,3.158669948577881,0.2362378748660993,1.4498159885406494,0.1932580034307316,1.3830125331878662,0.202599426559596,1.46282696723938,0.1540107690196127,1.403841495513916,0.0548381648278077,3.794965267181397,0.1998172020037467,1.438141107559204,0.1681147031011073,1.398127794265747,0.1754940937309522,1.4467289447784424,0.137276684359781,1.438201904296875,0.0499573973070545,3.843315124511719,0.1731263940056866,0.7833268642425537,0.1487606131890113,1.416266679763794,0.1620125180548868,1.0834474563598633,47047,1.0366473197937012,0.0142031776600866,0.9431018829345704,0.0308341086346507,0.8701047897338867,2.301231534764068,0.037064790725708,-,15.0,0.8391911410688493,0.053401231765747,1997,0,0,['three_order'],['intersecting']
figure_ascending_markersize110_abalone_pca.png,abalone_pca,4154,28,110,0.2278896575948762,1.0854945182800293,0.1769572854233055,1.940875768661499,0.0379123599033235,4.396473169326782,0.2199631894243595,1.127963304519653,0.1862928673408429,1.7730295658111572,0.1889185913543142,1.8900489807128904,0.1538079831028751,1.873135328292847,0.0341079881876066,4.408389329910278,0.1826438836130115,1.882434368133545,0.1589241452865428,1.0538864135742188,0.1613298220819833,1.828359842300415,0.1360147283165588,2.052119493484497,0.0309974984511182,4.450007677078247,0.1561510476317564,1.8883283138275144,0.1385669497214496,1.800553321838379,0.1061627347135291,0.3995449542999267,61570,1.1958541870117188,0.0142031776600866,1.0088632106781006,0.0308341086346507,0.9124822616577148,2.301231534764068,0.0373868942260742,-,15.0,0.8391911410688493,0.0547614097595214,2510,0,0,['three_order'],['intersecting']
figure_ascending_markersize160_abalone_pca.png,abalone_pca,4154,28,160,0.2206591466878165,2.154050588607788,0.1776569158953839,2.1204304695129395,0.0225913139353318,4.668190717697144,0.2095985410405338,2.2161498069763184,0.1809248385828631,2.070995330810547,0.1807458755435622,1.3717539310455322,0.153118182727392,2.1280014514923096,0.0203378458047228,4.569525241851807,0.1729671869129374,2.21168065071106,0.1530507426469743,1.3280963897705078,0.1530600629053946,2.2625229358673096,0.1345355562143054,2.188572883605957,0.0184931652096383,4.70994758605957,0.147235046337817,2.1484897136688232,0.1326188803224181,1.2865900993347168,0.0835339431872893,1.3614890575408936,71678,1.3129205703735352,0.0142031776600866,0.2116096019744873,0.0308341086346507,0.7105481624603271,2.301231534764068,0.0394885540008544,-,15.0,0.8391911410688493,0.0555236339569091,2677,0,0,['three_order'],['intersecting']
figure_descending_markersize10_abalone_pca.png,abalone_pca,4154,28,10,0.1813473652513297,1.385322093963623,0.1964965138390825,1.3607876300811768,0.2011627727288211,3.852519989013672,0.1842833272612035,1.3869593143463137,0.1956048870847236,0.528414249420166,0.1679994198217324,1.3794143199920654,0.1747752405422461,1.3596539497375488,0.1705376986086062,2.9527292251586914,0.1731043419660237,1.4144465923309326,0.1794875509186805,1.347381353378296,0.1564816946123188,1.4126405715942385,0.1573782134017683,1.3948302268981934,0.1480053280327609,3.0216963291168213,0.163204065702733,1.4295384883880615,0.1658240764314038,1.3923273086547852,0.5729417428984112,0.4156155586242676,15207,1.1680617332458496,0.0142031776600866,1.1415503025054932,0.0308341086346507,0.7144694328308105,2.301231534764068,0.0392618179321289,-,15.0,0.8391911410688493,0.0546438694000244,366,0,27302,['three_order'],['intersecting']
figure_descending_markersize60_abalone_pca.png,abalone_pca,4154,28,60,0.1352724424164404,0.7853353023529053,0.1433519395644881,1.652825117111206,0.1420283940108546,4.121793985366821,0.1467727647262668,1.6688098907470703,0.149107341361026,0.7665255069732666,0.1193603394474529,1.653575420379639,0.1185785993662781,1.6289689540863037,0.1065422372886254,4.144977569580078,0.130973941580225,0.7925112247467041,0.127455434283668,1.625157594680786,0.1067977193273921,1.6735026836395264,0.1011059861669156,0.7829427719116211,0.0852438450478394,4.175966024398804,0.1182458002927605,1.6686487197875977,0.1112943581202895,1.647209405899048,0.1620125180548868,0.3639013767242431,47047,1.2038328647613523,0.0142031776600866,0.1994426250457763,0.0308341086346507,0.7102296352386475,2.301231534764068,0.0387072563171386,-,15.0,0.8391911410688493,0.0547831058502197,1764,0,280354,['three_order'],['intersecting']
figure_descending_markersize110_abalone_pca.png,abalone_pca,4154,28,110,0.1302756728892724,0.9963576793670654,0.13899022158877,2.003314733505249,0.1388716215193187,4.486626625061035,0.1418923439131476,1.034919023513794,0.1439550357222484,1.9303712844848635,0.1132266235720305,1.9773166179656985,0.1135288986188997,1.9818294048309328,0.0988849120805557,3.5001230239868164,0.1242179404828358,2.023160934448242,0.1209753573019054,2.006225824356079,0.1001235526115584,1.0208194255828855,0.095951709168307,2.0156848430633545,0.076777570331017,3.49957275390625,0.1104589460185916,2.023319959640503,0.1043222913302038,1.973691463470459,0.1061627347135291,0.4184484481811523,61570,1.3681905269622805,0.0142031776600866,1.229321002960205,0.0308341086346507,0.7110300064086914,2.301231534764068,0.0382184982299804,-,15.0,0.8391911410688493,0.0547523498535156,2062,0,589944,['three_order'],['intersecting']
figure_descending_markersize160_abalone_pca.png,abalone_pca,4154,28,160,0.1261586295847041,2.182483673095703,0.1357774670663449,2.2809674739837646,0.1386966745898072,3.7728991508483887,0.1371629134663684,2.3022000789642334,0.139486515663438,2.1745190620422363,0.1088765524934286,1.2904763221740725,0.1106369090722431,2.21319842338562,0.0954667046371414,4.663340330123901,0.1188667634929816,1.339538812637329,0.1164367533432237,2.233910322189331,0.0957588468070362,2.250673055648804,0.0933518744853919,1.2628753185272217,0.072781612064123,4.667292833328247,0.1048772019737188,2.2738358974456787,0.0999245043659946,1.2752571105957031,0.0835339431872893,1.4921624660491943,71678,0.4216458797454834,0.0142031776600866,1.245598077774048,0.0308341086346507,0.7028176784515381,2.301231534764068,0.0382566452026367,-,15.0,0.8391911410688493,0.0546009540557861,2193,0,896087,['three_order'],['intersecting']
figure_category_based_markersize10_ms_interleaved_40_80_3d_0_pca.png,ms_interleaved_40_80_3d_0_pca,185,3,10,0.9653394175868736,1.2873225212097168,0.9737408445367016,1.3087856769561768,0.9848387103607564,0.5767254829406738,0.97066986752664,1.3096082210540771,0.9732333585510844,1.328904151916504,0.949523939979926,0.323467493057251,0.9360238579494372,1.3299891948699951,0.9116712277308318,0.5801248550415039,0.957423525583978,1.2935335636138916,0.9450428463134064,0.313542366027832,0.9342183295369936,1.2816026210784912,0.9011197836427433,1.321977615356445,0.8486236868363474,0.5685007572174072,0.9445338513599152,1.302490234375,0.9184394841395606,1.3108623027801514,1.0,0.1070837974548339,34,1.137138843536377,0.0,0.1111087799072265,0.0304854283121105,0.0206656455993652,18.46267943943013,0.0026094913482666,0.01198423475872855,3.187600612640381,0.054054054054054,0.000953197479248,0,0,0,['cluster'],['touching']
figure_category_based_markersize60_ms_interleaved_40_80_3d_0_pca.png,ms_interleaved_40_80_3d_0_pca,185,3,60,0.9048322720775702,0.3287169933319092,0.9220119309201664,1.335235595703125,0.960419128435174,0.5783510208129883,0.9110933037432308,1.3470652103424072,0.9197210709359148,1.3462412357330322,0.819914454127848,0.3266265392303467,0.7944326755831549,1.3519937992095947,0.7509579898417729,0.5863628387451172,0.8196770153080011,1.3667654991149902,0.8037817991351127,0.3219306468963623,0.7495680636081409,1.3429274559020996,0.6978682889025547,1.3422558307647705,0.6165027639342608,0.5969398021697998,0.7449327624452444,1.3766045570373535,0.7138006801977843,0.3227207660675049,1.0,1.1514432430267334,795,0.1159305572509765,0.0,1.1485121250152588,0.0304854283121105,0.0210120677947998,18.46267943943013,0.0024516582489013,0.019719024491171088,3.525709867477417,0.054054054054054,0.00093674659729,0,0,31,['cluster'],['touching']
figure_category_based_markersize110_ms_interleaved_40_80_3d_0_pca.png,ms_interleaved_40_80_3d_0_pca,185,3,110,0.8472389577185886,0.3259103298187256,0.8751536429977576,1.3746724128723145,0.94928623971023,0.5894813537597656,0.8527739441321702,1.3556127548217771,0.8685320930264718,0.3319122791290283,0.6967781905252467,1.385758876800537,0.6802105859762062,0.3348000049591064,0.6499881763868149,1.6365127563476562,0.6934853023387708,1.3701765537261963,0.685019026788294,0.3316202163696289,0.5916986976755635,1.3643200397491455,0.5562943725664959,0.3303625583648681,0.4941795522490436,1.6749413013458252,0.5843375742738984,0.3317394256591797,0.5655280135647934,1.3698158264160156,1.0,1.199979305267334,2721,0.1191506385803222,0.0,0.1134052276611328,0.0304854283121105,0.0211012363433837,18.46267943943013,0.0024294853210449,0.024279515969453106,3.678766250610352,0.054054054054054,0.0008745193481445,0,0,189,['cluster'],['touching']
figure_category_based_markersize160_ms_interleaved_40_80_3d_0_pca.png,ms_interleaved_40_80_3d_0_pca,185,3,160,0.8136117260480193,1.4029793739318848,0.8475278747234368,0.3403584957122803,0.9413919900610777,1.6741926670074463,0.8193183705778653,0.3464031219482422,0.8385960670179324,1.3747828006744385,0.6249526072541998,1.4039058685302734,0.6108342741059126,0.3467690944671631,0.582230042816007,1.6682896614074707,0.6199692671961945,0.3440382480621338,0.6145222879205279,1.3951117992401123,0.5073167319024728,0.3449182510375976,0.4774846153811957,1.420386791229248,0.4214409590848722,0.6037170886993408,0.4986437898455259,1.3936922550201416,0.4849445720407523,1.441237211227417,1.0,0.1463840007781982,5305,1.1956923007965088,0.0,0.1088881492614746,0.0304854283121105,0.020700454711914,18.46267943943013,0.0024418830871582,0.02750424201914066,4.096227169036865,0.054054054054054,0.0009322166442871,0,0,385,['cluster'],['touching']
figure_ascending_markersize10_ms_interleaved_40_80_3d_0_pca.png,ms_interleaved_40_80_3d_0_pca,185,3,10,0.9653437342943174,0.3080320358276367,0.9737411985620028,1.3827929496765137,0.984836954535169,0.5619990825653076,0.970671843357948,1.4143831729888916,0.9732337274155276,0.3070850372314453,0.949977298247533,1.3925116062164309,0.9360648753311216,0.3053278923034668,0.91130024777598,1.7327032089233398,0.9576724458739118,0.3042480945587158,0.9450948372342652,1.3521122932434082,0.9350924058084747,1.399554967880249,0.9011955142135356,0.3099370002746582,0.8479823275167754,1.66131854057312,0.9450166272766658,0.3067378997802734,0.9185373706444194,1.4151246547698977,1.0,0.1033680438995361,34,1.2446272373199463,0.0,0.1056461334228515,0.0304854283121105,0.0206129550933837,18.46267943943013,0.0024342536926269,0.01198423475872855,2.8999829292297363,0.054054054054054,0.0008552074432373,0,0,0,['cluster'],['touching']
figure_ascending_markersize60_ms_interleaved_40_80_3d_0_pca.png,ms_interleaved_40_80_3d_0_pca,185,3,60,0.9101211888222932,0.324181318283081,0.9233426431296442,1.438364028930664,0.9434519997014352,0.5638213157653809,0.9169021304218408,1.451441764831543,0.9238532928265228,0.3111116886138916,0.8262709609819238,1.4372639656066897,0.7957667340447673,0.3168098926544189,0.7380232745111015,1.680222511291504,0.8263981957518203,0.3105058670043945,0.8076876118937178,1.4429786205291748,0.7565677409750137,0.3166747093200683,0.6991648952996647,1.4484272003173828,0.6060590269101223,0.5703649520874023,0.7521557518045255,1.4404079914093018,0.717472352572558,1.4703054428100586,1.0,0.1257905960083007,795,1.257256031036377,0.0,0.1074223518371582,0.0304854283121105,0.0206778049468994,18.46267943943013,0.0024449825286865,0.019719024491171085,3.1468191146850586,0.054054054054054,0.0008912086486816,0,0,0,['cluster'],['touching']
figure_ascending_markersize110_ms_interleaved_40_80_3d_0_pca.png,ms_interleaved_40_80_3d_0_pca,185,3,110,0.8599305925404501,0.6342816352844238,0.8778950607373683,0.5726971626281738,0.9037681312338256,0.8588330745697021,0.8675392659467838,0.6436421871185303,0.8794023730079935,0.5441339015960693,0.7093484489117639,0.5301403999328613,0.6825908165556003,0.602236270904541,0.6230366978268893,0.8297405242919922,0.7073416785372462,0.5252161026000977,0.6934323854779587,0.5419304370880127,0.6036444768650981,0.6142172813415527,0.5583707551916476,0.5187280178070068,0.4753743512399456,0.8352513313293457,0.597085410110332,0.6420426368713379,0.5723877471365488,0.6032133102416992,1.0,0.3813436031341553,2721,0.2237429618835449,0.0,0.3304367065429687,0.0304854283121105,0.0200653076171875,18.46267943943013,0.0025594234466552,0.024279515969453106,2.494805097579956,0.054054054054054,0.0008528232574462,0,0,0,['cluster'],['touching']
figure_ascending_markersize160_ms_interleaved_40_80_3d_0_pca.png,ms_interleaved_40_80_3d_0_pca,185,3,160,0.8297015061649633,0.6258871555328369,0.8507880241658105,0.6266107559204102,0.8800602326134719,0.8876960277557373,0.8383115117531986,0.5550611019134521,0.8527336767884743,0.7187421321868896,0.6408837461568375,0.6479325294494629,0.6143476398231502,0.7700018882751465,0.5516011619879679,0.9038305282592772,0.6377055297384195,0.656036376953125,0.6253591432557037,0.6516342163085938,0.522073786056988,0.6237640380859375,0.4807449939181675,0.6244792938232422,0.4016834862529294,0.9041879177093506,0.5145701077277167,0.6920130252838135,0.4937142375606291,0.6926925182342529,1.0,0.3729195594787597,5305,0.4078679084777832,0.0,0.2515382766723633,0.0304854283121105,0.0199921131134033,18.46267943943013,0.0024733543395996,0.02750424201914066,2.924989700317383,0.054054054054054,0.0009260177612304,0,0,0,['cluster'],['touching']
figure_descending_markersize10_ms_interleaved_40_80_3d_0_pca.png,ms_interleaved_40_80_3d_0_pca,185,3,10,0.9591387718510288,0.4298107624053955,0.9708038728475832,0.6275722980499268,0.9862305372655874,0.938746213912964,0.9628568419448904,0.6760835647583008,0.9665472892415472,0.7024612426757812,0.9434740667846624,0.6856808662414551,0.9332497315312708,0.660581111907959,0.9132764642449352,0.924893856048584,0.9496782798235957,0.6899797916412354,0.9387133072509306,0.5920491218566895,0.9283128129074368,0.7311463356018066,0.8984928378397016,0.7557551860809326,0.8503721912659667,0.8428938388824463,0.9368555951609694,0.7517831325531006,0.9124375415619824,0.7436614036560059,1.0,0.4358277320861816,34,0.4268512725830078,0.0,0.4507067203521728,0.0304854283121105,0.0199389457702636,18.46267943943013,0.0024194717407226,0.01198423475872855,1.8682045936584477,0.054054054054054,0.0008831024169921,0,0,8,['cluster'],['touching']
figure_descending_markersize60_ms_interleaved_40_80_3d_0_pca.png,ms_interleaved_40_80_3d_0_pca,185,3,60,0.8855244817088642,0.6484951972961426,0.9151016976990596,0.7725763320922852,0.972125061505446,1.0451419353485107,0.8931013787232399,0.6348772048950195,0.9065274139649456,0.8046779632568359,0.802676232201209,0.6466042995452881,0.7889906736175738,0.6467173099517822,0.7616787406150469,1.0431907176971436,0.8036268918891438,0.6440465450286865,0.793139192319785,0.8523666858673096,0.7340039961751816,0.663585901260376,0.6934286239429397,0.6670098304748535,0.6261330213045363,1.0978450775146484,0.7304477041252807,0.6427090167999268,0.704962641834386,0.6461942195892334,1.0,0.5076570510864258,795,0.3167240619659424,0.0,0.4985003471374511,0.0304854283121105,0.0200147628784179,18.46267943943013,0.0025136470794677,0.019719024491171088,2.147424697875977,0.054054054054054,0.0008285045623779,0,0,147,['cluster'],['touching']
figure_descending_markersize110_ms_interleaved_40_80_3d_0_pca.png,ms_interleaved_40_80_3d_0_pca,185,3,110,0.824475530448858,0.8009192943572998,0.8668822174785418,0.6978316307067871,0.9660652313521264,1.1054885387420654,0.8326145065590489,0.7005326747894287,0.8541113260758701,0.9033911228179932,0.6782861644690377,0.6985001564025879,0.6745206754152371,0.7172977924346924,0.6642851031557963,1.1260952949523926,0.6771338111785438,0.7051723003387451,0.6747442114548601,0.7234013080596924,0.5761312140825192,0.9360451698303224,0.5520258897649739,0.7312209606170654,0.5061679936207144,0.9715259075164796,0.5705841228276292,0.9322903156280518,0.5576378282445145,0.7085967063903809,1.0,0.5869004726409912,2721,0.3438475131988525,0.0,0.5627150535583496,0.0304854283121105,0.0203807353973388,18.46267943943013,0.0026566982269287,0.024279515969453106,2.373802661895752,0.054054054054054,0.000849962234497,0,0,461,['cluster'],['touching']
figure_descending_markersize160_ms_interleaved_40_80_3d_0_pca.png,ms_interleaved_40_80_3d_0_pca,185,3,160,0.789584184550675,0.7494158744812012,0.8385669995480689,0.7570617198944092,0.9607972364314072,1.1715412139892578,0.7979952047171114,0.7619872093200684,0.823355316902769,0.5441684722900391,0.6064295890820633,0.970240592956543,0.6052580760961596,0.7830231189727783,0.5978484524549774,1.0256774425506592,0.6036494693202363,0.5440118312835693,0.604493941341598,0.9902076721191406,0.4922464513785163,0.8066134452819824,0.4735151130213439,0.5615715980529785,0.4339285120166519,1.257054090499878,0.4854272985978526,0.8043324947357178,0.4775526090092116,0.8181326389312744,1.0,0.4008440971374511,5305,0.6446099281311035,0.0,0.3632004261016845,0.0304854283121105,0.019784927368164,18.46267943943013,0.0023839473724365,0.02750424201914066,2.73010802268982,0.054054054054054,0.0008046627044677,0,0,831,['cluster'],['touching']
figure_category_based_markersize10_n500-d10-c3-spr0.1-out0_pca.png,n500-d10-c3-spr0.1-out0_pca,500,3,10,1.0,0.7545156478881836,1.0,1.0499534606933594,1.0,0.8104286193847656,1.0,0.7961511611938477,1.0,1.0429952144622805,0.81419935184671,0.5560140609741211,0.7695159540544675,1.039470911026001,0.702392818208389,0.8221433162689209,0.8137405512032942,0.8066408634185791,0.781920721273425,0.8112452030181885,0.6866241413467817,0.8212466239929199,0.6253766203552469,1.0932369232177734,0.5412984977769564,0.8318653106689453,0.6859718184152044,0.8559534549713135,0.641929252824064,0.8295302391052246,0.986,0.6959958076477051,490,0.4112076759338379,0.0,0.3883354663848877,0.0307132850251504,0.0583269596099853,7.469573325280364,0.005242109298706,0.018583793515574952,14.677791833877563,0.0,0.0019426345825195,0,0,0,['cluster'],['separated']
figure_category_based_markersize60_n500-d10-c3-spr0.1-out0_pca.png,n500-d10-c3-spr0.1-out0_pca,500,3,60,1.0,0.6267366409301758,1.0,0.8818521499633789,1.0,1.143260478973389,1.0,0.9097695350646972,1.0,0.6087450981140137,0.4924706058234424,0.9185295104980468,0.4319318305462515,0.912771463394165,0.3438138994525996,1.1713733673095703,0.4954371319749302,0.6320695877075195,0.4499776507312391,0.9481921195983888,0.3266739658449178,0.9194552898406982,0.2754547531544621,0.9156908988952636,0.2075937597465422,1.1965126991271973,0.3292897508664788,0.6369814872741699,0.290303975903006,0.9089224338531494,0.912,0.7858662605285645,10092,0.4465451240539551,0.0,0.4314322471618652,0.0307132850251504,0.0576274394989013,7.469573325280364,0.005195140838623,-,15.0,0.0,0.0018417835235595,0,0,0,['cluster'],['separated']
figure_category_based_markersize110_n500-d10-c3-spr0.1-out0_pca.png,n500-d10-c3-spr0.1-out0_pca,500,3,110,1.0,0.3530292510986328,1.0,0.9466750621795654,1.0,1.205876111984253,1.0,0.9925150871276855,1.0,0.9996073246002196,0.3917207642987312,0.6794192790985107,0.3463683266097119,0.9828238487243652,0.2638911183627981,1.2556698322296145,0.3940738717331372,1.0078303813934326,0.3599137477480261,0.6873574256896973,0.2435651444122056,1.0060803890228271,0.2094591753310972,0.677100658416748,0.152001479373771,1.2453575134277344,0.2453872969601828,1.0202317237854004,0.2194480608893798,0.6906521320343018,0.76,0.8595757484436035,22415,0.4716172218322754,0.0,0.466088056564331,0.0307132850251504,0.0576896667480468,7.469573325280364,0.0052120685577392,-,15.0,0.0,0.001948595046997,0,0,0,['cluster'],['separated']
figure_category_based_markersize160_n500-d10-c3-spr0.1-out0_pca.png,n500-d10-c3-spr0.1-out0_pca,500,3,160,1.0,0.4023530483245849,1.0,1.0795142650604248,1.0,1.3329167366027832,1.0,0.7502419948577881,1.0,1.0822257995605469,0.3446771375766457,0.7426466941833496,0.3100612212645984,1.0758025646209717,0.2323570939499373,0.9994208812713624,0.346304934646628,1.083958625793457,0.3200521568600663,0.7541131973266602,0.2082235105917925,1.0896267890930176,0.1834748247487524,0.7400598526000977,0.1314502454962227,1.3690669536590576,0.2094128124961342,0.7586085796356201,0.1905131508498904,1.1146953105926514,0.638,0.5393931865692139,32649,0.5247862339019775,0.0,0.4830636978149414,0.0307132850251504,0.0578079223632812,7.469573325280364,0.0052254199981689,-,15.0,0.0,0.0019214153289794,0,0,0,['cluster'],['separated']
figure_ascending_markersize10_n500-d10-c3-spr0.1-out0_pca.png,n500-d10-c3-spr0.1-out0_pca,500,3,10,1.0,1.0443346500396729,1.0,0.6713590621948242,1.0,0.9131369590759276,1.0,1.0449514389038086,1.0,0.6717946529388428,0.817388511767335,1.0412018299102783,0.7701949255089307,0.6660151481628418,0.6998747538024387,1.290048360824585,0.8169516063076021,0.6764256954193115,0.7829070179773441,1.039323091506958,0.6911724770988554,0.6743683815002441,0.6262739855969945,1.078810214996338,0.5383133323880467,0.9442496299743652,0.6905479189721264,1.054811716079712,0.6432598244681773,0.6867084503173828,0.986,0.5255458354949951,490,0.5244183540344238,0.0,0.5169491767883301,0.0307132850251504,0.0564205646514892,7.469573325280363,0.0051996707916259,0.01858379351557496,11.748958826065063,0.0,0.0019216537475585,0,0,0,['cluster'],['separated']
figure_ascending_markersize60_n500-d10-c3-spr0.1-out0_pca.png,n500-d10-c3-spr0.1-out0_pca,500,3,60,1.0,1.1526296138763428,1.0,0.7310788631439209,1.0,1.3831889629364014,1.0,0.7347793579101562,1.0,0.7234163284301758,0.5041005531885432,1.128582000732422,0.4344091975154439,0.7620494365692139,0.3379044807833761,1.0143682956695557,0.5068964140914264,0.7282750606536865,0.453793714167174,1.1198852062225342,0.3369882609844162,0.7368686199188232,0.2774730132714416,1.146904230117798,0.2033002777978949,0.9946916103363036,0.3394917933861723,0.7615089416503906,0.2934884680815725,1.1627750396728516,0.912,0.6009483337402344,10092,0.5619738101959229,0.0,0.5700645446777344,0.0307132850251504,0.0566480159759521,7.469573325280363,0.005042552947998,0.036327605831467186,13.55618166923523,0.0,0.0019352436065673,0,0,0,['cluster'],['separated']
figure_ascending_markersize110_n500-d10-c3-spr0.1-out0_pca.png,n500-d10-c3-spr0.1-out0_pca,500,3,110,1.0,0.8034689426422119,1.0,0.787318229675293,1.0,1.4669146537780762,1.0,0.8062562942504883,1.0,0.8060567378997803,0.406423313279071,1.2204124927520752,0.3501467015695833,0.8101558685302734,0.2546181141544872,1.0451760292053225,0.4085783164542184,1.227863073348999,0.3655246573897912,0.8034462928771973,0.2550384406760871,0.806473970413208,0.2122289914519639,0.7971887588500977,0.1458810339555821,1.0534162521362305,0.2567379348155429,1.235856056213379,0.2236342438828469,0.8205103874206543,0.76,0.632556676864624,22415,0.6069338321685791,0.0,0.5813853740692139,0.0307132850251504,0.0569603443145751,7.469573325280363,0.0051596164703369,-,15.0,0.0,0.0018727779388427,0,0,0,['cluster'],['separated']
figure_ascending_markersize160_n500-d10-c3-spr0.1-out0_pca.png,n500-d10-c3-spr0.1-out0_pca,500,3,160,1.0,0.8483917713165283,1.0,0.8437998294830322,1.0,1.083897829055786,1.0,1.3114442825317385,1.0,0.8904645442962646,0.3616568564586478,0.8474814891815186,0.3150040446575516,0.8572571277618408,0.2196409273056208,1.568753004074097,0.3630786109986753,0.8615612983703613,0.3272283911405842,0.8498754501342773,0.2207454878328543,0.840933084487915,0.1869464693127599,1.3212637901306152,0.1233688926432228,1.1209511756896973,0.2218057711495769,0.8834681510925293,0.1956204836377548,0.8838801383972168,0.638,0.654510498046875,32649,0.6576104164123535,0.0,0.6153743267059326,0.0307132850251504,0.0578727722167968,7.469573325280363,0.0052170753479003,-,15.0,0.0,0.0018634796142578,0,0,0,['cluster'],['separated']
figure_descending_markersize10_n500-d10-c3-spr0.1-out0_pca.png,n500-d10-c3-spr0.1-out0_pca,500,3,10,1.0,1.2841863632202148,1.0,0.7929165363311768,1.0,1.0604839324951172,1.0,0.7842986583709717,1.0,0.7927443981170654,0.8115032712779339,0.7760107517242432,0.7688739294473417,1.2940762042999268,0.7041491037707461,1.0679197311401367,0.8110027310093115,0.8039145469665527,0.7811422583994286,0.8131096363067627,0.6827980689105511,0.8363280296325684,0.6245289965325733,0.8081731796264648,0.5433874420426935,1.0592045783996582,0.6820896499600477,0.8011960983276367,0.6408805816613623,0.8203814029693604,0.986,0.649407148361206,490,0.6470284461975098,0.0,0.6449918746948242,0.0307132850251504,0.0574641227722168,7.469573325280364,0.0052354335784912,0.018583793515574955,11.91985821723938,0.0,0.0018525123596191,0,0,0,['cluster'],['separated']
figure_descending_markersize60_n500-d10-c3-spr0.1-out0_pca.png,n500-d10-c3-spr0.1-out0_pca,500,3,60,1.0,0.8915951251983643,1.0,0.8730452060699463,1.0,1.1244454383850098,1.0,0.8684258460998535,1.0,0.8506054878234863,0.480975385058601,0.8598377704620361,0.4296861568681557,0.8604154586791992,0.3498850446494808,1.1151432991027832,0.4841982352416085,1.3455488681793213,0.4462508812715562,0.8517487049102783,0.3166343588692644,0.8660578727722168,0.2736307514243055,0.8776540756225586,0.2120367696292758,1.1229217052459717,0.3194337455589295,0.8662421703338623,0.2872090969465898,0.8663358688354492,0.912,0.7197964191436768,10092,0.6831221580505371,0.0,0.1103088855743408,0.0307132850251504,0.0577602386474609,7.469573325280364,0.0052039623260498,0.03632760583146719,14.307623624801636,0.0,0.0018436908721923,0,0,0,['cluster'],['separated']
figure_descending_markersize110_n500-d10-c3-spr0.1-out0_pca.png,n500-d10-c3-spr0.1-out0_pca,500,3,110,1.0,0.9334259033203124,1.0,0.9191498756408693,1.0,1.1920175552368164,1.0,0.9159929752349854,1.0,0.9224011898040771,0.37703505948696,0.9266862869262696,0.3429425877794456,0.9133048057556152,0.2731242372578973,1.1855807304382324,0.3795516700064847,0.9652292728424072,0.3544053244936928,0.9369049072265624,0.2323125103169354,0.9475340843200684,0.2069587844393891,0.3741722106933594,0.1581609072005294,1.7287378311157229,0.2342263329112157,0.9481537342071532,0.2153661103604696,0.3709523677825928,0.76,0.7702124118804932,22415,0.7080550193786621,0.0,0.6856153011322021,0.0307132850251504,0.0577576160430908,7.469573325280364,0.0051722526550292,-,15.0,0.0,0.0018501281738281,0,0,0,['cluster'],['separated']
figure_descending_markersize160_n500-d10-c3-spr0.1-out0_pca.png,n500-d10-c3-spr0.1-out0_pca,500,3,160,1.0,0.3916394710540771,1.0,0.9642219543457032,1.0,1.773380994796753,1.0,0.4049828052520752,1.0,1.523590326309204,0.3283516375843601,0.4062857627868652,0.3058365580498637,1.549947738647461,0.244518294259007,1.2515497207641602,0.3300546111445293,0.4064667224884033,0.3132899132072412,1.560476541519165,0.1964238681811471,0.4047155380249023,0.1805236439866854,1.577911138534546,0.1392884320351236,0.6571140289306641,0.1976439549144409,1.5685410499572754,0.1857402262904319,0.9993157386779784,0.638,0.169358491897583,32649,0.7458233833312988,0.0,0.717700719833374,0.0307132850251504,0.0585746765136718,7.469573325280364,0.0051221847534179,-,15.0,0.0,0.0018575191497802,0,0,0,['cluster'],['separated']
figure_category_based_markersize10_n100-d10-c3-spr0.2-out0_pca.png,n100-d10-c3-spr0.2-out0_pca,100,3,10,0.9489293504853086,0.8810410499572754,0.9670263027698772,1.024595022201538,1.002377617152716,1.1445646286010742,0.9444540149372028,0.9036128520965576,0.9578108266163397,0.8990139961242676,0.9489293504853086,0.906653642654419,0.9670263027698772,0.2961900234222412,1.002377617152716,1.7531704902648926,0.9444540149372028,0.2859246730804443,0.9578108266163397,0.902467966079712,0.9489293504853086,0.8701491355895996,0.9670263027698772,1.5244290828704834,1.002377617152716,0.5301008224487305,0.9444540149372028,1.541175365447998,0.9578108266163397,0.2948153018951416,1.0,0.7354509830474854,4,0.7398748397827148,0.0,0.7490568161010742,0.0302336281133058,0.0112769603729248,29.484572583787408,0.0016665458679199,0.01005037815259212,1.34267258644104,0.16,0.0005919933319091,0,0,4,['cluster'],['intersecting']
figure_category_based_markersize60_n100-d10-c3-spr0.2-out0_pca.png,n100-d10-c3-spr0.2-out0_pca,100,3,60,0.8617814505746918,0.3023638725280761,0.8916539374541962,0.911202907562256,0.966942334181164,1.1653857231140137,0.8507270128249644,0.9067959785461426,0.8728879990290325,0.9288938045501708,0.8147395997490574,0.91823410987854,0.8278394241180972,0.9040331840515136,0.8599098114754848,1.1465108394622805,0.8069269615251753,0.936105489730835,0.8172354733467759,0.9320225715637208,0.7725676410700956,0.9634406566619872,0.7725490899089071,0.943814754486084,0.7742110487610773,1.190253734588623,0.7674162035755909,0.2976243495941162,0.7682540697801156,0.9339489936828612,1.0,0.7614612579345703,244,0.7699143886566162,0.0,0.7806737422943115,0.0302336281133058,0.0117413997650146,29.484572583787408,0.0017809867858886,0.020291782904001316,0.7914907932281494,0.16,0.0005626678466796,0,0,68,['cluster'],['intersecting']
figure_category_based_markersize110_n100-d10-c3-spr0.2-out0_pca.png,n100-d10-c3-spr0.2-out0_pca,100,3,110,0.8160617622715138,0.9550464153289796,0.8443765726745416,0.9339327812194824,0.9237975363390244,1.1840581893920898,0.8029803244923589,0.9591174125671388,0.8248626319237312,0.9564535617828368,0.7477041755585015,0.9583747386932372,0.7498137769215673,0.9563710689544678,0.7672458140676109,1.178997278213501,0.7393398739932322,0.9926817417144777,0.7421908483373554,0.96636962890625,0.689913430619345,0.9670863151550292,0.6742982650322853,0.97562837600708,0.656065422503952,1.2473349571228027,0.6850463190604432,0.997826099395752,0.6745810253434311,1.027682542800903,1.0,0.1145482063293457,797,0.7863986492156982,0.0,0.8112835884094238,0.0302336281133058,0.0116348266601562,29.484572583787408,0.0017149448394775,0.026329844897439718,1.5436713695526123,0.16,0.0005946159362792,0,0,207,['cluster'],['intersecting']
figure_category_based_markersize160_n100-d10-c3-spr0.2-out0_pca.png,n100-d10-c3-spr0.2-out0_pca,100,3,160,0.7661185039592371,0.3073010444641113,0.7933555506769955,0.9757964611053468,0.8712644594919988,1.247744083404541,0.7512148821797883,0.987412452697754,0.7735677723981904,0.9972736835479736,0.6841062230591315,0.9962351322174072,0.6804207574184188,0.9944393634796144,0.6861040229528619,0.5544111728668213,0.6747189629303567,1.0011639595031738,0.674493331661747,0.98638653755188,0.6179547370706372,0.9975366592407228,0.5956320601956269,1.0067205429077148,0.5658500220499267,1.2614479064941406,0.6123623436676137,1.025376558303833,0.5979154987205557,0.3119099140167236,1.0,0.8302657604217529,1676,0.8489401340484619,0.0,0.8432700634002686,0.0302336281133058,0.0115532875061035,29.484572583787408,0.0017831325531005,0.03004887966069861,0.9443209171295166,0.16,0.0006070137023925,0,0,435,['cluster'],['intersecting']
figure_ascending_markersize10_n100-d10-c3-spr0.2-out0_pca.png,n100-d10-c3-spr0.2-out0_pca,100,3,10,0.9782674476730452,1.00148606300354,0.9770236855816452,1.0081846714019775,0.9702597678169717,1.25602126121521,0.9781155617361316,1.0138819217681885,0.9773122377795136,1.0062816143035889,0.9782674476730452,1.0273125171661377,0.9770236855816452,0.2942981719970703,0.9702597678169717,1.254350185394287,0.9781155617361316,1.007800817489624,0.9773122377795136,1.020354986190796,0.9782674476730452,1.0425245761871338,0.9770236855816452,0.2953479290008545,0.9702597678169717,1.241147518157959,0.9781155617361316,1.0186333656311035,0.9773122377795136,1.0077195167541504,1.0,0.8415241241455078,4,0.8649334907531738,0.0,0.1041147708892822,0.0302336281133058,0.0118656158447265,29.484572583787408,0.0018413066864013,0.01005037815259212,1.3449671268463137,0.16,0.0004935264587402,0,0,0,['cluster'],['intersecting']
figure_ascending_markersize60_n100-d10-c3-spr0.2-out0_pca.png,n100-d10-c3-spr0.2-out0_pca,100,3,60,0.93237356670489,1.0604043006896973,0.915944728555522,0.3009898662567138,0.8870752937858828,1.2717299461364746,0.9309581864058964,1.022061109542847,0.9196169408471572,1.073190450668335,0.891125652853167,1.0607199668884275,0.860240824217626,1.057234525680542,0.8074996120292097,0.5474362373352051,0.8922472401645065,1.044216871261597,0.8703316276613171,1.0533945560455322,0.8533727120091192,1.0616588592529297,0.8109238479387871,1.0652973651885986,0.7410254307877258,0.5441851615905762,0.8566271159539519,1.042595148086548,0.8260603230314811,1.0370523929595947,1.0,0.8912868499755859,244,0.1089966297149658,0.0,0.8746738433837891,0.0302336281133058,0.0117759704589843,29.484572583787408,0.0017859935760498,0.020291782904001316,1.4530534744262695,0.16,0.000504732131958,0,0,0,['cluster'],['intersecting']
figure_ascending_markersize110_n100-d10-c3-spr0.2-out0_pca.png,n100-d10-c3-spr0.2-out0_pca,100,3,110,0.9035778983654807,1.1035234928131104,0.8723451442899137,0.3112683296203613,0.8278319522002131,1.320997953414917,0.9017891760057732,1.0566418170928955,0.879393977166668,1.0448949337005615,0.839342715251186,1.0653417110443115,0.7868301351965516,0.3016016483306885,0.7132225924844309,1.3323149681091309,0.8410326064873994,1.0789189338684082,0.802385529523377,1.0891053676605225,0.7836343000194217,0.305779218673706,0.7165841959238886,1.0725398063659668,0.6264882954773447,1.3111395835876465,0.7879460324093585,1.084650993347168,0.7377783490759692,1.0910799503326416,1.0,0.1086122989654541,797,0.9033763408660888,0.0,0.8971309661865234,0.0302336281133058,0.011573314666748,29.484572583787408,0.0017910003662109,0.026329844897439718,1.5440375804901123,0.16,0.0005102157592773,0,0,0,['cluster'],['intersecting']
figure_ascending_markersize160_n100-d10-c3-spr0.2-out0_pca.png,n100-d10-c3-spr0.2-out0_pca,100,3,160,0.8678601114616078,0.3012793064117431,0.8229006302654424,1.116008758544922,0.7633418868337633,0.5476181507110596,0.8653234763392079,1.0836541652679443,0.8332735399760375,1.0949974060058594,0.7846513499207792,1.0957765579223633,0.7170326859719529,1.1120460033416748,0.6289210519715689,0.5583670139312744,0.7857886161014872,1.0860798358917236,0.7362120513940257,1.1042413711547852,0.7160024130019071,1.1794617176055908,0.6352999717797952,1.2301697731018066,0.5347535277189202,0.5855131149291992,0.719643686921474,1.1168246269226074,0.6594033368698822,1.1364421844482422,1.0,1.0258421897888184,1676,0.118420124053955,0.0,0.9631471633911132,0.0302336281133058,0.0125188827514648,29.484572583787408,0.0019264221191406,0.030048879660698614,1.980391263961792,0.16,0.0005967617034912,0,0,0,['cluster'],['intersecting']
figure_descending_markersize10_n100-d10-c3-spr0.2-out0_pca.png,n100-d10-c3-spr0.2-out0_pca,100,3,10,0.9489293504853086,0.3127658367156982,0.9670263027698772,1.1384332180023191,1.002377617152716,0.5661351680755615,0.9444540149372028,1.1074435710906982,0.9578108266163397,1.1248540878295898,0.9489293504853086,1.134430170059204,0.9670263027698772,0.3018777370452881,1.002377617152716,1.3547327518463137,0.9444540149372028,1.4013996124267578,0.9578108266163397,1.1145992279052734,0.9489293504853086,1.166374683380127,0.9670263027698772,0.2998602390289306,1.002377617152716,1.406320095062256,0.9444540149372028,1.1518175601959229,0.9578108266163397,0.2950096130371094,1.0,0.9444515705108644,4,0.97263503074646,0.0,0.1055564880371093,0.0302336281133058,0.0119960308074951,29.48457258378741,0.0017335414886474,0.01005037815259212,1.7080984115600586,0.16,0.0005300045013427,0,0,4,['cluster'],['intersecting']
figure_descending_markersize60_n100-d10-c3-spr0.2-out0_pca.png,n100-d10-c3-spr0.2-out0_pca,100,3,60,0.8484028459607632,0.3291463851928711,0.8898919387319599,1.150399923324585,0.9825819484631204,1.4176549911499023,0.8353728616127529,0.3224279880523681,0.8678345597641596,1.1731972694396973,0.8017327481849605,1.1745309829711914,0.8262954416936292,1.2032530307769775,0.874383663647962,0.5379202365875244,0.7924222692394678,1.2229979038238523,0.8126162213507085,1.198899269104004,0.7599295119127807,1.2440299987792969,0.771182559734026,0.3191149234771728,0.7876505071506467,1.4714741706848145,0.7536723010823392,1.233910083770752,0.7640043621610642,1.2363841533660889,1.0,0.1092081069946289,244,1.0132851600646973,0.0,0.1076624393463134,0.0302336281133058,0.0121352672576904,29.48457258378741,0.0018434524536132,0.020291782904001316,1.6118078231811523,0.16,0.0005414485931396,0,0,96,['cluster'],['intersecting']
figure_descending_markersize110_n100-d10-c3-spr0.2-out0_pca.png,n100-d10-c3-spr0.2-out0_pca,100,3,110,0.7964536112313371,1.1726024150848389,0.8417736465675407,1.238880634307861,0.9476215143035548,0.5748441219329834,0.7806545414541737,1.2107980251312256,0.8174463755155961,1.2187705039978027,0.7287943723212068,0.3256323337554931,0.7476033336692172,1.24098801612854,0.7877574578150148,1.4795036315917969,0.7184688488172024,0.3159329891204834,0.7356706075374784,1.2399747371673584,0.6717304453755935,1.223945379257202,0.672382975502005,0.3148591518402099,0.6740457255300156,1.5212430953979492,0.6654594157186949,1.2765281200408936,0.6687683083163238,0.3235476016998291,1.0,1.0314643383026123,797,1.032334566116333,0.0,0.1103515625,0.0302336281133058,0.0121960639953613,29.48457258378741,0.0017082691192626,0.026329844897439718,1.701472520828247,0.16,0.0006139278411865,0,0,295,['cluster'],['intersecting']
figure_descending_markersize160_n100-d10-c3-spr0.2-out0_pca.png,n100-d10-c3-spr0.2-out0_pca,100,3,160,0.7375182369651095,0.6796953678131104,0.7871721911843652,0.6074657440185547,0.910183683093418,0.8684298992156982,0.7172986784356115,0.6522870063781738,0.7591757732766198,0.5586001873016357,0.657852194160701,0.5404784679412842,0.6755105544393598,0.6561667919158936,0.7160469899077337,0.8694107532501221,0.6444302691318193,0.5739076137542725,0.6626840780584043,0.689558744430542,0.5937191921482786,0.6147856712341309,0.5915922462900287,0.6791486740112305,0.5901677633968241,0.931929349899292,0.5850015617767806,0.613762617111206,0.5879546855778657,0.7231945991516113,1.0,0.3323867321014404,1676,0.2328646183013916,0.0,0.3490247726440429,0.0302336281133058,0.0121729373931884,29.48457258378741,0.0018398761749267,0.030048879660698614,1.2186448574066162,0.16,0.0005762577056884,0,0,628,['cluster'],['intersecting']
figure_category_based_markersize10_hiv_pca.png,hiv_pca,78,6,10,0.7690970608143698,0.5243723392486572,0.6548036708457134,0.6333446502685547,0.4517722894668149,1.1534020900726318,0.9107217110698436,0.661376953125,0.886824368144573,0.6259627342224121,0.5753351329493908,0.6422915458679199,0.4789246575243745,0.6304733753204346,0.3052110991642097,1.1085875034332275,0.8267822663286989,0.6358416080474854,0.7872408886775151,0.6636683940887451,0.4595569703737572,0.5449669361114502,0.3775227650495004,0.764000415802002,0.2304499442238052,1.0340721607208252,0.7570101193497896,0.823542594909668,0.7077644458825141,0.5737111568450928,0.5769230769230769,0.4015724658966064,140,0.3890516757965088,0.2692307692307692,0.4079957008361816,0.0257140860813435,0.0167603492736816,10.57826016568395,0.0016558170318603,0.2268227313312126,0.6470992565155029,0.5512820512820513,0.0006875991821289,0,0,332,['cluster'],['intersecting']
figure_category_based_markersize60_hiv_pca.png,hiv_pca,78,6,60,0.7663173896238431,0.8749501705169678,0.6028854122646203,0.5954604148864746,0.342092474093005,1.2162644863128662,0.8923012735723542,0.7198803424835205,0.8491568611897047,0.583845853805542,0.4924537261198551,0.7263414859771729,0.3837943226108505,0.7495927810668945,0.2028421638429989,1.2205512523651123,0.7017488371595881,0.7610704898834229,0.6338776981007328,0.7597289085388184,0.3627982386104132,0.742358922958374,0.2814970961725107,0.7845232486724854,0.1441608349320992,1.2191462516784668,0.5782603645824178,0.754274845123291,0.5056777337671665,0.8274688720703125,0.5,0.2811653614044189,908,0.4727458953857422,0.2692307692307692,0.4955105781555176,0.0257140860813435,0.0164964199066162,10.57826016568395,0.0015473365783691,0.2827238912486859,0.732379674911499,0.5512820512820513,0.000699758529663,0,0,2929,['cluster'],['intersecting']
figure_category_based_markersize110_hiv_pca.png,hiv_pca,78,6,110,0.7771757419751806,0.6579041481018066,0.6247952378980252,0.7833318710327148,0.3271685875608378,1.282651424407959,0.8796247980208188,0.645136833190918,0.8405360333962592,0.8006918430328369,0.4747898302349222,0.6409263610839844,0.3819375071217366,0.8089790344238281,0.1844340401680095,1.3277828693389893,0.6040923151504516,0.6724579334259033,0.5517243441205666,0.8571524620056152,0.3418008942103085,0.7265541553497314,0.2750324660202703,0.7054286003112793,0.1284116234420451,1.186410903930664,0.4600019317630897,0.707287073135376,0.4106301207550765,0.8873758316040039,0.4615384615384615,0.3263330459594726,1642,0.5399801731109619,0.2692307692307692,0.5591442584991455,0.0257140860813435,0.0165743827819824,10.57826016568395,0.0016303062438964,0.3102954624509502,0.8095386028289795,0.5512820512820513,0.0006992816925048,0,0,6527,['cluster'],['intersecting']
figure_category_based_markersize160_hiv_pca.png,hiv_pca,78,6,160,0.7896219518346199,0.747490644454956,0.6452502477230532,0.73921799659729,0.3197293712859396,1.208195686340332,0.8824251730219024,0.9652755260467528,0.8462595872379699,0.7586824893951416,0.4628488339842403,0.5453288555145264,0.3778216865309961,0.9740805625915528,0.1714562139858489,1.214310646057129,0.5559231053622962,0.9666988849639891,0.5079304334089357,0.5385298728942871,0.3273712054265264,0.9843928813934326,0.2671142733324276,0.783536434173584,0.1171352378509329,1.2577669620513916,0.4057816929988719,0.7909927368164062,0.3628609525151097,0.7790486812591553,0.4487179487179487,0.617051362991333,2381,0.3710994720458984,0.2692307692307692,0.3589422702789306,0.0257140860813435,0.0168027877807617,10.57826016568395,0.0015113353729248,0.3300473223191127,1.171318769454956,0.5512820512820513,0.0007548332214355,0,0,10311,['cluster'],['intersecting']
figure_ascending_markersize10_hiv_pca.png,hiv_pca,78,6,10,0.6910267437096849,0.5559911727905273,0.5789067135779855,0.7868170738220215,0.3987780076444708,1.276571273803711,0.958767043965896,0.7938311100006104,0.9373255031293564,0.7887499332427979,0.519331631025576,0.7952921390533447,0.4147691738055279,0.802837610244751,0.2812870376909614,1.2950711250305176,0.8104363796002425,0.8195047378540039,0.7693796515349103,0.8142380714416504,0.4159765319881207,0.8194925785064697,0.323147185673704,0.8367452621459961,0.2172725639811049,1.3091893196105957,0.701852859186886,0.8375301361083984,0.6524725045033486,0.8301689624786377,0.5769230769230769,0.6801853179931641,140,0.4062106609344482,0.2692307692307692,0.3950839042663574,0.0257140860813435,0.0165097713470459,10.578260165683952,0.0015103816986083,0.2268227313312127,0.7045345306396484,0.5512820512820513,0.0006179809570312,0,0,0,['cluster'],['intersecting']
figure_ascending_markersize60_hiv_pca.png,hiv_pca,78,6,60,0.6800853355024927,0.8388841152191162,0.5216140692325606,0.8512413501739502,0.2847171190667948,1.3339331150054932,0.9395568500225728,0.8589296340942383,0.91194788426998,1.1432130336761477,0.4626264552885257,0.6026253700256348,0.3299544991305304,0.8651187419891357,0.1778551703105736,1.3510582447052002,0.6925750506020445,0.903317928314209,0.6252589097226842,0.6148788928985596,0.3505403550576943,0.9005887508392334,0.241294363708193,0.9018959999084472,0.1293184847277068,1.0957927703857422,0.5484133477264241,0.8996448516845703,0.4757099997785727,0.909721612930298,0.5,0.4216611385345459,908,0.4236485958099365,0.2692307692307692,0.7440464496612549,0.0257140860813435,0.0163140296936035,10.578260165683952,0.001631736755371,0.2827238912486856,0.790550947189331,0.5512820512820513,0.0006396770477294,0,0,0,['cluster'],['intersecting']
figure_ascending_markersize110_hiv_pca.png,hiv_pca,78,6,110,0.6789571962003393,0.621147871017456,0.5257907015693563,0.9096975326538086,0.2573959390555205,1.402299404144287,0.93895145585896,0.9289073944091796,0.911868640363762,0.6321065425872803,0.4452828541628781,0.9560873508453368,0.3244070714055316,0.9470510482788086,0.152902418187784,1.1166558265686035,0.6103516242630264,0.9358816146850586,0.5539933400367982,0.9485266208648682,0.3312706010163461,0.9790940284729004,0.2345657901067955,0.6536107063293457,0.1087527155989861,1.4456994533538818,0.4521241482373095,0.6420619487762451,0.3978512025622488,0.9681775569915771,0.4615384615384615,0.4572575092315674,1642,0.8074042797088623,0.2692307692307692,0.4642395973205566,0.0257140860813435,0.016535997390747,10.578260165683952,0.001694917678833,0.3102954624509502,0.8702912330627441,0.5512820512820513,0.0006721019744873,0,0,0,['cluster'],['intersecting']
figure_ascending_markersize160_hiv_pca.png,hiv_pca,78,6,160,0.6782344471343404,0.6695938110351562,0.5314064106397509,0.6538538932800293,0.242610845093785,1.488865613937378,0.9371578371146974,1.0105185508728027,0.9120220761023784,0.6680560111999512,0.4327369235434841,1.0045652389526367,0.3194178019903093,0.6820142269134521,0.1364813537402247,1.491340398788452,0.5644028035180482,1.0265634059906006,0.5116164836405461,0.6807236671447754,0.3177297066634081,0.6848275661468506,0.2283317257255906,1.0260848999023438,0.0949470224975234,1.155259132385254,0.4037936586722813,1.0157649517059326,0.3555285664531231,1.0597052574157717,0.4487179487179487,0.492948055267334,2381,0.4940576553344726,0.2692307692307692,0.4822714328765869,0.0257140860813435,0.0165231227874755,10.578260165683952,0.0015110969543457,0.3300473223191132,0.9850482940673828,0.5512820512820513,0.00065279006958,0,0,0,['cluster'],['intersecting']
figure_descending_markersize10_hiv_pca.png,hiv_pca,78,6,10,0.4905617005651087,0.6718974113464355,0.5738482923772491,1.0414810180664062,0.5965599372294206,1.1577651500701904,0.7029521192650481,1.0438778400421145,0.7059447032534149,0.6802394390106201,0.3795930367586226,1.0624256134033203,0.4255579497565704,0.7028541564941406,0.3664943274561806,1.1720647811889648,0.6486879318021219,1.0810518264770508,0.6382175547208,0.7009499073028564,0.30956675949271,0.7101192474365234,0.3381701115826214,1.0813233852386477,0.2644919864562254,1.1791794300079346,0.6022011839290419,1.0969419479370115,0.5823480604062358,0.7152037620544434,0.5769230769230769,0.5206983089447021,140,0.5218405723571777,0.2692307692307692,0.5235984325408936,0.0257140860813435,0.0166969299316406,10.578260165683949,0.0015826225280761,0.2268227313312125,0.8392157554626465,0.5512820512820513,0.0006158351898193,1,0,374,['cluster'],['intersecting']
figure_descending_markersize60_hiv_pca.png,hiv_pca,78,6,60,0.42291892334793,0.7322802543640137,0.4711843898320961,1.1180453300476074,0.5867188984128748,1.2110795974731443,0.6325994187236273,0.7367653846740723,0.6343866979405988,0.7098219394683838,0.3216590131702821,1.126502513885498,0.3266407515169387,0.7389044761657715,0.2548225679101403,1.6286141872406006,0.5202826931755085,0.748950719833374,0.4944947997957677,0.7120733261108398,0.2595215121911166,1.1372854709625244,0.2499610479986115,0.7354929447174072,0.1627549942879435,1.2174804210662842,0.4418356774863002,1.1572458744049072,0.4051525184568371,0.7415926456451416,0.5,0.5482683181762695,908,0.5586624145507812,0.2692307692307692,0.5434529781341553,0.0257140860813435,0.0169363021850585,10.578260165683949,0.0015246868133544,0.28272389124868613,0.919502019882202,0.5512820512820513,0.0006248950958251,1,0,3181,['cluster'],['intersecting']
figure_descending_markersize110_hiv_pca.png,hiv_pca,78,6,110,0.4402649743087951,0.7498400211334229,0.4801548396491211,0.7766330242156982,0.5581139887178903,1.2564492225646973,0.657623054418637,0.7607812881469727,0.6601093421444959,0.7407548427581787,0.3219388665289875,1.197688102722168,0.323409448396565,0.7630593776702881,0.2282457654106795,1.2542965412139893,0.4799008733657961,0.7645168304443359,0.457110239993592,1.2174479961395264,0.2537426954104226,0.7878978252410889,0.24381622788238,0.7844448089599609,0.1434568765187394,1.2650775909423828,0.3778005365444666,0.7937684059143066,0.3496000320747759,0.7756199836730957,0.4615384615384615,0.5801074504852295,1642,1.0698049068450928,0.2692307692307692,0.1118521690368652,0.0257140860813435,0.016507863998413,10.578260165683949,0.0015816688537597,0.3102954624509502,0.9802072048187256,0.5512820512820513,0.0006380081176757,1,0,7012,['cluster'],['intersecting']
figure_descending_markersize160_hiv_pca.png,hiv_pca,78,6,160,0.4556880683642659,1.2854037284851074,0.4869853188834847,0.8004662990570068,0.5411343545673457,1.2733545303344729,0.6773500528199112,1.2788045406341553,0.6801477389782753,0.8166520595550537,0.3217230434717242,0.8408963680267334,0.3161603538079737,0.8316402435302734,0.2126203193980063,1.306220293045044,0.4562871419488955,0.8229517936706543,0.4333661595551589,0.8120529651641846,0.2486298366013272,0.8450660705566406,0.2340575306771732,1.3137609958648682,0.1323019287601728,1.299997329711914,0.34401342388294,0.8215963840484619,0.3179886618318172,0.832550048828125,0.4487179487179487,0.6192736625671387,2381,0.6333856582641602,0.2692307692307692,0.6350393295288086,0.0257140860813435,0.0165708065032959,10.578260165683949,0.0015664100646972,0.33004732231911227,0.581641435623169,0.5512820512820513,0.0006446838378906,2,0,11039,['cluster'],['intersecting']
figure_category_based_markersize10_test___interleaved_100_200_10d_0_notcramped_notrotated_pca.png,test___interleaved_100_200_10d_0_notcramped_notrotated_pca,2179,3,10,0.8847954008251029,1.3933403491973877,0.9077272316183704,0.8839304447174072,0.9347413085782972,1.1658239364624023,0.8839660161352543,0.9159166812896729,0.9000649907743314,0.8890223503112793,0.694632497644232,0.8869071006774902,0.6868191940965498,0.8919391632080078,0.6654837209466501,1.6989588737487793,0.6894646726721888,0.9120702743530272,0.6872101372974382,0.9249887466430664,0.5717502129048664,0.8956542015075684,0.552387917271599,0.8978390693664551,0.5166575535188509,1.1786375045776367,0.5651198754823961,0.9010097980499268,0.5557756823922904,0.9159510135650636,0.9834786599357505,0.9261252880096436,2643,0.7054729461669922,0.0,0.6734585762023926,0.0307866523564178,0.2589225769042969,5.064708341764344,0.019747257232666,-,15.0,0.0784763653051858,0.0074493885040283,0,0,126,['cluster'],['intersecting']
figure_category_based_markersize60_test___interleaved_100_200_10d_0_notcramped_notrotated_pca.png,test___interleaved_100_200_10d_0_notcramped_notrotated_pca,2179,3,60,0.5533062771683392,1.032421350479126,0.6071360156357146,1.050419807434082,0.7015920388252981,1.3047723770141602,0.5542187801766683,1.0610568523406982,0.5901765422392868,1.0761141777038574,0.2895993555493751,1.0816752910614014,0.284444663421473,1.0431227684020996,0.2673706365003726,1.3515527248382568,0.2854382329742703,1.0859031677246094,0.2845238326808723,1.0780398845672607,0.1961255234642679,1.0859880447387695,0.1857297446706509,1.6617369651794434,0.1651548601100861,1.3649723529815674,0.1922179326665704,0.5396676063537598,0.1874456448249394,1.641191005706787,0.895823772372648,1.3209946155548096,56642,0.1872050762176513,0.0,0.7246613502502441,0.0307866523564178,0.2570888996124267,5.064708341764344,0.0198667049407959,-,15.0,0.0784763653051858,0.0075066089630126,3,0,3956,['cluster'],['intersecting']
figure_category_based_markersize110_test___interleaved_100_200_10d_0_notcramped_notrotated_pca.png,test___interleaved_100_200_10d_0_notcramped_notrotated_pca,2179,3,110,0.4306480273754516,0.6529266834259033,0.4759653980754734,1.2654285430908203,0.5628143544965135,1.50823974609375,0.430941591790572,1.2821238040924072,0.4621589516465275,1.2721614837646484,0.203436731600567,1.2540419101715088,0.2008436378735831,1.218705654144287,0.186449405861844,1.5292210578918457,0.2008055224247896,1.254575252532959,0.2008939714109872,1.2493350505828855,0.133173801869905,1.239800214767456,0.1272750053012166,1.2284281253814695,0.1117320214111713,1.5329995155334473,0.1309005833334486,0.6900932788848877,0.1283409949928918,1.88187837600708,0.6544286369894446,0.5570113658905029,116927,0.8477296829223633,0.0,0.7635033130645752,0.0307866523564178,0.2552802562713623,5.064708341764344,0.0198626518249511,-,15.0,0.0784763653051858,0.0073902606964111,19,0,10784,['cluster'],['intersecting']
figure_category_based_markersize160_test___interleaved_100_200_10d_0_notcramped_notrotated_pca.png,test___interleaved_100_200_10d_0_notcramped_notrotated_pca,2179,3,160,0.3735295566546341,0.8097100257873535,0.4108082866450095,1.416618585586548,0.4908984279410574,1.685636043548584,0.3727073989954839,1.4577782154083252,0.3999627484707388,1.4168837070465088,0.1720274270323373,1.410043716430664,0.1709919580874328,1.3936376571655271,0.1593264004168851,1.7085301876068115,0.1702029069169486,1.4481561183929443,0.1709982417292673,1.4243018627166748,0.111745717819239,1.408306360244751,0.1079653485137528,1.4469239711761477,0.0950953058245894,1.724032640457153,0.1102826344915204,1.4773228168487549,0.1087453694825547,1.4763262271881104,0.445158329508949,0.4447896480560303,153973,0.9502015113830566,0.0,0.8534591197967529,0.0307866523564178,0.2599244117736816,5.064708341764344,0.0204341411590576,-,15.0,0.0784763653051858,0.007411241531372,26,0,18095,['cluster'],['intersecting']
figure_ascending_markersize10_test___interleaved_100_200_10d_0_notcramped_notrotated_pca.png,test___interleaved_100_200_10d_0_notcramped_notrotated_pca,2179,3,10,0.9013718888297512,0.3806719779968261,0.91385541035696,1.0864229202270508,0.911362945576346,1.3128600120544434,0.8946500549072731,0.3923671245574951,0.9064164421545772,1.0278420448303225,0.7063818162312663,1.0356988906860352,0.6913608323714362,1.672708511352539,0.6495067170049977,0.6620810031890869,0.6977234074617936,1.049034595489502,0.6918014947616087,1.024101495742798,0.5807504586367791,1.047161340713501,0.5559940543433255,1.051006317138672,0.504540300589035,1.3115453720092771,0.5718501351763563,1.0346016883850098,0.5593601173042271,1.0799453258514404,0.9834786599357505,1.1879804134368896,2643,0.8860185146331787,0.0,0.8454389572143555,0.0307866523564178,0.2609825134277344,5.064708341764344,0.0200018882751464,-,15.0,0.0784763653051858,0.0076947212219238,0,0,0,['cluster'],['intersecting']
figure_ascending_markersize60_test___interleaved_100_200_10d_0_notcramped_notrotated_pca.png,test___interleaved_100_200_10d_0_notcramped_notrotated_pca,2179,3,60,0.6048788813251693,1.1780672073364258,0.6300329998712603,0.5215988159179688,0.5995386331092112,1.4447758197784424,0.5884473739200992,1.232245683670044,0.6119478772981469,0.5291047096252441,0.3131768913192237,1.1750576496124268,0.2951608013550278,1.1839139461517334,0.247050070356057,1.4483563899993896,0.3031974541122409,1.2068986892700195,0.2956097989771233,1.2129371166229248,0.2112849980803502,1.225994110107422,0.1927246795155563,1.221524715423584,0.1555796537478516,1.4910273551940918,0.2042077352561425,1.2431790828704834,0.1948729137800261,0.5339384078979492,0.895823772372648,1.4653558731079102,56642,0.9167816638946532,0.0,0.8801453113555908,0.0307866523564178,0.2604191303253174,5.064708341764344,0.0203442573547363,-,15.0,0.0784763653051858,0.0075178146362304,0,0,0,['cluster'],['intersecting']
figure_ascending_markersize110_test___interleaved_100_200_10d_0_notcramped_notrotated_pca.png,test___interleaved_100_200_10d_0_notcramped_notrotated_pca,2179,3,110,0.486522145362151,0.6322183609008789,0.5018192545362155,1.3870980739593506,0.4447215413969623,1.613067626953125,0.469816051041053,1.359990119934082,0.4869125411159308,1.3938286304473877,0.2259557913864146,0.678126335144043,0.2114937935451399,1.368281602859497,0.165962045281498,1.6599695682525637,0.2184604017720631,1.365373134613037,0.2119349872665876,1.4090278148651123,0.1471478900822975,1.4007716178894043,0.1339801373858906,1.410365343093872,0.1020163525567378,1.6866083145141602,0.142318678374748,0.6844215393066406,0.1354444740563992,1.3778562545776367,0.6544286369894446,1.3391940593719482,116927,1.0060584545135498,0.0,0.1433742046356201,0.0307866523564178,0.2553791999816894,5.064708341764344,0.0197587013244628,-,15.0,0.0784763653051858,0.0073258876800537,3,0,0,['cluster'],['intersecting']
figure_ascending_markersize160_test___interleaved_100_200_10d_0_notcramped_notrotated_pca.png,test___interleaved_100_200_10d_0_notcramped_notrotated_pca,2179,3,160,0.4309802973010712,0.7938730716705322,0.4383427342936912,1.5611166954040527,0.3643359173884558,1.8631858825683596,0.4136292530439307,0.7849276065826416,0.4258595772284252,1.5496437549591064,0.1941893021260402,1.5390856266021729,0.1819323767868245,1.5891695022583008,0.1360758668586474,1.8399131298065183,0.1879494935154886,0.7955873012542725,0.1820569514525974,1.54201340675354,0.1253299806474732,1.5306298732757568,0.1147871617103594,1.5642950534820557,0.0836612607415058,1.8434383869171145,0.1216022409882692,1.5939030647277832,0.1157758285136566,0.7961723804473877,0.445158329508949,1.2195196151733398,153973,1.0560541152954102,0.0,0.14760422706604,0.0307866523564178,0.2547407150268554,5.064708341764344,0.0196061134338378,-,15.0,0.0784763653051858,0.0074656009674072,5,0,0,['cluster'],['intersecting']
figure_descending_markersize10_test___interleaved_100_200_10d_0_notcramped_notrotated_pca.png,test___interleaved_100_200_10d_0_notcramped_notrotated_pca,2179,3,10,0.8621270392996068,0.3866350650787353,0.9003038978026978,1.1104450225830078,0.9814335970044809,1.4354140758514404,0.863579930247407,1.185722589492798,0.8871551123161425,1.1485590934753418,0.6779853846497654,1.140493631362915,0.6805133449528266,0.3853697776794433,0.689453725660447,1.4408528804779053,0.6741448419835705,1.1858572959899902,0.6776652906823829,1.182121992111206,0.5586610167509696,0.3839080333709717,0.5469796021316233,1.1634433269500732,0.5313694779910112,1.4152204990386963,0.5528676660660604,1.1538653373718262,0.5482122868180279,1.192286729812622,0.9834786599357505,0.404813289642334,2643,0.9533650875091552,0.0,0.9578065872192384,0.0307866523564178,0.2570593357086181,5.064708341764344,0.0201222896575927,-,15.0,0.0784763653051858,0.0074565410614013,0,0,317,['cluster'],['intersecting']
figure_descending_markersize60_test___interleaved_100_200_10d_0_notcramped_notrotated_pca.png,test___interleaved_100_200_10d_0_notcramped_notrotated_pca,2179,3,60,0.5045360011384274,0.5092527866363525,0.588825188403532,1.3146498203277588,0.8832196624287851,1.6121811866760254,0.5101920169011711,1.3165419101715088,0.5595695367624612,0.536034107208252,0.2682025013451649,1.3171682357788086,0.2757264159356004,1.3000662326812744,0.2964871661088059,1.5696728229522705,0.2664355565506557,1.3431906700134275,0.2724179072666213,0.5283668041229248,0.182647304759931,1.3013925552368164,0.1800092533900983,1.3063435554504397,0.1781440934703492,1.6662263870239258,0.1802952032826945,1.3534953594207764,0.1800318313153791,0.5257415771484375,0.895823772372648,1.6062369346618652,56642,1.0615367889404297,0.0,0.141167402267456,0.0307866523564178,0.2565095424652099,5.064708341764344,0.0201320648193359,-,15.0,0.0784763653051858,0.0075938701629638,4,0,9651,['cluster'],['intersecting']
figure_descending_markersize110_test___interleaved_100_200_10d_0_notcramped_notrotated_pca.png,test___interleaved_100_200_10d_0_notcramped_notrotated_pca,2179,3,110,0.3768725328051627,1.5141503810882568,0.4546762640665557,1.509192943572998,0.8189741785877886,0.9584307670593262,0.3822577858469476,1.5537972450256348,0.4280779596626413,1.593733787536621,0.1824869825926135,1.5606653690338137,0.1919507698147118,0.710087776184082,0.2178529755896864,1.86194109916687,0.1819667992548164,1.767139911651611,0.1888384735146591,1.577242136001587,0.1203909990565902,0.7025096416473389,0.1216549275103813,1.5723700523376465,0.1256366044492212,1.8710181713104248,0.1194032655661898,1.594676494598389,0.1211381314177474,0.7316837310791016,0.6544286369894446,1.6116015911102295,116927,0.2392630577087402,0.0,1.060807466506958,0.0307866523564178,0.2697761058807373,5.064708341764344,0.0208785533905029,-,15.0,0.0784763653051858,0.0078175067901611,20,0,26845,['cluster'],['intersecting']
figure_descending_markersize160_test___interleaved_100_200_10d_0_notcramped_notrotated_pca.png,test___interleaved_100_200_10d_0_notcramped_notrotated_pca,2179,3,160,0.3184033382138919,0.8008122444152832,0.3886240750231262,1.7151129245758057,0.7894343038005872,1.1173665523529053,0.3226336365718834,1.7881531715393066,0.3650636618519292,1.7679951190948486,0.1510809732060073,0.8463432788848877,0.161838833485451,1.769782304763794,0.1938770763046843,2.034163475036621,0.1510572796640045,1.6823992729187012,0.1587389238414267,0.8765754699707031,0.0990367318227494,1.7143666744232178,0.1021994065959017,1.7757909297943115,0.1105084119988961,2.0281636714935303,0.0986142735105353,0.8615012168884277,0.1014193022293347,1.7034661769866943,0.445158329508949,1.366757869720459,153973,0.2710039615631103,0.0,1.1096887588500977,0.0307866523564178,0.2682588100433349,5.064708341764344,0.0205938816070556,-,15.0,0.0784763653051858,0.0079193115234375,41,0,45066,['cluster'],['intersecting']
figure_category_based_markersize10_parkinsons_abs_croped_umap.png,parkinsons_abs_croped_umap,195,2,10,0.757219715978634,0.3040122985839844,0.6841600194287853,1.2259552478790283,0.8178504037060439,1.4146697521209717,0.7510021582241804,1.212876319885254,0.7448299087115833,0.3253374099731445,0.4315118822457416,1.3005468845367432,0.399010061486858,1.277737379074097,0.4193640845316082,0.4978687763214111,0.4282148394797629,1.256462335586548,0.4262958504012701,1.270758867263794,0.3017277610146371,0.3179409503936767,0.2816299613046549,1.2704331874847412,0.2819754426403955,1.463592529296875,0.2994909854590866,0.3258175849914551,0.298597572595731,1.2796249389648438,0.9282051282051282,1.1230340003967283,560,0.1176228523254394,0.0,1.070873498916626,0.0271637428431035,0.0209817886352539,2.961321863722145,0.002664566040039,0.05352030184690232,2.442046880722046,0.4666666666666667,0.0007293224334716,0,0,70,['cluster'],['intersecting']
figure_category_based_markersize60_parkinsons_abs_croped_umap.png,parkinsons_abs_croped_umap,195,2,60,0.3925079773928676,1.2873523235321045,0.3373764729386723,1.3098022937774658,0.4070668601441832,0.5027434825897217,0.384671644839236,1.2740488052368164,0.3797806678764621,0.3396658897399902,0.1975151746866779,1.2697739601135254,0.1802723043197384,1.253394365310669,0.1822123390134601,1.466949462890625,0.1937928496547073,0.3395302295684814,0.192379354250728,1.2619755268096924,0.1319594532412297,1.318559646606445,0.1229969974321735,0.3268263339996338,0.1173763175604102,1.466848611831665,0.1295222956161427,1.3098337650299072,0.1288157276249805,0.3220067024230957,0.7743589743589744,1.1071200370788574,5125,0.1210086345672607,0.0,1.0845975875854492,0.0271637428431035,0.020756721496582,2.961321863722145,0.0026350021362304,0.08833667077654031,3.8404693603515625,0.4666666666666667,0.0007171630859375,0,0,1449,['cluster'],['intersecting']
figure_category_based_markersize110_parkinsons_abs_croped_umap.png,parkinsons_abs_croped_umap,195,2,110,0.291577775181327,0.3337812423706054,0.2486788034657878,1.2989747524261477,0.2631389652860819,1.4695639610290527,0.2849075193462045,0.3516104221343994,0.2796262299077964,1.305534601211548,0.1577636601938807,0.3336338996887207,0.1429030141648605,1.296743631362915,0.1332561276101257,1.4743940830230713,0.1546368108259773,0.3372468948364258,0.1528220123694659,1.3548779487609863,0.1081364692343889,1.314924955368042,0.1002581185273592,1.3382418155670166,0.0892186623568699,0.507359504699707,0.1061163308067603,1.367753505706787,0.1051423273879137,0.3335161209106445,0.6923076923076923,1.126509428024292,8825,1.128798246383667,0.0,0.1172537803649902,0.0271637428431035,0.0206024646759033,2.961321863722145,0.0026552677154541,0.10618841609078124,4.20943808555603,0.4666666666666667,0.0008337497711181,0,0,3866,['cluster'],['intersecting']
figure_category_based_markersize160_parkinsons_abs_croped_umap.png,parkinsons_abs_croped_umap,195,2,160,0.2546163883603914,0.3530666828155517,0.2162862911831431,1.3893916606903076,0.2147120361406365,1.5346901416778564,0.2479909171023842,0.3574130535125732,0.2427267161988024,1.3650200366973877,0.1427832219154249,1.3605351448059082,0.1285767718347624,0.3584482669830322,0.1163734591078938,1.5196611881256104,0.1397855628211856,1.365070343017578,0.1378067591697901,0.4118585586547851,0.099208602673504,1.346364974975586,0.0914795275099935,0.3518412113189697,0.0798170688902183,1.5341074466705322,0.0973214845485215,1.4200892448425293,0.0962166035207914,0.3558900356292724,0.6,1.1449122428894043,11376,0.1274034976959228,0.0,1.1364259719848633,0.0271637428431035,0.020524263381958,2.961321863722145,0.0026566982269287,0.11755580939055,4.761117458343506,0.4666666666666667,0.0007381439208984,0,0,6495,['cluster'],['intersecting']
figure_ascending_markersize10_parkinsons_abs_croped_umap.png,parkinsons_abs_croped_umap,195,2,10,0.7573001942963564,0.6298189163208008,0.7796950583405671,0.5453357696533203,0.8020224834109304,0.7444581985473633,0.7532931174965916,0.5259130001068115,0.752450191743443,0.5529687404632568,0.4296932674534521,0.5598397254943848,0.4253901515535765,0.530693531036377,0.393985640630264,0.7295987606048584,0.4267067793744673,0.5359158515930176,0.4259867596100645,0.5981667041778564,0.2999397723453283,0.659048318862915,0.2924820187236605,0.5611922740936279,0.2611321073992517,0.7346072196960449,0.2976584825458659,0.5593788623809814,0.2970894164789566,0.5678722858428955,0.9282051282051282,0.3117470741271972,560,0.2189579010009765,0.0,0.4680242538452148,0.0271637428431035,0.0199761390686035,2.9613218637221443,0.0025584697723388,0.05352030184690232,1.9466562271118164,0.4666666666666667,0.0007061958312988,0,0,0,['cluster'],['intersecting']
figure_ascending_markersize60_parkinsons_abs_croped_umap.png,parkinsons_abs_croped_umap,195,2,60,0.3934619816576782,0.5986158847808838,0.4236717913380476,0.6765871047973633,0.3343917657455734,0.7682533264160156,0.388628297745349,0.687523603439331,0.390230402392581,0.6053509712219238,0.198033871602512,0.626640796661377,0.1983773286672606,0.6234827041625977,0.1453914183726047,0.8277795314788818,0.1900332136581181,0.6194581985473633,0.1907238132451405,0.6550130844116211,0.1323146723855258,0.5938432216644287,0.1295088576303237,0.6031181812286377,0.0928896173543538,0.7720139026641846,0.1257652311264541,0.6501526832580566,0.1262024113395773,0.6616888046264648,0.7743589743589744,0.3870916366577148,5125,0.365431547164917,0.0,0.2594478130340576,0.0271637428431035,0.0193629264831542,2.9613218637221443,0.0025277137756347,0.08833667077654025,2.4020793437957764,0.4666666666666667,0.0006425380706787,0,0,0,['cluster'],['intersecting']
figure_ascending_markersize110_parkinsons_abs_croped_umap.png,parkinsons_abs_croped_umap,195,2,110,0.2928529814285997,0.7169535160064697,0.3208142593713345,0.8367822170257568,0.1952829303460584,0.7777140140533447,0.2891769313902205,0.6936395168304443,0.2891322110464266,0.7393410205841064,0.1582263706534104,0.694566011428833,0.1590734112357186,0.741400957107544,0.0958588083072858,1.044689655303955,0.1499818754957215,0.6226778030395508,0.1503401660072653,0.7627832889556885,0.108395968442834,0.6008970737457275,0.1057558355871778,0.7296221256256104,0.0635193112422837,0.9374451637268066,0.1012468130675795,0.6143858432769775,0.1015791556299944,0.7557673454284668,0.6923076923076923,0.4513037204742431,8825,0.3023381233215332,0.0,0.471379280090332,0.0271637428431035,0.0192689895629882,2.9613218637221443,0.0025720596313476,0.10618841609078124,2.7139058113098145,0.4666666666666667,0.0006439685821533,0,0,0,['cluster'],['intersecting']
figure_ascending_markersize160_parkinsons_abs_croped_umap.png,parkinsons_abs_croped_umap,195,2,160,0.2560279864074661,0.6400153636932373,0.2831150761382116,0.8238651752471924,0.1447879643330717,0.8422563076019287,0.252660835339192,0.833946943283081,0.2520992079506391,0.6717851161956787,0.1432947862541684,0.8778805732727051,0.1438131461643719,0.8232042789459229,0.0757844648500761,1.0188438892364502,0.1352923700382673,0.6763505935668945,0.1353684432504875,0.6848430633544922,0.0994884410951928,0.8933055400848389,0.0963873831708402,0.6720986366271973,0.0513242119112575,0.859898567199707,0.0923793958201536,0.7032506465911865,0.0925257702883866,0.8921475410461426,0.6,0.5418682098388672,11376,0.3387362957000732,0.0,0.5402970314025879,0.0271637428431035,0.0194137096405029,2.9613218637221443,0.0025718212127685,0.11755580939055005,3.189385175704956,0.4666666666666667,0.0006508827209472,0,0,0,['cluster'],['intersecting']
figure_descending_markersize10_parkinsons_abs_croped_umap.png,parkinsons_abs_croped_umap,195,2,10,0.7390084283913578,0.485029935836792,0.6798256721282554,0.8712458610534668,0.9777064526335502,0.8866984844207764,0.7460892509947289,0.71085524559021,0.7429899124630612,0.7328159809112549,0.4222406622156283,0.712848424911499,0.3968636013821052,0.7320148944854736,0.4834699034342712,0.8890335559844971,0.4257829568409296,0.9270563125610352,0.4260887334024529,0.7661523818969727,0.2955545027370564,0.743030309677124,0.2802259029049816,0.7434847354888916,0.3211344757597419,1.1436538696289062,0.2978932993493747,0.5287413597106934,0.2986907176255995,0.9292244911193848,0.9282051282051282,0.6028461456298828,560,0.3659095764160156,0.0,0.3559293746948242,0.0271637428431035,0.0191485881805419,2.9613218637221443,0.0025608539581298,0.05352030184690231,2.356926679611206,0.4666666666666667,0.0006282329559326,0,0,97,['cluster'],['intersecting']
figure_descending_markersize60_parkinsons_abs_croped_umap.png,parkinsons_abs_croped_umap,195,2,60,0.3581948602672573,0.5459690093994141,0.332719906028554,0.7275958061218262,0.7435556874628135,1.1246609687805176,0.3733880109829678,0.7798917293548584,0.375471878649087,0.7801296710968018,0.1806042881895923,0.5406105518341064,0.1759384009513819,0.9980881214141846,0.2528664367171227,0.9551019668579102,0.184802495389881,0.8086163997650146,0.1887454594209758,0.5499768257141113,0.1207414831877938,0.9974260330200196,0.1195874146698097,0.805898904800415,0.1523362757009816,0.9876058101654052,0.1227869871357354,0.5756735801696777,0.1260562554224575,0.8132245540618896,0.7743589743589744,0.654834508895874,5125,0.4032754898071289,0.0,0.6724517345428467,0.0271637428431035,0.0193018913269042,2.9613218637221443,0.0025463104248046,0.08833667077654031,2.415260076522827,0.4666666666666667,0.0006508827209472,0,0,2245,['cluster'],['intersecting']
figure_descending_markersize110_parkinsons_abs_croped_umap.png,parkinsons_abs_croped_umap,195,2,110,0.2572340212076455,0.5619964599609375,0.2440779090629172,0.8351273536682129,0.6288672484019872,1.281916856765747,0.2725668305215999,0.6136975288391113,0.2749000469236233,0.8467717170715332,0.1373918227356888,0.848670482635498,0.1365570192300434,0.8448269367218018,0.2109268202722221,1.0224246978759766,0.1427533675121388,0.863304853439331,0.1469316139312548,1.1834661960601809,0.0937260139962629,0.6168203353881836,0.0947971148542313,0.880504846572876,0.1267137909403248,1.0578551292419434,0.0966991514112625,0.8876340389251709,0.1002597859546808,0.8819396495819092,0.6923076923076923,0.4238209724426269,8825,0.4081957340240478,0.0,0.7257194519042969,0.0271637428431035,0.0194125175476074,2.9613218637221443,0.0025966167449951,0.10618841609078124,2.678418636322021,0.4666666666666667,0.0006301403045654,0,0,6010,['cluster'],['intersecting']
figure_descending_markersize160_parkinsons_abs_croped_umap.png,parkinsons_abs_croped_umap,195,2,160,0.2212600735679402,0.61263108253479,0.2116791447373543,1.1983962059020996,0.5950173432568934,0.8044760227203369,0.2355202662793271,0.9299261569976808,0.2379720162344422,0.9473869800567628,0.121561085350643,0.6351420879364014,0.122328781717879,0.9372508525848388,0.1992370924044301,1.0891656875610352,0.1271131930666549,0.6410369873046875,0.1308127812441475,0.944349765777588,0.0838007643033299,0.9584290981292723,0.0860196466577641,0.6531214714050293,0.1196505987757045,1.0761702060699463,0.0870466800426313,0.9566812515258788,0.090196935778597,0.9498062133789062,0.6,0.4281694889068603,11376,0.4554882049560547,0.0,0.4474050998687744,0.0271637428431035,0.0194203853607177,2.9613218637221443,0.0024945735931396,0.11755580939054987,3.3960072994232178,0.4666666666666667,0.0006582736968994,1,0,9784,['cluster'],['intersecting']
figure_category_based_markersize10_ms_interleaved_400_800_3d_50_tsne.png,ms_interleaved_400_800_3d_50_tsne,1892,3,10,0.680979247875787,0.684535026550293,0.6663887409404383,1.0160138607025146,0.6601243810160384,0.9704313278198242,0.6809897759422915,1.0379226207733154,0.6752647611641627,1.0254740715026855,0.5447344298221428,0.7007484436035156,0.5391355851350342,1.032958984375,0.529068999287865,0.9732990264892578,0.5443480090923263,1.0033011436462402,0.5428619965687175,0.6895356178283691,0.4539181575501491,1.029995679855347,0.4526901682578096,1.0386805534362793,0.4414310907780249,0.9772093296051024,0.4533771134617333,1.056502342224121,0.4538694014140434,0.7111830711364746,0.9841437632135308,0.6809813976287842,3205,0.4983096122741699,0.0,0.8650200366973877,0.0304626732394076,0.1998322010040283,3.796545542657922,0.016756534576416,-,15.0,0.4603594080338266,0.0063004493713378,0,0,527,['cluster'],['intersecting']
figure_category_based_markersize60_ms_interleaved_400_800_3d_50_tsne.png,ms_interleaved_400_800_3d_50_tsne,1892,3,60,0.2274961849548401,0.8252325057983398,0.2262102760582625,1.137679100036621,0.2205185617510495,1.45068097114563,0.2297119837069773,0.8518428802490234,0.2302154763037667,1.2023098468780518,0.1585471656773905,0.8561434745788574,0.1583791781357779,1.178694248199463,0.1513418333134859,1.1261301040649414,0.1594987946873317,1.1970953941345217,0.1597038894352395,1.2199103832244873,0.1216713065755851,0.8383605480194092,0.1218433893262883,1.2068865299224854,0.1152027131450064,1.1429471969604492,0.1221597513586943,1.2402596473693848,0.122258058806084,0.8605923652648926,0.8239957716701902,0.7653279304504395,55830,0.574547529220581,0.0,0.5294215679168701,0.0304626732394076,0.2035639286041259,3.796545542657922,0.0173406600952148,-,15.0,0.4603594080338266,0.0059859752655029,9,0,19321,['cluster'],['intersecting']
figure_category_based_markersize110_ms_interleaved_400_800_3d_50_tsne.png,ms_interleaved_400_800_3d_50_tsne,1892,3,110,0.1675235047711,0.9726507663726808,0.1673633735411313,0.982963800430298,0.1579565430812288,1.2654945850372314,0.16990042532149,1.3656234741210938,0.1706361201521681,1.3800015449523926,0.1153131682784861,0.995638370513916,0.1154624109691453,0.9746482372283936,0.1076585223433789,1.7074270248413086,0.1163821507513955,1.0180318355560305,0.1165932395798612,1.0017480850219729,0.0879139325338907,1.3788321018218994,0.0881318820905797,0.9995450973510742,0.0816566403671512,1.6600701808929443,0.0885036790657481,1.422145128250122,0.0885486314863838,1.0444841384887695,0.607293868921776,0.7379729747772217,94278,0.6436862945556641,0.0,0.5556769371032715,0.0304626732394076,0.2047066688537597,3.796545542657922,0.0173070430755615,-,15.0,0.4603594080338266,0.005911111831665,74,0,49934,['cluster'],['intersecting']
figure_category_based_markersize160_ms_interleaved_400_800_3d_50_tsne.png,ms_interleaved_400_800_3d_50_tsne,1892,3,160,0.1479897814390977,0.7170009613037109,0.1479254660273733,1.1329905986785889,0.1366366098063977,1.3764142990112305,0.1504672426847435,1.5026345252990725,0.1511411212485877,1.142080545425415,0.1013508460843032,1.543931484222412,0.1014574010276639,1.1349546909332275,0.0931913289473445,1.4344096183776855,0.102463780358357,1.5627985000610352,0.1026265922059217,1.1752870082855225,0.0770641137020228,1.1629126071929932,0.0772049010563683,1.124100923538208,0.0707086492909722,1.8399176597595213,0.0776811998763943,1.1614670753479004,0.0776892524368734,1.610473394393921,0.4978858350951374,0.7767224311828613,117000,0.6992092132568359,0.0,0.5904943943023682,0.0304626732394076,0.1963725090026855,3.796545542657922,0.0169339179992675,-,15.0,0.4603594080338266,0.0061323642730712,126,0,80373,['cluster'],['intersecting']
figure_ascending_markersize10_ms_interleaved_400_800_3d_50_tsne.png,ms_interleaved_400_800_3d_50_tsne,1892,3,10,0.7286180488812769,0.7948088645935059,0.6767965511587795,1.234410047531128,0.6109491397284126,1.0649299621582031,0.7265001028875324,0.7939584255218506,0.694847212804424,1.2379021644592283,0.5754959861291965,0.8016581535339355,0.5465048976414448,0.8151867389678955,0.4952603541209581,1.090662956237793,0.5731700335718077,0.7938456535339355,0.5553988075924635,1.236090898513794,0.4755559569312424,0.8050236701965332,0.4582803066283712,0.8107383251190186,0.4164094341097476,1.538811206817627,0.4732823464319341,0.8299047946929932,0.4625666311997162,0.8433067798614502,0.9841437632135308,0.7967028617858887,3205,0.6411302089691162,0.0,0.6063649654388428,0.0304626732394076,0.2012593746185302,3.796545542657922,0.0170819759368896,-,15.0,0.4603594080338266,0.0059304237365722,0,0,0,['cluster'],['intersecting']
figure_ascending_markersize60_ms_interleaved_400_800_3d_50_tsne.png,ms_interleaved_400_800_3d_50_tsne,1892,3,60,0.2863588870711034,0.9509949684143066,0.2378476002506322,1.399704933166504,0.1691476411260761,1.2360997200012207,0.2840888859229098,0.9561376571655272,0.2530589366459961,1.4344871044158936,0.1888415585973943,0.9593403339385986,0.1674258207561803,0.930793046951294,0.1242763520367201,1.2215468883514404,0.1869878424487779,0.9655160903930664,0.172213142118797,0.9574832916259766,0.1408695208583691,1.4261109828948977,0.1291786739240102,0.9849565029144288,0.098220525509615,1.2357337474822998,0.139356168003783,0.9459187984466552,0.1305164933360691,1.4472143650054932,0.8239957716701902,0.9124078750610352,55830,0.1743206977844238,0.0,0.6462414264678955,0.0304626732394076,0.2031092643737793,3.796545542657922,0.0173664093017578,-,15.0,0.4603594080338266,0.0059754848480224,6,0,0,['cluster'],['intersecting']
figure_ascending_markersize110_ms_interleaved_400_800_3d_50_tsne.png,ms_interleaved_400_800_3d_50_tsne,1892,3,110,0.2215747957151012,0.5827856063842773,0.1784892182616191,1.5882084369659424,0.1122419709124177,1.3970770835876465,0.21930350203245,1.1168761253356934,0.191348566524555,1.1020078659057615,0.1427607926109289,1.102126121520996,0.1242013338128732,1.5840091705322266,0.0836104755651855,1.424283742904663,0.141064511014949,1.1267106533050537,0.1282956334026388,1.1144778728485107,0.1053041710717157,1.103342056274414,0.0952353076019449,1.103656530380249,0.0666172616854897,1.419849872589111,0.1039715065937829,1.1295733451843262,0.0964978020061607,1.1075336933135986,0.607293868921776,0.8809666633605957,94278,0.7765088081359863,0.0,0.6916728019714355,0.0304626732394076,0.2057793140411377,3.796545542657922,0.0170857906341552,-,15.0,0.4603594080338266,0.0060193538665771,50,0,0,['cluster'],['intersecting']
figure_ascending_markersize160_ms_interleaved_400_800_3d_50_tsne.png,ms_interleaved_400_800_3d_50_tsne,1892,3,160,0.200486802531474,0.6890006065368652,0.1593095502114843,1.254421949386597,0.0920472892396779,1.523761749267578,0.198069379498383,1.2660019397735596,0.1711899952143958,1.267316818237305,0.127863333960962,1.244113206863403,0.1101544067043206,1.2372398376464844,0.069373047634347,1.5005826950073242,0.126226593840413,1.2276418209075928,0.1142305674356438,1.3094024658203125,0.0938628594355408,1.223266839981079,0.0841804368540459,1.7758305072784424,0.0556617483571075,1.5512676239013672,0.0926287375883254,1.2721312046051023,0.0857119427965229,1.2571799755096436,0.4978858350951374,0.8708133697509766,117000,0.8238251209259033,0.0,0.134855031967163,0.0304626732394076,0.2051794528961181,3.796545542657922,0.0174899101257324,-,15.0,0.4603594080338266,0.0057291984558105,87,0,0,['cluster'],['intersecting']
figure_descending_markersize10_ms_interleaved_400_800_3d_50_tsne.png,ms_interleaved_400_800_3d_50_tsne,1892,3,10,0.6227782436581168,1.4391145706176758,0.6548498004198959,0.3621656894683838,0.7702631318501201,1.1814947128295898,0.6236235757131812,0.9146938323974608,0.6471159728270512,0.9106495380401612,0.5057751834747986,0.9118080139160156,0.5307229006657037,0.9221107959747314,0.5998981280462741,1.217792272567749,0.5063890157178432,0.955000638961792,0.5240878499737028,0.945148468017578,0.4257822937869354,0.957301139831543,0.4461542758615704,0.9171185493469238,0.4912455766366038,0.6512501239776611,0.4262572191123058,1.5225276947021484,0.4403664467270204,0.9559149742126464,0.9841437632135308,0.3082261085510254,3205,0.7426259517669678,0.0,0.6904213428497314,0.0304626732394076,0.203510046005249,3.796545542657922,0.0173389911651611,-,15.0,0.4603594080338266,0.0062718391418457,0,0,1375,['cluster'],['intersecting']
figure_descending_markersize60_ms_interleaved_400_800_3d_50_tsne.png,ms_interleaved_400_800_3d_50_tsne,1892,3,60,0.1809558517716498,0.473010778427124,0.2161617798896605,1.0748531818389893,0.3524858089491983,1.31306791305542,0.1818137075892313,1.6180906295776367,0.2043356346505708,0.4958107471466064,0.1332861579214226,1.6270248889923096,0.1508925609154283,1.089339017868042,0.2110763957080456,0.7846810817718506,0.1340502153932428,1.637094020843506,0.1465473366849489,1.066972017288208,0.1054952550050215,0.4954781532287597,0.115897696669021,1.6556100845336914,0.1506421417912712,1.3737096786499023,0.1061610939003618,0.5001058578491211,0.1142392560229006,1.676616907119751,0.8239957716701902,0.3814496994018554,55830,0.7925746440887451,0.0,0.7536401748657227,0.0304626732394076,0.2010486125946045,3.796545542657922,0.0173180103302001,-,15.0,0.4603594080338266,0.0061457157135009,3,0,46244,['cluster'],['intersecting']
figure_descending_markersize110_ms_interleaved_400_800_3d_50_tsne.png,ms_interleaved_400_800_3d_50_tsne,1892,3,110,0.1260893759293503,0.6173825263977051,0.1579788729923522,1.2466106414794922,0.2837312481524885,1.4928936958312988,0.1264715077577245,1.2106456756591797,0.146891951206449,1.232870101928711,0.0928127325854666,1.2218592166900637,0.1084087347716478,0.6112790107727051,0.1611778312605177,2.094398021697998,0.0932786681266665,0.6222126483917236,0.1046235173251336,1.2209711074829102,0.0734328408487985,1.8551926612854004,0.0825168457399752,0.6055781841278076,0.112559471652846,1.4761247634887695,0.0738868381861487,1.8337161540985107,0.0812450904814963,0.6366136074066162,0.607293868921776,0.9749875068664552,94278,0.8808867931365967,0.0,0.8013875484466553,0.0304626732394076,0.2013719081878662,3.796545542657922,0.0171668529510498,-,15.0,0.4603594080338266,0.005852460861206,52,0,121248,['cluster'],['intersecting']
figure_descending_markersize160_ms_interleaved_400_800_3d_50_tsne.png,ms_interleaved_400_800_3d_50_tsne,1892,3,160,0.10767485315506,0.6929318904876709,0.1386328646839678,1.348137378692627,0.2620339166393711,1.611861228942871,0.1080017408057606,1.364527463912964,0.1279123524617645,1.359243869781494,0.0793269637269971,1.3479416370391846,0.0945529128608417,1.4052975177764893,0.1452231461318572,1.6638729572296145,0.079690033395962,0.724982500076294,0.0907957304077226,1.333324670791626,0.0627947871681917,1.3475556373596191,0.0717417717306261,1.3595333099365234,0.1004458847086121,1.6410791873931885,0.0631387617604944,2.02577543258667,0.070374887222131,0.7153103351593018,0.4978858350951374,0.9842569828033448,117000,0.9433717727661132,0.0,0.8234848976135254,0.0304626732394076,0.2020866870880127,3.796545542657922,0.0169789791107177,-,15.0,0.4603594080338266,0.0059015750885009,102,0,199335,['cluster'],['intersecting']
figure_category_based_markersize10_twosquare-noName_tsne.png,twosquare-noName_tsne,968,4,10,1.0,1.0312275886535645,1.0,1.0202350616455078,1.0,0.6967732906341553,1.0,1.6434075832366943,1.0,0.3403143882751465,1.0,1.010481834411621,1.0,1.0018815994262695,1.0,1.3515450954437256,1.0,1.0028388500213623,1.0,0.9963290691375732,1.0,1.0437238216400146,1.0,1.0087897777557373,1.0,1.3508784770965576,1.0,1.025991439819336,1.0,1.01975679397583,1.0,0.8937981128692627,0,0.1358904838562011,0.0,0.8235740661621094,0.0294714162120531,0.0969913005828857,8.773577577908025,0.0091748237609863,-,15.0,0.1363636363636363,0.0040688514709472,0,0,0,['cluster'],['intersecting']
figure_category_based_markersize60_twosquare-noName_tsne.png,twosquare-noName_tsne,968,4,60,0.7990364886321758,1.1299872398376465,0.8471633493447368,0.412337064743042,1.2127473298721791,1.4423198699951172,0.8580242690594231,1.0953726768493652,0.8751287722576406,1.0811426639556885,0.5527652541349646,1.1192190647125244,0.5819012928202236,1.1131854057312012,0.7046777088102083,1.5135529041290283,0.5821429679696974,1.1386220455169678,0.58849408787694,1.1757395267486572,0.4225354868512704,0.4285991191864013,0.4431447228845048,1.1057898998260498,0.4966222638126105,1.4979758262634275,0.4405065181173617,1.1227095127105713,0.4432985954772962,1.117947340011597,1.0,1.4028067588806152,10610,0.9367187023162842,0.0,0.1288776397705078,0.0294714162120531,0.1003572940826416,8.773577577908025,0.0095822811126708,-,15.0,0.1363636363636363,0.0042481422424316,0,0,44,['cluster'],['intersecting']
figure_category_based_markersize110_twosquare-noName_tsne.png,twosquare-noName_tsne,968,4,110,0.5966223057861257,0.4865391254425049,0.6736026564594375,1.2037155628204346,1.7558867685707913,1.5686378479003906,0.7012376474092534,1.221311330795288,0.7259007017613512,1.485107183456421,0.2799354724821172,1.2309889793395996,0.2913392703057946,0.4934532642364502,0.3330977538324006,1.620891809463501,0.298591158062693,1.2952914237976074,0.2995346657377064,1.2038044929504397,0.1828688008421742,1.2161548137664795,0.1858634509385797,1.2543063163757324,0.184001759998953,1.6603050231933594,0.1896787481994543,0.5321626663208008,0.1886997315212123,1.2650940418243408,0.9710743801652892,1.2755014896392822,56385,1.039618730545044,0.0,0.1336336135864257,0.0294714162120531,0.1021506786346435,8.773577577908025,0.0097270011901855,-,15.0,0.1363636363636363,0.0043368339538574,0,0,177,['cluster'],['intersecting']
figure_category_based_markersize160_twosquare-noName_tsne.png,twosquare-noName_tsne,968,4,160,0.5187292656908078,1.3687050342559814,0.6033679979626503,0.5569052696228027,2.3229847964696795,1.7076349258422852,0.6289189548101526,1.3455207347869873,0.6569520986727562,1.3596665859222412,0.2137085545119817,0.5773553848266602,0.2210107308525501,1.3195979595184326,0.2456891440243219,1.692145586013794,0.2271323287276738,1.3749988079071045,0.2279787046725473,1.3040544986724854,0.1345758842690475,1.415377140045166,0.1352819156896982,1.387587308883667,0.1297035843174186,0.9787797927856444,0.1385922706106674,1.3498356342315674,0.1379202251884373,1.328718900680542,0.8853305785123967,1.192812442779541,99387,0.185615062713623,0.0,0.9802274703979492,0.0294714162120531,0.1020910739898681,8.773577577908025,0.0095207691192626,-,15.0,0.1363636363636363,0.0043544769287109,2,0,725,['cluster'],['intersecting']
figure_ascending_markersize10_twosquare-noName_tsne.png,twosquare-noName_tsne,968,4,10,1.0,1.1985549926757812,1.0,1.2146806716918943,1.0,0.7416172027587891,1.0,1.181663990020752,1.0,1.177612543106079,1.0,1.184539794921875,1.0,1.2004849910736084,1.0,0.741966962814331,1.0,1.1780476570129397,1.0,1.1906042098999023,1.0,1.213907241821289,1.0,0.3607189655303955,1.0,1.553731918334961,1.0,1.200671911239624,1.0,1.2330200672149658,1.0,0.1968491077423095,0,1.0071113109588623,0.0,1.0082337856292725,0.0294714162120531,0.1002969741821289,8.773577577908025,0.0095124244689941,-,15.0,0.1363636363636363,0.004488468170166,0,0,0,['cluster'],['intersecting']
figure_ascending_markersize60_twosquare-noName_tsne.png,twosquare-noName_tsne,968,4,60,0.8245149198255092,0.4109680652618408,0.8842326132142427,1.3079679012298584,1.1450996151091637,1.6395835876464844,0.8583272675355981,0.4260575771331787,0.8752942773453807,1.2472083568572998,0.5715067155738882,1.266847848892212,0.6015386138948183,0.4111738204956054,0.6144419177274356,1.6058592796325684,0.5848609710242485,1.255321025848389,0.5896938635726181,1.3017408847808838,0.4373138759084454,1.2856392860412598,0.4558127775992754,0.4166007041931152,0.4198681982480999,1.6299006938934326,0.4435456562877546,1.2745764255523682,0.4446188514081747,1.257061004638672,1.0,0.4515018463134765,10610,1.0422024726867676,0.0,0.1295816898345947,0.0294714162120531,0.1011562347412109,8.773577577908025,0.0095760822296142,-,15.0,0.1363636363636363,0.0043928623199462,0,0,0,['cluster'],['intersecting']
figure_ascending_markersize110_twosquare-noName_tsne.png,twosquare-noName_tsne,968,4,110,0.6398428883498899,0.4916355609893799,0.7380122161115901,1.4163424968719482,1.463434354605323,1.7577242851257324,0.7026047363457385,0.4946670532226562,0.726491333732439,1.339003086090088,0.3002796049076148,1.375235080718994,0.3080568978737977,0.5001716613769531,0.2588039576197348,1.7464478015899658,0.302580825585372,1.3595468997955322,0.3012572824044441,1.3973007202148438,0.1961716959217009,0.4935598373413086,0.1946541724851525,1.3676199913024902,0.1419540520756506,1.7380931377410889,0.1928071810410939,1.3942017555236816,0.1900286367996722,0.4950594902038574,0.9710743801652892,1.3453021049499512,56385,1.0863358974456787,0.0,0.1273903846740722,0.0294714162120531,0.0997228622436523,8.773577577908025,0.0095157623291015,-,15.0,0.1363636363636363,0.0043294429779052,0,0,0,['cluster'],['intersecting']
figure_ascending_markersize160_twosquare-noName_tsne.png,twosquare-noName_tsne,968,4,160,0.5662959973642732,0.5694875717163086,0.6719209145013432,1.4400653839111328,1.725274881092691,0.918907642364502,0.6316786865050847,1.3994193077087402,0.6581805665688159,1.4327034950256348,0.2362786176343579,1.4305968284606934,0.2372854828045584,0.5569517612457275,0.1786041972296556,1.7730722427368164,0.2316517117036092,1.406698226928711,0.2299491006252165,1.408334493637085,0.1492822029086463,0.5705866813659668,0.144084012668428,1.471968650817871,0.0941767914596144,1.801354169845581,0.1418325540544852,0.5586082935333252,0.1393099715413562,1.4467315673828125,0.8853305785123967,1.3097784519195557,99387,0.1899640560150146,0.0,1.1224112510681152,0.0294714162120531,0.099175214767456,8.773577577908025,0.0099852085113525,-,15.0,0.1363636363636363,0.004220962524414,2,0,0,['cluster'],['intersecting']
figure_descending_markersize10_twosquare-noName_tsne.png,twosquare-noName_tsne,968,4,10,1.0,0.3486659526824951,1.0,0.3515658378601074,1.0,1.6549279689788818,1.0,1.299044847488403,1.0,0.3546755313873291,1.0,1.2624917030334473,1.0,1.3249835968017578,1.0,1.702214241027832,1.0,0.3620634078979492,1.0,1.269047737121582,1.0,1.3124656677246094,1.0,0.3600339889526367,1.0,1.635213851928711,1.0,1.31632661819458,1.0,0.3511767387390136,1.0,1.1562848091125488,0,0.1338319778442382,0.0,1.0713443756103516,0.0294714162120531,0.100123643875122,8.773577577908027,0.0096254348754882,-,15.0,0.1363636363636363,0.0041608810424804,0,0,0,['cluster'],['intersecting']
figure_descending_markersize60_twosquare-noName_tsne.png,twosquare-noName_tsne,968,4,60,0.7984262610970234,0.737147331237793,0.8469985514682831,0.6504867076873779,1.2112025006324665,1.08998703956604,0.8154699265255931,0.6911149024963379,0.8388394075776306,0.6063413619995117,0.5466531872517109,0.6628818511962891,0.5804949253210983,0.7055563926696777,0.7790859401318747,1.0845839977264404,0.5586279805721104,0.6805336475372314,0.569876360901671,0.6935751438140869,0.4155994446883895,0.6698276996612549,0.4415603047445966,0.7500174045562744,0.5742225360939301,1.1458146572113037,0.4248244656837643,0.721193790435791,0.4315162393220588,0.7448844909667969,1.0,0.6577229499816895,10610,0.2765250205993652,0.0,0.5086100101470947,0.0294714162120531,0.0986523628234863,8.773577577908027,0.0093626976013183,-,15.0,0.1363636363636363,0.0045249462127685,0,0,1111,['cluster'],['intersecting']
figure_descending_markersize110_twosquare-noName_tsne.png,twosquare-noName_tsne,968,4,110,0.5932002418261513,0.5684661865234375,0.6728919579321705,0.7759370803833008,1.685285424806202,1.2881951332092283,0.6255871435521896,0.819713830947876,0.6608549470862344,0.8047282695770264,0.2718287794553357,0.8189384937286377,0.2895762754915835,0.8102648258209229,0.4028232213792305,1.1950762271881104,0.2791685323011625,0.8254692554473877,0.2853195566420304,0.9527935981750488,0.1763108315818694,0.8443169593811035,0.1844841293871508,0.8546977043151855,0.2287499439997938,1.2280128002166748,0.1796740850853392,0.7548611164093018,0.1819341937871021,0.8540210723876953,0.9710743801652892,0.7325911521911621,56385,0.4915931224822998,0.0,0.2918570041656494,0.0294714162120531,0.0964410305023193,8.773577577908027,0.0090448856353759,-,15.0,0.1363636363636363,0.0042610168457031,0,0,5972,['cluster'],['intersecting']
figure_descending_markersize160_twosquare-noName_tsne.png,twosquare-noName_tsne,968,4,160,0.5124997992175808,0.973081350326538,0.6020827589902391,0.9813838005065918,2.066671811190158,1.218952178955078,0.5478540890038883,1.0097084045410156,0.5873003411335094,0.8530681133270264,0.2048560879681572,1.008615016937256,0.219092218526491,1.0004534721374512,0.3107539942676173,1.3049750328063965,0.2128473413688036,1.0068426132202148,0.2184316690248572,0.9900062084197998,0.128012600980519,1.022357940673828,0.1339104891756116,1.0305395126342771,0.1680082307147145,1.4176793098449707,0.1320811632628756,0.8735907077789307,0.134165604569907,0.8840615749359131,0.8853305785123967,0.7634565830230713,99387,0.5555970668792725,0.0,0.3338775634765625,0.0294714162120531,0.0976274013519287,8.773577577908027,0.0093388557434082,-,15.0,0.1363636363636363,0.0041708946228027,0,0,12599,['cluster'],['intersecting']
figure_category_based_markersize10_swissroll_umap.png,swissroll_umap,1809,16,10,1.0,0.390542984008789,1.0,0.9434056282043456,1.0,2.11763334274292,1.0,0.9550180435180664,1.0,0.7231032848358154,0.6058771714719152,0.7843942642211914,0.657770961040028,0.9848415851593018,0.7644435449463316,2.1802985668182373,0.5842679096820971,0.9624412059783936,0.631582764753958,0.9830949306488036,0.4345938242124622,0.7834823131561279,0.4900586576115971,0.7673311233520508,0.6187038575369077,2.17679214477539,0.4126966632160606,1.015340805053711,0.4615425386982935,0.7807588577270508,0.9601990049751244,0.5250704288482666,2639,0.6183276176452637,0.0,0.3915274143218994,0.0290815318690275,0.1939144134521484,4.503232066515979,0.0164482593536376,-,15.0,0.2133775566611387,0.0267651081085205,0,0,0,['cluster'],['intersecting']
figure_category_based_markersize60_swissroll_umap.png,swissroll_umap,1809,16,60,0.8676291169826506,0.9404473304748536,0.8918341511808623,1.1671311855316162,1.0030306411796202,2.3141114711761475,0.8857073885545589,0.7388992309570312,0.8913071222059153,1.1832168102264404,0.2404949930344414,0.9784774780273438,0.2516888791793918,0.9983313083648682,0.2772242099328156,2.1050567626953125,0.2380424530181287,1.227696657180786,0.2496393973805576,0.991969347000122,0.1395943201782767,1.0078418254852295,0.1465194209060211,1.0049314498901367,0.1608389717425257,2.112590074539185,0.1374982162618568,0.9963316917419434,0.1451461341974298,1.2367794513702393,0.8485351022664456,0.6622092723846436,55967,0.7548887729644775,0.0,0.4248628616333008,0.0290815318690275,0.2022542953491211,4.503232066515979,0.0166029930114746,-,15.0,0.2133775566611387,0.0271153450012207,0,0,709,['cluster'],['intersecting']
figure_category_based_markersize110_swissroll_umap.png,swissroll_umap,1809,16,110,0.5714267733869647,0.8646233081817627,0.6160481473452362,1.142338752746582,0.8079384151539399,2.479336738586426,0.6084789745969612,0.882575511932373,0.615263165966379,1.3878252506256104,0.1608668942447384,0.8937039375305176,0.164420237791277,1.160637140274048,0.1750471734947549,2.544174671173096,0.1639810121753351,1.1700847148895264,0.1649126730056714,1.1623733043670654,0.0936098775745015,1.2350878715515137,0.0948703328344324,1.2102546691894531,0.0981568745908143,2.2648191452026367,0.0947589587520659,1.2134113311767578,0.0952171478391195,1.2124347686767578,0.4516307352128247,0.539649486541748,109060,0.8756406307220459,0.0,0.4832725524902344,0.0290815318690275,0.2023015022277832,4.503232066515979,0.0166671276092529,-,15.0,0.2133775566611387,0.0269935131072998,0,0,6012,['cluster'],['intersecting']
figure_category_based_markersize160_swissroll_umap.png,swissroll_umap,1809,16,160,0.407645559134656,1.0030429363250732,0.446522345775849,1.030259132385254,0.6193160624186802,2.6785614490509038,0.4417986979665741,1.02435040473938,0.4447063144579515,1.3020038604736328,0.1393926892775225,1.3352675437927246,0.1431924394630789,1.3552017211914062,0.1553687041853758,2.3956801891326904,0.1435420643771205,1.364230394363403,0.1434565756602041,1.0118553638458252,0.084070044140475,1.3440964221954346,0.0852682962388011,1.3831291198730469,0.0888263484806548,2.376196384429932,0.0856918320038434,1.3602745532989502,0.0855225247763211,1.033904790878296,0.1719181868435599,1.015655517578125,121774,0.6026334762573242,0.0,0.5387625694274902,0.0290815318690275,0.2028875350952148,4.503232066515979,0.0168149471282959,-,15.0,0.2133775566611387,0.0267834663391113,0,0,16845,['cluster'],['intersecting']
figure_ascending_markersize10_swissroll_umap.png,swissroll_umap,1809,16,10,1.0,1.0729811191558838,1.0,1.0995440483093262,1.0,2.1082842350006104,1.0,1.118220329284668,1.0,0.7407779693603516,0.6094475932728762,1.1068105697631836,0.6585483660919295,0.760035514831543,0.728246838311129,2.4837210178375244,0.5867457972838088,0.7678220272064209,0.6331003823856489,1.0947229862213137,0.4382773280061437,1.1474580764770508,0.4909221841814534,0.8040680885314941,0.5726322216050378,2.135511636734009,0.4151735732723228,1.1486601829528809,0.4631652348331171,0.7421450614929199,0.9601990049751244,1.1082794666290283,2639,0.5713863372802734,0.0,0.5688838958740234,0.0290815318690275,0.2040047645568847,4.503232066515979,0.0167086124420166,-,15.0,0.2133775566611387,0.0267753601074218,0,0,0,['cluster'],['intersecting']
figure_ascending_markersize60_swissroll_umap.png,swissroll_umap,1809,16,60,0.8853206572423395,0.9268302917480468,0.8941194039063972,1.3408846855163574,0.9342967007243098,2.286715507507324,0.8980331120845724,0.9140951633453368,0.8965515252066014,1.2947521209716797,0.2527299222355033,0.9318733215332032,0.2534289286008392,0.9109137058258056,0.2341690866089086,2.679905414581299,0.2511252403601828,0.8969123363494873,0.2545504961622958,1.3336751461029053,0.1474045336248547,0.9586193561553956,0.1476376492243881,0.9541018009185792,0.1338596122462764,2.305649995803833,0.1459724245049392,1.3522136211395264,0.1483326877238334,0.92130708694458,0.8485351022664456,0.8438131809234619,55967,1.095947027206421,0.0,0.1499524116516113,0.0290815318690275,0.203582763671875,4.503232066515979,0.0165224075317382,-,15.0,0.2133775566611387,0.0266261100769042,0,0,0,['cluster'],['intersecting']
figure_ascending_markersize110_swissroll_umap.png,swissroll_umap,1809,16,110,0.6116445141247947,1.0741770267486572,0.6221438582514327,1.0631003379821775,0.6339257151528968,2.8924715518951416,0.654829190265886,1.1006135940551758,0.634693942803193,1.0722191333770752,0.1778489680496401,1.5658485889434814,0.1664008564964849,1.1033821105957031,0.12726364532015,2.427725076675415,0.1810967482524875,1.0884850025177002,0.1710220790517458,1.5334815979003906,0.1040522070959422,1.1198651790618896,0.0960446543308418,1.1235463619232178,0.0707316862713531,2.469985008239746,0.1050783879463048,1.0794198513031006,0.0988256162127271,1.5243546962738037,0.4516307352128247,0.7351138591766357,109060,0.7327733039855957,0.0,0.1517724990844726,0.0290815318690275,0.2118020057678222,4.503232066515979,0.0166888236999511,-,15.0,0.2133775566611387,0.027092695236206,0,0,0,['cluster'],['intersecting']
figure_ascending_markersize160_swissroll_umap.png,swissroll_umap,1809,16,160,0.4565297501979275,0.707758903503418,0.4541831045713914,1.6759817600250244,0.4009870285485968,2.586696147918701,0.507353012302509,1.326998233795166,0.4720968911316248,1.2232732772827148,0.1599995267337889,1.2391557693481443,0.1454737830631272,1.218034267425537,0.0961327119874803,3.0810842514038086,0.1643017756094834,1.2573258876800537,0.151106573862693,1.2457094192504885,0.0969969810191265,1.2747135162353516,0.0866068821326319,1.2805750370025637,0.0546127976113188,3.166576862335205,0.0980227943129202,1.2866179943084717,0.0899484230668608,1.308549165725708,0.1719181868435599,0.7931919097900391,121774,0.2440536022186279,0.0,0.6873025894165039,0.0290815318690275,0.2090415954589843,4.503232066515979,0.0166606903076171,-,15.0,0.2133775566611387,0.0262811183929443,0,0,0,['cluster'],['intersecting']
figure_descending_markersize10_swissroll_umap.png,swissroll_umap,1809,16,10,1.0,0.3887438774108886,1.0,0.9581549167633056,1.0,2.3162291049957275,1.0,0.9586231708526612,1.0,0.9469079971313475,0.599579601413351,0.9505672454833984,0.6567078685401302,0.945815086364746,0.819940492909663,2.398576498031616,0.5808689969399278,1.0060031414031982,0.629443379787965,0.9525296688079834,0.4281425791986939,0.9627242088317872,0.4888794128693585,0.4123120307922363,0.6948297844160278,2.851104259490967,0.4093131611439676,0.9604332447052002,0.4592611282929599,0.9327347278594972,0.9601990049751244,0.9268436431884766,2639,0.7423193454742432,0.0,0.1463241577148437,0.0290815318690275,0.2077102661132812,4.503232066515979,0.0169374942779541,-,15.0,0.2133775566611387,0.0264580249786376,0,0,0,['cluster'],['intersecting']
figure_descending_markersize60_swissroll_umap.png,swissroll_umap,1809,16,60,0.8435414307373772,0.4957289695739746,0.8899136714372383,1.0705928802490234,1.042133076835419,2.996779203414917,0.8690970567033853,1.0732107162475586,0.8847287798640572,0.5078084468841553,0.2262793256243018,1.6230905055999756,0.2495581710649671,1.113269567489624,0.3268136713340019,2.462697744369507,0.2230297578298655,1.1259379386901855,0.2433950668639911,0.5056819915771484,0.1306650630279907,1.653470516204834,0.1451282116511407,1.1104259490966797,0.1937937669906826,2.4479870796203613,0.1279296898542756,0.5251126289367676,0.1411073409761618,1.6544442176818848,0.8485351022664456,1.008901596069336,55967,0.1810719966888427,0.0,0.7499299049377441,0.0290815318690275,0.2069144248962402,4.503232066515979,0.016573429107666,-,15.0,0.2133775566611387,0.026656150817871,0,0,1623,['cluster'],['intersecting']
figure_descending_markersize110_swissroll_umap.png,swissroll_umap,1809,16,110,0.5161207291874875,1.23943829536438,0.6096471350530228,1.2360656261444092,0.9979344021129384,2.612668037414551,0.5432384619528565,1.2518880367279053,0.590287816376531,1.2259771823883057,0.1421741427279504,1.2607855796813965,0.1617572391522713,1.271646499633789,0.2262655998298367,2.622124195098877,0.1439718944232126,1.2347593307495115,0.1573136845795871,1.8533058166503904,0.0824421040143568,0.633307933807373,0.0932495359848792,1.2779574394226074,0.1275982240108888,3.2385661602020264,0.0829821253408578,0.6379845142364502,0.0907493448010882,1.8751134872436523,0.4516307352128247,0.2361891269683838,109060,0.8794736862182617,0.0,0.803457498550415,0.0290815318690275,0.2079696655273437,4.503232066515979,0.0165872573852539,-,15.0,0.2133775566611387,0.0269913673400878,0,0,14260,['cluster'],['intersecting']
figure_descending_markersize160_swissroll_umap.png,swissroll_umap,1809,16,160,0.342854412091056,0.7734639644622803,0.4386910124647943,1.422217845916748,0.8925690590758403,2.7226808071136475,0.3644436763177946,1.3840198516845703,0.4153527256304747,1.3703138828277588,0.115989895290102,1.446735382080078,0.1397965188683947,1.4169766902923584,0.2156300598201402,2.750872850418091,0.120055036618228,0.7488455772399902,0.1345541944404273,1.3989012241363523,0.0698022223617012,1.3999106884002686,0.0831462601928413,1.3974690437316897,0.1226274172855945,2.728170871734619,0.071864284720995,1.399601936340332,0.0802806155390615,1.3359954357147217,0.1719181868435599,0.914419651031494,121774,0.9465034008026124,0.0,0.8624534606933594,0.0290815318690275,0.2071659564971923,4.503232066515979,0.0164947509765625,-,15.0,0.2133775566611387,0.026041030883789,0,0,36700,['cluster'],['intersecting']
figure_category_based_markersize10_n100-d5-c3-spr0.1-out0_pca.png,n100-d5-c3-spr0.1-out0_pca,100,3,10,1.0,1.001821756362915,1.0,0.3292591571807861,1.0,1.1945254802703855,1.0,0.9620187282562256,1.0,0.9867517948150636,0.9611715551810064,0.9694833755493164,0.93963128371615,0.9996652603149414,0.9119886301727228,1.2273473739624023,0.9694417652283636,1.000288009643555,0.9505427616185772,0.9990291595458984,0.9252457034409388,0.9991493225097656,0.8861363686861355,0.3081343173980713,0.8382160843755723,1.250294208526611,0.9406957632463968,0.9764835834503174,0.9057470155569168,0.9924471378326416,1.0,0.8493185043334961,22,0.8452239036560059,0.0,0.1109755039215087,0.0296488842718103,0.0107579231262207,23.06230044924417,0.0017755031585693,0.014888285831296642,1.44248628616333,0.01,0.0005805492401123,0,0,0,['cluster'],['separated']
figure_category_based_markersize60_n100-d5-c3-spr0.1-out0_pca.png,n100-d5-c3-spr0.1-out0_pca,100,3,60,1.0,1.036186933517456,1.0,1.0150232315063477,1.0,0.5510501861572266,1.0,1.0032634735107422,1.0,1.0172886848449707,0.892036719194605,1.0044386386871338,0.8510422003159255,1.0244464874267578,0.7917833641303437,1.249405860900879,0.9055313260075496,1.0172650814056396,0.8696690821157688,1.0209858417510986,0.8051139732231652,0.2972159385681152,0.7407079707800704,1.0109007358551023,0.6553322811686249,1.2498738765716553,0.8273707119494915,1.0144407749176023,0.7693933416805294,1.0088350772857666,1.0,0.8496823310852051,367,0.8649599552154541,0.0,0.110253095626831,0.0296488842718103,0.0104098320007324,23.06230044924417,0.0017347335815429,0.02298257281504082,1.5382485389709473,0.01,0.0006005764007568,0,0,0,['cluster'],['separated']
figure_category_based_markersize110_n100-d5-c3-spr0.1-out0_pca.png,n100-d5-c3-spr0.1-out0_pca,100,3,110,1.0,1.0553059577941897,1.0,1.0564870834350586,1.0,0.560546875,1.0,1.0570602416992188,1.0,1.0554461479187012,0.8054916685800149,1.0719420909881592,0.747445184509758,1.0796077251434326,0.6632149938879834,1.3117880821228027,0.8198151269362058,1.0921399593353271,0.7722830144081518,0.309899091720581,0.674329050197982,1.0502960681915283,0.5967365062719534,1.0593461990356443,0.4961268946432281,1.3100342750549316,0.694649749922605,1.0748176574707031,0.629039936297579,0.3173253536224365,1.0,0.8969802856445312,1332,0.930955410003662,0.0,0.1104917526245117,0.0296488842718103,0.0103683471679687,23.06230044924417,0.0017588138580322,0.03036629286600922,1.6480896472930908,0.01,0.0005781650543212,0,0,0,['cluster'],['separated']
figure_category_based_markersize160_n100-d5-c3-spr0.1-out0_pca.png,n100-d5-c3-spr0.1-out0_pca,100,3,160,1.0,1.1058297157287598,1.0,1.104548692703247,1.0,0.586660623550415,1.0,1.1249241828918457,1.0,1.091188907623291,0.7376444882572158,1.1560895442962646,0.677879653748577,1.1407477855682373,0.5866875340489159,1.3790693283081057,0.7521563225741803,0.3357627391815185,0.7036543846423128,1.3214128017425537,0.5843397374158392,1.1304962635040283,0.5127215957840399,1.1200833320617676,0.4151152333140333,1.3873581886291504,0.6027648624431914,1.1714460849761963,0.5427984453421866,0.3384120464324951,1.0,0.97883939743042,2669,0.9722425937652588,0.0,0.1183552742004394,0.0296488842718103,0.0108866691589355,23.06230044924417,0.0019009113311767,0.03612501803855088,1.898265361785889,0.01,0.0006601810455322,0,0,0,['cluster'],['separated']
figure_ascending_markersize10_n100-d5-c3-spr0.1-out0_pca.png,n100-d5-c3-spr0.1-out0_pca,100,3,10,1.0,1.1527328491210938,1.0,1.152968406677246,1.0,0.5824384689331055,1.0,1.1315813064575195,1.0,1.1411190032958984,0.9617233376057304,1.120316982269287,0.93963128371615,1.1102681159973145,0.9116765562641308,0.5706844329833984,0.9699845036964804,1.254779577255249,0.9505796658403516,1.1342957019805908,0.926268857269692,1.167863130569458,0.8861363686861355,1.156675100326538,0.8376889807083767,0.5575320720672607,0.9417183597504348,1.1314237117767334,0.9058140336127122,1.141331911087036,1.0,0.9617900848388672,22,0.1097638607025146,0.0,0.9704291820526124,0.0296488842718103,0.0108275413513183,23.06230044924417,0.0018055438995361,0.014888285831296642,1.5249407291412354,0.01,0.0005383491516113,0,0,0,['cluster'],['separated']
figure_ascending_markersize60_n100-d5-c3-spr0.1-out0_pca.png,n100-d5-c3-spr0.1-out0_pca,100,3,60,1.0,0.3250045776367187,1.0,1.1949162483215332,1.0,1.4701733589172363,1.0,1.2144219875335691,1.0,0.3207075595855713,0.8953819230431893,1.206385374069214,0.8512373025708193,1.199028730392456,0.7876730799275223,0.569401741027832,0.909035156267823,1.1390697956085205,0.8706083408945218,1.2516913414001465,0.8105805451871106,1.2307007312774658,0.7410036071643045,0.3235046863555908,0.6497200275651984,1.4265339374542236,0.8332396424049974,1.222630500793457,0.7708648579750245,1.1915230751037598,1.0,0.1239521503448486,367,1.003749132156372,0.0,1.0071163177490234,0.0296488842718103,0.0107195377349853,23.06230044924417,0.001826524734497,0.022982572815040816,0.7093315124511719,0.01,0.0005385875701904,0,0,0,['cluster'],['separated']
figure_ascending_markersize110_n100-d5-c3-spr0.1-out0_pca.png,n100-d5-c3-spr0.1-out0_pca,100,3,110,1.0,1.1964919567108154,1.0,1.1841609477996826,1.0,1.474663019180298,1.0,1.239365577697754,1.0,0.318336009979248,0.8112730259731916,1.1874170303344729,0.7480329958695899,1.2109768390655518,0.6569114967100251,0.5875720977783203,0.8256134715534018,1.1866977214813232,0.7741257862190162,1.2115654945373535,0.6824721266524366,0.3255820274353027,0.5974861904520862,1.217907428741455,0.4891051446728056,1.580024480819702,0.7030168105261472,1.192887306213379,0.6314887592189149,0.3241007328033447,1.0,1.0542280673980713,1332,1.058828353881836,0.0,0.1152310371398925,0.0296488842718103,0.0107407569885253,23.06230044924417,0.0018191337585449,0.03036629286600922,1.7543323040008545,0.01,0.0005414485931396,0,0,0,['cluster'],['separated']
figure_ascending_markersize160_n100-d5-c3-spr0.1-out0_pca.png,n100-d5-c3-spr0.1-out0_pca,100,3,160,1.0,0.335862398147583,1.0,1.2275984287261963,1.0,1.5292749404907229,1.0,1.2802746295928955,1.0,0.3403768539428711,0.746838475204791,1.2461626529693604,0.6788723535232692,1.2847952842712402,0.5772368422030072,0.6009125709533691,0.7613231636425892,1.262623310089111,0.7068087821919862,1.2717604637145996,0.5959634575653278,0.3402981758117676,0.5138582598992083,1.2539069652557373,0.4057153427396875,1.5463783740997314,0.6146261408112061,0.3442449569702148,0.5465616936295329,1.2746779918670654,1.0,1.0927464962005615,2669,0.12288498878479,0.0,1.071035385131836,0.0296488842718103,0.0109169483184814,23.06230044924417,0.0017833709716796,0.03612501803855087,1.86271071434021,0.01,0.0005533695220947,0,0,0,['cluster'],['separated']
figure_descending_markersize10_n100-d5-c3-spr0.1-out0_pca.png,n100-d5-c3-spr0.1-out0_pca,100,3,10,1.0,0.3182365894317627,1.0,1.3038835525512695,1.0,0.568425178527832,1.0,1.2390263080596924,1.0,1.239634990692139,0.9605410675313996,0.3153834342956543,0.9395649054591868,1.2179441452026367,0.9128219882692608,1.5103199481964111,0.96895633422597,1.2812352180480957,0.9503359163985196,0.3127267360687256,0.9240779385581116,1.278256893157959,0.8860183054070221,1.2805702686309814,0.8396251381281054,0.5761539936065674,0.9397820542339016,1.281245231628418,0.9053714719263728,0.314824104309082,1.0,1.0659382343292236,22,1.0923278331756592,0.0,0.1162886619567871,0.0296488842718103,0.0107905864715576,23.06230044924417,0.0017304420471191,0.014888285831296642,1.621102809906006,0.01,0.0005686283111572,0,0,0,['cluster'],['separated']
figure_descending_markersize60_n100-d5-c3-spr0.1-out0_pca.png,n100-d5-c3-spr0.1-out0_pca,100,3,60,1.0,0.3224139213562011,1.0,1.282641887664795,1.0,1.54982590675354,1.0,0.318866491317749,1.0,1.2838380336761477,0.8900274682746454,1.285212755203247,0.850768220694482,0.3102407455444336,0.7943498923610776,1.533257246017456,0.904093414185622,1.314995288848877,0.8690142255587822,0.3152837753295898,0.8018463906410153,1.2838549613952637,0.7402929818113819,1.270883083343506,0.6588560705366566,0.5772042274475098,0.8249730642085538,1.288530349731445,0.7683688382271059,0.319117784500122,1.0,1.0996980667114258,367,1.141160011291504,0.0,0.1158461570739746,0.0296488842718103,0.0106613636016845,23.06230044924417,0.0018110275268554,0.02298257281504082,1.7103564739227295,0.01,0.0005671977996826,0,0,0,['cluster'],['separated']
figure_descending_markersize110_n100-d5-c3-spr0.1-out0_pca.png,n100-d5-c3-spr0.1-out0_pca,100,3,110,1.0,0.3288991451263428,1.0,1.3145875930786133,1.0,1.606245040893555,1.0,0.3346319198608398,1.0,1.3245251178741455,0.7973315388557071,1.4165163040161133,0.7465695376689809,0.3348517417907715,0.6702143619936684,1.5845668315887451,0.8126894935341727,0.3275620937347412,0.7696182030341046,1.3230667114257812,0.6629686938801709,1.3603088855743408,0.5956210257412899,0.3310699462890625,0.5040018051319015,1.5499041080474854,0.6844793245814365,1.345259666442871,0.6255116947698449,0.3339002132415771,1.0,1.1352007389068604,1332,1.157742261886597,0.0,0.1159980297088623,0.0296488842718103,0.0108053684234619,23.06230044924417,0.001816987991333,0.03036629286600922,1.8030681610107424,0.01,0.0006227493286132,0,0,0,['cluster'],['separated']
figure_descending_markersize160_n100-d5-c3-spr0.1-out0_pca.png,n100-d5-c3-spr0.1-out0_pca,100,3,160,1.0,0.3307101726531982,1.0,1.3606336116790771,1.0,1.634364366531372,1.0,0.3379151821136474,1.0,1.3461010456085205,0.7265078042586697,0.3374111652374267,0.6766783593880805,1.3309547901153564,0.5958872514143123,1.6085805892944336,0.7422449258993943,0.3290352821350097,0.7000172842821696,1.3362421989440918,0.5704846929476093,1.3568010330200195,0.5113483665809142,0.3345541954040527,0.4243870387292815,1.5904362201690674,0.5901347099952334,0.3304901123046875,0.5384819935052989,1.3304622173309326,1.0,1.1630046367645264,2669,0.1210982799530029,0.0,1.146104335784912,0.0296488842718103,0.0106005668640136,23.06230044924417,0.0017054080963134,0.03612501803855088,0.8826277256011963,0.01,0.0005688667297363,0,0,0,['cluster'],['separated']
figure_category_based_markersize10_interleaved_100_200_15d_25_cramped_rotated_tsne.png,interleaved_100_200_15d_25_cramped_rotated_tsne,2318,15,10,0.9156858411611783,1.4496474266052246,0.9255933050838566,0.420123815536499,0.9954658165835628,2.8087635040283203,0.9065797235998978,1.4662482738494873,0.9224718307805192,0.4007256031036377,0.3283232002196177,1.4534072875976562,0.3213192981350957,1.4693593978881836,0.3006251123775862,1.7682008743286133,0.3279035446905689,1.478851556777954,0.3245707115073355,0.4016444683074951,0.200020764031004,1.4493954181671145,0.194403128172561,0.4317107200622558,0.1770460086959225,2.827967882156372,0.2001478024162615,1.4659326076507568,0.1969301929841171,0.4016885757446289,0.860655737704918,1.349975824356079,9992,0.1633145809173584,0.0012942191544434,1.209287405014038,0.030211208344963,0.2514214515686035,1.9525497641397844,0.0216541290283203,-,15.0,0.0086281276962899,0.0366592407226562,0,0,73,['cluster'],"['intersecting','separated','touching']"
figure_category_based_markersize60_interleaved_100_200_15d_25_cramped_rotated_tsne.png,interleaved_100_200_15d_25_cramped_rotated_tsne,2318,15,60,0.671827775008906,0.5263841152191162,0.673043823782103,1.643535614013672,1.010216856470109,1.882811546325684,0.6443202565236722,1.6242480278015137,0.6781097173747526,1.6384191513061523,0.1801472416368372,0.53291916847229,0.1752872261120217,1.6617257595062256,0.1677620095383252,1.8411216735839844,0.1779876826504569,1.6333556175231934,0.1767100895666392,1.6329963207244873,0.1040198163185256,0.5355510711669922,0.1007652395412216,1.6410949230194092,0.0914765468699722,1.8788976669311523,0.1032555504337164,1.6611788272857666,0.1015920979199396,1.6497936248779297,0.1833477135461604,0.2033302783966064,41108,1.327583074569702,0.0012942191544434,0.1551690101623535,0.030211208344963,0.2529242038726806,1.9525497641397844,0.0214755535125732,-,15.0,0.0086281276962899,0.0375597476959228,1,0,964,['cluster'],"['intersecting','separated','touching']"
figure_category_based_markersize110_interleaved_100_200_15d_25_cramped_rotated_tsne.png,interleaved_100_200_15d_25_cramped_rotated_tsne,2318,15,110,0.5739584941185688,0.9467592239379884,0.5650404244420342,0.8158488273620605,1.060437505277872,2.1733977794647217,0.5435319701979466,0.9373068809509276,0.5771214488637795,0.8462283611297607,0.1679719189738219,0.8759810924530029,0.1638111114752373,0.9305834770202636,0.1656472388114099,2.2488110065460205,0.1651474635520186,0.9550955295562744,0.1653226243160851,0.8795981407165527,0.0983819529199712,1.0241143703460691,0.0957909539881698,0.8989279270172119,0.0898404509284496,2.2957146167755127,0.0973655732294962,0.9294161796569824,0.0964802067876732,0.8737456798553467,0.1445211389128559,0.4858698844909668,49673,0.363368272781372,0.0012942191544434,0.4057345390319824,0.030211208344963,0.2458584308624267,1.9525497641397844,0.020104169845581,-,15.0,0.0086281276962899,0.0361788272857666,8,0,2125,['cluster'],"['intersecting','separated','touching']"
figure_category_based_markersize160_interleaved_100_200_15d_25_cramped_rotated_tsne.png,interleaved_100_200_15d_25_cramped_rotated_tsne,2318,15,160,0.5307645073331118,1.040874481201172,0.5145640637698572,1.1615805625915527,1.105992531773876,2.4110865592956543,0.4995661635043545,1.1102614402770996,0.5318726613189934,0.9769575595855712,0.1632874634167617,1.098862648010254,0.1587369823697775,1.116239309310913,0.1651098334287815,2.4425034523010254,0.1600310064220265,1.14215350151062,0.1606608230066121,1.0802640914916992,0.0964853941053136,1.14247727394104,0.0938432648034444,1.037933588027954,0.0892141543400505,2.4040253162384038,0.0952758313669395,1.161602258682251,0.094621377664114,1.11303448677063,0.1389128559102674,0.5921978950500488,55721,0.6041097640991211,0.0012942191544434,0.509423017501831,0.030211208344963,0.2408621311187744,1.9525497641397844,0.0203022956848144,-,15.0,0.0086281276962899,0.0353565216064453,8,0,3338,['cluster'],"['intersecting','separated','touching']"
figure_ascending_markersize10_interleaved_100_200_15d_25_cramped_rotated_tsne.png,interleaved_100_200_15d_25_cramped_rotated_tsne,2318,15,10,0.9393010763094632,0.801321268081665,0.9481626826611764,0.862574577331543,0.9701890368421862,1.988055944442749,0.9342638337137098,0.8655445575714111,0.9412383289025832,0.8721060752868652,0.343446852125384,0.7601768970489502,0.3272152372541035,0.8628590106964111,0.281686588484264,2.1898677349090576,0.3432411535833335,0.753185510635376,0.3322758301810687,0.8451700210571289,0.2101416044049462,0.7289953231811523,0.1977256227033733,0.8728868961334229,0.1647619478434467,2.1750946044921875,0.2102410223420235,0.7328281402587891,0.2017485357775746,0.9579622745513916,0.860655737704918,0.6895458698272705,9992,0.3693108558654785,0.0012942191544434,0.5749068260192871,0.030211208344963,0.2402806282043457,1.9525497641397844,0.0205621719360351,-,15.0,0.0086281276962899,0.035203218460083,0,0,0,['cluster'],"['intersecting','separated','touching']"
figure_ascending_markersize60_interleaved_100_200_15d_25_cramped_rotated_tsne.png,interleaved_100_200_15d_25_cramped_rotated_tsne,2318,15,60,0.7753223278990757,0.9172215461730956,0.7717075129284204,0.9258098602294922,0.7512887070694133,2.157703161239624,0.7585536821462024,0.9263427257537842,0.7592715289224601,0.9085805416107178,0.2120813454984728,1.134146213531494,0.1905529225958676,0.97184157371521,0.1093365986505381,1.996661901473999,0.2103857403416209,1.1304328441619873,0.1951903679460567,0.9518802165985109,0.1228417073967382,1.197087049484253,0.1086963125238283,0.976731538772583,0.0589584735979339,2.01188588142395,0.1221292087634445,0.9903244972229004,0.111990167271785,0.9637436866760254,0.1833477135461604,0.7348377704620361,41108,0.454442024230957,0.0012942191544434,0.4048724174499511,0.030211208344963,0.2403147220611572,1.9525497641397844,0.0204498767852783,-,15.0,0.0086281276962899,0.0342917442321777,0,0,0,['cluster'],"['intersecting','separated','touching']"
figure_ascending_markersize110_interleaved_100_200_15d_25_cramped_rotated_tsne.png,interleaved_100_200_15d_25_cramped_rotated_tsne,2318,15,110,0.7133356521640046,0.8984274864196777,0.6975275200121693,1.1568586826324463,0.5416208437254122,2.4261085987091064,0.6940939558934496,1.1588184833526611,0.6865154557679596,1.118035078048706,0.2095174055658177,1.1747450828552246,0.186840053205495,1.1494269371032717,0.0708580785256923,2.414651393890381,0.2075493525077075,1.1773958206176758,0.191273781190791,1.1386663913726809,0.1227915675174647,1.182183027267456,0.1078666300063976,0.9206943511962892,0.0379087649557996,2.422062635421753,0.1220176573033083,1.165104866027832,0.1111162384375111,1.144298076629639,0.1445211389128559,0.8301911354064941,49673,0.564537525177002,0.0012942191544434,0.7748124599456787,0.030211208344963,0.2436544895172119,1.9525497641397844,0.0201742649078369,-,15.0,0.0086281276962899,0.0354654788970947,0,0,0,['cluster'],"['intersecting','separated','touching']"
figure_ascending_markersize160_interleaved_100_200_15d_25_cramped_rotated_tsne.png,interleaved_100_200_15d_25_cramped_rotated_tsne,2318,15,160,0.6898562322279661,1.3416922092437744,0.6669892208637315,1.346745252609253,0.3685582561248918,2.6200408935546875,0.6706107670151658,1.3808369636535645,0.6574511029627512,1.3529314994812012,0.2104961104268616,1.1194486618041992,0.1870027805736021,1.3767757415771484,0.0448788558828797,2.9885013103485107,0.2085278325027483,1.1474874019622805,0.1912510631732279,1.4148855209350586,0.124196050745719,1.437269687652588,0.1087458462620394,1.1278126239776611,0.0238942113433767,2.667426109313965,0.123458804008608,1.434234380722046,0.1119014769281994,1.1189370155334473,0.1389128559102674,0.9784994125366212,55721,0.66135573387146,0.0012942191544434,0.5024833679199219,0.030211208344963,0.2453329563140869,1.9525497641397844,0.0204219818115234,-,15.0,0.0086281276962899,0.0350730419158935,0,0,0,['cluster'],"['intersecting','separated','touching']"
figure_descending_markersize10_interleaved_100_200_15d_25_cramped_rotated_tsne.png,interleaved_100_200_15d_25_cramped_rotated_tsne,2318,15,10,0.9038817854766033,1.0067846775054932,0.917733602926984,1.04297137260437,1.014677345401454,1.9854462146759035,0.8952500008173188,1.0510408878326416,0.9158066739909522,1.0151739120483398,0.3166082482097321,1.071308135986328,0.3182148687040922,0.7374663352966309,0.3189460374022324,2.3489298820495605,0.3167001038873974,0.7467246055603027,0.3196225511490257,1.0388975143432615,0.1919159086404994,0.748816728591919,0.1924771976356468,1.0660407543182373,0.1892105245808752,2.355362892150879,0.1923773835901451,0.751232385635376,0.1935940788220598,0.7266891002655029,0.860655737704918,0.9719069004058838,9992,0.559382438659668,0.0012942191544434,0.531486988067627,0.030211208344963,0.2437496185302734,1.9525497641397844,0.0203254222869873,-,15.0,0.0086281276962899,0.0356323719024658,0,0,121,['cluster'],"['intersecting','separated','touching']"
figure_descending_markersize60_interleaved_100_200_15d_25_cramped_rotated_tsne.png,interleaved_100_200_15d_25_cramped_rotated_tsne,2318,15,60,0.6076813033904672,0.8676869869232178,0.6410663351280572,1.243131160736084,1.13479597661123,2.147648334503174,0.5862413040873531,1.229844331741333,0.6466401689508677,1.2195100784301758,0.1537667860379855,0.8996756076812744,0.1676178420371907,1.2889025211334229,0.2166611782489828,2.134999513626098,0.1527003442168807,0.8722407817840576,0.1645126657335319,1.2100107669830322,0.0880195636907581,1.2515630722045898,0.0964133926047222,0.8928537368774414,0.1197635284940237,2.540503740310669,0.0877827082232869,0.9147367477416992,0.0942448128055835,0.8813982009887695,0.1833477135461604,1.019195556640625,41108,0.1968324184417724,0.0012942191544434,0.9850747585296632,0.030211208344963,0.2390732765197754,1.9525497641397844,0.0201249122619628,-,15.0,0.0086281276962899,0.0359444618225097,3,0,1743,['cluster'],"['intersecting','separated','touching']"
figure_descending_markersize110_interleaved_100_200_15d_25_cramped_rotated_tsne.png,interleaved_100_200_15d_25_cramped_rotated_tsne,2318,15,110,0.4830865725523821,0.6393923759460449,0.5226086135106572,1.0398995876312256,1.2911493218789318,2.6792945861816406,0.4605278781473975,1.0721232891082764,0.5321717156568531,1.46828031539917,0.1332468528948603,1.044304132461548,0.1531410448738119,1.4649758338928225,0.2369376051946938,2.3329923152923584,0.1319492189484413,1.0463879108428955,0.1488243430902631,1.440000057220459,0.0772814666440467,1.0621018409729004,0.0897152403961885,1.0561325550079346,0.130436987416726,2.349731206893921,0.0770064509031693,1.467820644378662,0.0865084158403923,1.0676755905151367,0.1445211389128559,0.6794736385345459,49673,0.6919281482696533,0.0012942191544434,0.6059117317199707,0.030211208344963,0.2427775859832763,1.9525497641397844,0.020477294921875,-,15.0,0.0086281276962899,0.0348272323608398,2,0,3928,['cluster'],"['intersecting','separated','touching']"
figure_descending_markersize160_interleaved_100_200_15d_25_cramped_rotated_tsne.png,interleaved_100_200_15d_25_cramped_rotated_tsne,2318,15,160,0.4261442068175218,1.6721243858337402,0.4677432614432741,1.217987298965454,1.4206865072644543,2.915710687637329,0.4040508401755025,1.2252793312072754,0.4802370517214558,1.2257909774780271,0.1237289540539593,1.219947099685669,0.146417409746987,1.6978514194488523,0.2498798851525823,2.50903058052063,0.122250764514856,1.2569282054901123,0.1417865197916658,1.6354563236236572,0.0723707259473435,1.271529197692871,0.086793102944608,1.684983491897583,0.1369870432025793,2.523378372192383,0.0720207890283348,1.2578463554382324,0.0831710918772208,1.248751163482666,0.1389128559102674,0.7613070011138916,55721,0.7566587924957275,0.0012942191544434,0.6429781913757324,0.030211208344963,0.2412827014923095,1.9525497641397844,0.0207386016845703,-,15.0,0.0086281276962899,0.0347280502319335,1,0,6238,['cluster'],"['intersecting','separated','touching']"
figure_category_based_markersize10_cars03Cropped_d3_pca.png,cars03Cropped_d3_pca,7404,12,10,0.2651088817732546,1.4822392463684082,0.2588667276286664,1.0939602851867676,0.1703093616762431,2.0433716773986816,0.4482531480622934,1.027127742767334,0.419663697684181,1.0916130542755127,0.1783618174299811,1.0259687900543213,0.1670936694730157,1.005610466003418,0.1095675653819123,2.041102647781372,0.2284922209914107,1.5345611572265625,0.2172309539193693,1.1162405014038086,0.1343882418125952,1.045464277267456,0.1233601923614935,1.0152521133422852,0.0807629889610422,2.0672860145568848,0.153323651671151,1.5521864891052246,0.1465431069834191,1.1251845359802246,0.0744192328471096,0.7579712867736816,6461,0.7695999145507812,0.690032414910859,0.7447991371154785,0.0308632997336018,1.574071168899536,0.4934101871901864,0.0638260841369628,-,15.0,0.7836304700162074,0.0477364063262939,4636,0,44026,"['lip_cluster','linear']",['intersecting']
figure_category_based_markersize60_cars03Cropped_d3_pca.png,cars03Cropped_d3_pca,7404,12,60,0.2539142147018144,1.4540948867797852,0.241456400479428,1.4246196746826172,0.1379840645389159,2.486023187637329,0.3886838952096343,1.4307188987731934,0.3570996464419629,1.502671718597412,0.1707632345959812,1.428883075714111,0.1547525898303982,1.4162752628326416,0.0821530591959454,2.4538416862487797,0.2115410135627385,1.4872450828552246,0.1957722745756386,1.5278635025024414,0.1286374662240731,1.455075979232788,0.1138651245281225,1.9740078449249268,0.0584877792478719,2.545924186706543,0.1453140581379857,1.5190553665161133,0.1348506300119694,1.0012357234954834,0.0366018368449486,0.8970496654510498,17043,0.9049787521362304,0.690032414910859,0.7804365158081055,0.0308632997336018,1.5827686786651611,0.4934101871901864,0.0651733875274658,-,15.0,0.7836304700162074,0.046746015548706,5239,0,299647,"['lip_cluster','linear']",['intersecting']
figure_category_based_markersize110_cars03Cropped_d3_pca.png,cars03Cropped_d3_pca,7404,12,110,0.2532678142598196,2.4495184421539307,0.2362564888120347,1.3373558521270752,0.1039952221826315,3.453362941741944,0.3610392412865454,1.938746452331543,0.3284533875459372,1.9697725772857664,0.1695980726909702,1.9225449562072756,0.1518807529015812,1.3277692794799805,0.0630781754765149,3.453274726867676,0.2036625025473717,1.9282317161560056,0.1869966346864348,2.030515670776367,0.1274827707094864,1.3558828830718994,0.1119126857249406,2.503922700881958,0.0452675879265354,3.037339210510254,0.1418362053472508,1.3721957206726074,0.130705155818637,2.5854005813598637,0.0251215559157212,1.0787153244018557,23398,0.4419410228729248,0.690032414910859,0.8531908988952637,0.0308632997336018,1.5721535682678225,0.4934101871901864,0.0637285709381103,-,15.0,0.7836304700162074,0.0469362735748291,5502,0,639695,"['lip_cluster','linear']",['intersecting']
figure_category_based_markersize160_cars03Cropped_d3_pca.png,cars03Cropped_d3_pca,7404,12,160,0.2538914158080758,2.948902368545532,0.2342528377710185,1.7645769119262695,0.082297126734403,4.0017924308776855,0.3474505756071722,1.803966999053955,0.3153512492988536,3.051584243774414,0.1694187324905502,1.8199348449707031,0.1509462398775112,2.958915948867798,0.0505579578080384,3.4023609161376958,0.1995669372437069,1.807776689529419,0.1830282672970756,2.4496445655822754,0.1271233028787383,2.9884188175201416,0.1113479275719799,1.757401943206787,0.0364864066922876,4.035037994384766,0.1399855799615695,1.782306671142578,0.1289290039800779,2.438438415527344,0.0217450027012425,1.215721845626831,27832,1.2328474521636963,0.690032414910859,0.9199514389038086,0.0308632997336018,1.5765628814697266,0.4934101871901864,0.0639533996582031,-,15.0,0.7836304700162074,0.0466978549957275,5597,0,995368,"['lip_cluster','linear']",['intersecting']
figure_ascending_markersize10_cars03Cropped_d3_pca.png,cars03Cropped_d3_pca,7404,12,10,0.3581125133602063,1.819202899932861,0.3022431911837822,0.549246072769165,0.0878921481624092,2.2148876190185547,0.4983160591946983,1.8676872253417969,0.448668611811948,0.6503148078918457,0.2175323588898379,1.2072081565856934,0.1904924137383772,1.177482843399048,0.0653019628141754,2.353909730911255,0.2386208903142833,1.899209260940552,0.2224268215778508,0.6745564937591553,0.1562105577330854,1.2285079956054688,0.1390721589863529,1.2256669998168943,0.0519497516804959,2.355048179626465,0.1568692089230652,1.247729778289795,0.1478654543840766,1.3072552680969238,0.0744192328471096,0.94100022315979,6461,0.9465575218200684,0.690032414910859,0.9161984920501708,0.0308632997336018,1.6534900665283203,0.4934101871901864,0.0671496391296386,-,15.0,0.7836304700162074,0.0482184886932373,4580,0,0,"['lip_cluster','linear']",['intersecting']
figure_ascending_markersize60_cars03Cropped_d3_pca.png,cars03Cropped_d3_pca,7404,12,60,0.3563495216541404,0.9579141139984132,0.3174137102393949,1.6577701568603516,0.0075165715121757,2.788991928100586,0.4409223452987364,1.7292296886444092,0.3961410194208546,1.0513811111450195,0.2159513468225197,1.677400827407837,0.1910096806320231,1.6317024230957031,0.0057287629030444,2.6475229263305664,0.224318030968539,1.6605451107025146,0.2043616652324631,1.7259256839752195,0.1549159858922008,1.7066292762756348,0.1366080847556596,1.6323251724243164,0.0046279983701895,2.7373712062835693,0.1504225431152237,1.677654266357422,0.1376989844708743,1.712596416473389,0.0366018368449486,1.12581467628479,17043,1.111520528793335,0.690032414910859,0.2150211334228515,0.0308632997336018,1.6560916900634766,0.4934101871901864,0.0662851333618164,-,15.0,0.7836304700162074,0.0476655960083007,5187,0,0,"['lip_cluster','linear']",['intersecting']
figure_ascending_markersize110_cars03Cropped_d3_pca.png,cars03Cropped_d3_pca,7404,12,110,0.3522843008905709,1.3982186317443848,0.3183674752045078,2.154049873352051,-0.0379895836527817,3.242933511734009,0.4156342525127756,2.162216186523437,0.3755637721692904,2.207740306854248,0.2142820813067314,2.16504430770874,0.1909027628621387,1.4358136653900146,-0.0298204385996114,3.260915756225586,0.2179280777753242,2.1302924156188965,0.1973606156456024,2.265225887298584,0.1539675476565742,2.2085094451904297,0.1363231106224083,2.1750526428222656,-0.024542834659927,2.4935591220855717,0.1476804229484454,2.163555860519409,0.1338496277927993,2.1791698932647705,0.0251215559157212,1.26832914352417,23398,1.2532398700714111,0.690032414910859,0.218482494354248,0.0308632997336018,1.6270098686218262,0.4934101871901864,0.065866470336914,-,15.0,0.7836304700162074,0.048875093460083,5499,0,0,"['lip_cluster','linear']",['intersecting']
figure_ascending_markersize160_cars03Cropped_d3_pca.png,cars03Cropped_d3_pca,7404,12,160,0.3493485658305799,2.5756893157958984,0.3193395194480826,2.544772148132324,-0.0660814472467734,3.636425733566284,0.4031056998204887,2.606251716613769,0.3678284438335641,2.6381003856658936,0.2131238571616012,2.6214287281036377,0.1911219673428609,1.846773624420166,-0.0529367624772876,3.66545295715332,0.214508375077248,2.600407123565674,0.1947762484499112,2.6534793376922607,0.1533332202445061,1.7920620441436768,0.1363687473318612,2.4996867179870605,-0.0441538389926705,3.589590549468994,0.1461367359354333,2.504014015197754,0.1324585114874011,2.5875332355499268,0.0217450027012425,0.5378291606903076,27832,1.3813726902008057,0.690032414910859,1.0502750873565674,0.0308632997336018,1.6473958492279053,0.4934101871901864,0.067448616027832,-,15.0,0.7836304700162074,0.0478272438049316,5670,0,0,"['lip_cluster','linear']",['intersecting']
figure_descending_markersize10_cars03Cropped_d3_pca.png,cars03Cropped_d3_pca,7404,12,10,0.1975270567855841,0.5627107620239258,0.2257594355027659,1.2922124862670898,0.2585118204780311,2.3908650875091557,0.315599566293112,1.4130802154541016,0.3185416581369013,1.481083631515503,0.1441631993653773,0.5820808410644531,0.1483784907337868,1.377427339553833,0.1406732206517038,2.424234390258789,0.1947270906732069,1.4008963108062744,0.1907545993131294,0.6492643356323242,0.1135000546256501,1.3852462768554688,0.1105027455556536,1.375802993774414,0.0966272080519276,2.460198402404785,0.1408011956335819,1.4332983493804932,0.1361402124788626,0.6560351848602295,0.0744192328471096,1.081324815750122,6461,1.0836613178253174,0.690032414910859,0.2056970596313476,0.0308632997336018,1.6331031322479248,0.4934101871901865,0.066392183303833,-,15.0,0.7836304700162074,0.0490238666534423,3253,0,70010,"['lip_cluster','linear']",['intersecting']
figure_descending_markersize60_cars03Cropped_d3_pca.png,cars03Cropped_d3_pca,7404,12,60,0.1761494861196272,1.78551983833313,0.1879116140893645,0.905980110168457,0.2982718370488916,2.795316219329834,0.3081353253582302,1.7444345951080322,0.2933985298161439,1.8092737197875977,0.1296294459498723,0.9294772148132324,0.1277846153142188,1.7199766635894775,0.1341872009292168,2.7970082759857178,0.1892867434051504,1.7774629592895508,0.1773711558789725,0.9769155979156494,0.1025473070812874,1.702110767364502,0.0968083680285692,1.7560787200927734,0.0865658106943254,2.796750783920288,0.1365998372922789,0.934389591217041,0.1271058716354126,1.8294310569763184,0.0366018368449486,1.2045104503631592,17043,1.2069149017333984,0.690032414910859,0.2076852321624755,0.0308632997336018,1.626063108444214,0.4934101871901865,0.0650415420532226,-,15.0,0.7836304700162074,0.0477926731109619,3409,0,485421,"['lip_cluster','linear']",['intersecting']
figure_descending_markersize110_cars03Cropped_d3_pca.png,cars03Cropped_d3_pca,7404,12,110,0.1736262030648094,2.1211423873901367,0.1751814656073753,2.15909743309021,0.2962984739592963,2.4113481044769287,0.2970389133666371,2.1698219776153564,0.2745666841809679,2.2642085552215576,0.1293746337567183,1.3375475406646729,0.1220014397544611,2.1609601974487305,0.1263479793166982,3.232927083969116,0.1850076932934901,1.3211736679077148,0.1700304391781153,2.236590385437012,0.1030982930816546,2.1869826316833496,0.0935901709422547,2.182736396789551,0.0802933968339668,2.381673812866211,0.1343400059991343,2.197176456451416,0.123145167977139,2.2633044719696045,0.0251215559157212,0.4562017917633056,23398,1.378556251525879,0.690032414910859,0.2168452739715576,0.0308632997336018,1.6261646747589111,0.4934101871901865,0.0661773681640625,-,15.0,0.7836304700162074,0.0478146076202392,3478,0,1002200,"['lip_cluster','linear']",['intersecting']
figure_descending_markersize160_cars03Cropped_d3_pca.png,cars03Cropped_d3_pca,7404,12,160,0.173624389953153,2.578925371170044,0.1684463004113988,2.5736241340637207,0.298549363755196,3.674959182739258,0.2919451111324677,1.719386100769043,0.2652536555762693,2.631302118301392,0.1297644114677589,2.5937016010284424,0.1193835058586623,1.724273443222046,0.1233086084679395,3.6589863300323486,0.1827950311107803,2.6222119331359863,0.1665592865212064,1.778958082199097,0.1035948787514072,2.634107112884521,0.0924545702116558,2.577007532119751,0.0777004524240461,2.8805971145629883,0.1330509984887568,2.64457631111145,0.1213922225973848,2.7357046604156494,0.0217450027012425,1.5276286602020264,27832,0.5570991039276123,0.690032414910859,1.263235330581665,0.0308632997336018,1.622156858444214,0.4934101871901865,0.0657176971435546,-,15.0,0.7836304700162074,0.0473294258117675,3467,0,1528327,"['lip_cluster','linear']",['intersecting']
figure_category_based_markersize10_n100-d10-c3-spr0.1-out0_pca.png,n100-d10-c3-spr0.1-out0_pca,100,3,10,1.0,0.3022642135620117,1.0,0.3131358623504638,1.0,0.5422954559326172,1.0,0.3028969764709472,1.0,1.2185144424438477,0.9828332453206524,1.2212581634521484,0.9711826417345186,0.3037457466125488,0.9492337894325868,1.4550669193267822,0.98417719881947,1.24542498588562,0.97715391077729,0.3034911155700683,0.9662459383373002,1.2093424797058103,0.9439796421902026,1.2660629749298096,0.9033729671607932,0.5470442771911621,0.968847320296135,1.216829776763916,0.9553283930721748,1.2075395584106443,1.0,0.1086173057556152,10,1.0722463130950928,0.0,1.077183485031128,0.0302865702945729,0.0112140178680419,21.697280728100345,0.0016803741455078,0.011725441178024142,0.7147262096405029,0.01,0.0006272792816162,0,0,0,['cluster'],['separated']
figure_category_based_markersize60_n100-d10-c3-spr0.1-out0_pca.png,n100-d10-c3-spr0.1-out0_pca,100,3,60,1.0,1.2550361156463623,1.0,0.3070111274719238,1.0,1.5060770511627195,1.0,1.262260913848877,1.0,0.3094522953033447,0.8769319062718262,1.2492032051086426,0.8442493029567211,1.284752607345581,0.7667305225748392,0.5585322380065918,0.8749260156157171,1.2656044960021973,0.8611260256529832,1.2887639999389648,0.7808359182930165,0.3119435310363769,0.730477000893478,1.2527828216552734,0.6217055855267182,0.5576395988464355,0.7776608718710498,1.2585020065307615,0.7561205585953594,1.264718770980835,1.0,0.1116242408752441,374,1.090461015701294,0.0,1.112694501876831,0.0302865702945729,0.0112769603729248,21.697280728100345,0.0017094612121582,0.02550004951470733,0.7886505126953125,0.01,0.0006294250488281,0,0,0,['cluster'],['separated']
figure_category_based_markersize110_n100-d10-c3-spr0.1-out0_pca.png,n100-d10-c3-spr0.1-out0_pca,100,3,110,1.0,1.2890992164611816,1.0,0.3186402320861816,1.0,1.5265378952026367,1.0,1.3043866157531738,1.0,0.3122837543487549,0.7694406703585044,1.278304100036621,0.7314209146315702,0.3117721080780029,0.6321390784504908,1.5068225860595703,0.7680659459949399,1.2805883884429932,0.7522197789852536,0.3023943901062011,0.6252771823546851,1.3142118453979492,0.5765670607908105,1.3078458309173584,0.4621369530276552,0.5509896278381348,0.6234635234718378,1.281989336013794,0.602846371754088,0.3064620494842529,1.0,1.118657112121582,1396,1.1188414096832275,0.0,0.1084640026092529,0.0302865702945729,0.0112221240997314,21.697280728100345,0.0016834735870361,0.03556120240039158,1.864687442779541,0.01,0.0006289482116699,0,0,0,['cluster'],['separated']
figure_category_based_markersize160_n100-d10-c3-spr0.1-out0_pca.png,n100-d10-c3-spr0.1-out0_pca,100,3,160,1.0,0.3193252086639404,1.0,1.3100471496582031,1.0,0.5753695964813232,1.0,1.3138082027435305,1.0,1.3312366008758545,0.6933607446503935,0.3189773559570312,0.6490003033134076,1.326399803161621,0.5403474047655682,0.5778505802154541,0.6951182369708809,1.2991361618041992,0.6738175613477483,1.316451072692871,0.5306443548298851,0.3173389434814453,0.4803852324357435,1.3218090534210205,0.3701890480856399,0.5677883625030518,0.5327059176283155,1.309781789779663,0.5080881345650475,0.3164703845977783,1.0,1.140995740890503,2901,1.145003080368042,0.0,0.108879804611206,0.0302865702945729,0.0113086700439453,21.697280728100345,0.0016906261444091,0.043242872214618464,2.0010688304901123,0.01,0.0006194114685058,0,0,0,['cluster'],['separated']
figure_ascending_markersize10_n100-d10-c3-spr0.1-out0_pca.png,n100-d10-c3-spr0.1-out0_pca,100,3,10,1.0,0.299778938293457,1.0,1.3114829063415527,1.0,0.5465681552886963,1.0,1.2967138290405271,1.0,0.2984442710876465,0.9828332453206524,1.302025556564331,0.9711985858764972,1.3175511360168457,0.9492337894325868,0.5402417182922363,0.98417719881947,1.3232476711273191,0.97715391077729,1.354750633239746,0.9662459383373002,0.2960877418518066,0.944009769566578,1.313793659210205,0.9033729671607932,0.5440359115600586,0.968847320296135,1.3146324157714844,0.9553283930721748,0.2925255298614502,1.0,1.135563611984253,10,0.1076645851135253,0.0,1.164292335510254,0.0302865702945729,0.0110378265380859,21.697280728100345,0.0016744136810302,0.011725441178024142,0.5966050624847412,0.01,0.000547170639038,0,0,0,['cluster'],['separated']
figure_ascending_markersize60_n100-d10-c3-spr0.1-out0_pca.png,n100-d10-c3-spr0.1-out0_pca,100,3,60,1.0,1.3212251663208008,1.0,1.3315026760101318,1.0,0.5353360176086426,1.0,1.3610234260559082,1.0,0.2993640899658203,0.8811210946649048,1.329960823059082,0.8448043864113225,1.3612632751464844,0.7626835344675601,0.5504200458526611,0.8787417074378082,1.35117506980896,0.8624053115453737,0.3169448375701904,0.7875035363197023,1.3648014068603516,0.7313085130118284,0.3043289184570312,0.6164013457457413,1.6017508506774902,0.7837103308549825,0.2988202571868896,0.7580954098132389,1.3342046737670898,1.0,1.196990728378296,374,0.111457347869873,0.0,1.2002851963043213,0.0302865702945729,0.011185884475708,21.697280728100345,0.0016734600067138,0.02550004951470733,0.6778285503387451,0.01,0.0005605220794677,0,0,0,['cluster'],['separated']
figure_ascending_markersize110_n100-d10-c3-spr0.1-out0_pca.png,n100-d10-c3-spr0.1-out0_pca,100,3,110,1.0,1.3841428756713867,1.0,0.3088827133178711,1.0,1.620997667312622,1.0,0.326005220413208,1.0,1.3644843101501465,0.7787400592251015,0.3243591785430908,0.7324643813745622,1.3600053787231443,0.6251098358006407,1.6450035572052002,0.7759282456326531,0.3132593631744385,0.7549237801843057,1.398876667022705,0.6376529952591299,0.3101422786712646,0.5778649298777683,1.388920783996582,0.4546616537653837,0.5511677265167236,0.6338911447504859,1.4053096771240234,0.6063273622686773,0.30865478515625,1.0,1.2335247993469238,1396,0.1143221855163574,0.0,1.2400500774383545,0.0302865702945729,0.0112664699554443,21.697280728100345,0.0017452239990234,0.03556120240039158,1.868915319442749,0.01,0.0005459785461425,0,0,0,['cluster'],['separated']
figure_ascending_markersize160_n100-d10-c3-spr0.1-out0_pca.png,n100-d10-c3-spr0.1-out0_pca,100,3,160,1.0,0.6738715171813965,1.0,0.6136162281036377,1.0,0.8747994899749756,1.0,0.6518199443817139,1.0,0.5568070411682129,0.706903407046745,0.5433177947998047,0.6504644129298138,0.6540937423706055,0.5315321914758482,0.8768482208251953,0.7063056125987476,0.5821061134338379,0.6775755329361031,0.6790382862091064,0.5466748662853367,0.6050252914428711,0.4819913006828954,0.6010427474975586,0.3619638022641107,0.9445607662200928,0.545960173807015,0.6127750873565674,0.5123737119296387,0.7280905246734619,1.0,0.3373429775238037,2901,0.2406733036041259,0.0,0.3581719398498535,0.0302865702945729,0.0113897323608398,21.697280728100345,0.0017099380493164,0.04324287221461844,1.070995807647705,0.01,0.0005669593811035,0,0,0,['cluster'],['separated']
figure_descending_markersize10_n100-d10-c3-spr0.1-out0_pca.png,n100-d10-c3-spr0.1-out0_pca,100,3,10,1.0,0.4149692058563232,1.0,0.7416837215423584,1.0,0.8684732913970947,1.0,0.6348226070404053,1.0,0.648991584777832,0.9816191476403812,0.6112415790557861,0.970992154425784,0.619837760925293,0.9500406742204944,0.8646864891052246,0.9831207848271384,0.6064186096191406,0.9768734097467988,0.5048942565917969,0.9639018107674946,0.722212553024292,0.9436197776353614,0.5195186138153076,0.9048356930542716,0.9748380184173584,0.9668019270705768,0.5448458194732666,0.9547923190081928,0.6896040439605713,1.0,0.3965394496917724,10,0.3905251026153564,0.0,0.3810348510742187,0.0302865702945729,0.0111925601959228,21.697280728100345,0.0017294883728027,0.011725441178024142,0.9042685031890868,0.01,0.0005085468292236,0,0,0,['cluster'],['separated']
figure_descending_markersize60_n100-d10-c3-spr0.1-out0_pca.png,n100-d10-c3-spr0.1-out0_pca,100,3,60,1.0,0.6093099117279053,1.0,0.7417786121368408,1.0,0.841623067855835,1.0,0.8388490676879883,1.0,0.5626072883605957,0.8732750310658177,0.6878924369812012,0.8437809690090533,0.7220711708068848,0.7698411179477597,0.9759273529052734,0.8716759436264606,0.7155954837799072,0.8600496178547221,0.7346019744873047,0.7750560741472574,0.7197818756103516,0.7297760600652665,0.7408277988433838,0.6258062508669245,1.0071237087249756,0.7725404228533849,0.7749688625335693,0.7544623268919747,0.7533507347106934,1.0,0.4616730213165283,374,0.4583563804626465,0.0,0.2931485176086426,0.0302865702945729,0.011202335357666,21.697280728100345,0.0018012523651123,0.025500049514707322,1.0318360328674316,0.01,0.0005154609680175,0,0,0,['cluster'],['separated']
figure_descending_markersize110_n100-d10-c3-spr0.1-out0_pca.png,n100-d10-c3-spr0.1-out0_pca,100,3,110,1.0,0.8210978507995605,1.0,0.6681866645812988,1.0,0.9077270030975342,1.0,0.811152458190918,1.0,0.6604328155517578,0.7603285257699626,0.8221108913421631,0.7304648395953491,0.6839497089385986,0.6412898974363048,0.9235503673553468,0.7599391942704196,0.8604257106781006,0.7490438665969725,0.6903607845306396,0.6133306618531368,0.6886932849884033,0.5753797629067015,0.6664962768554688,0.4719843447298145,1.1410722732543943,0.6128241379448446,0.7013752460479736,0.5987770846602891,0.6559514999389648,1.0,0.506580114364624,1396,0.323599100112915,0.0,0.5428411960601807,0.0302865702945729,0.0111796855926513,21.697280728100345,0.0017862319946289,0.03556120240039158,1.161271572113037,0.01,0.0005292892456054,0,0,0,['cluster'],['separated']
figure_descending_markersize160_n100-d10-c3-spr0.1-out0_pca.png,n100-d10-c3-spr0.1-out0_pca,100,3,160,1.0,0.5288543701171875,1.0,0.7399194240570068,1.0,0.9774954319000244,1.0,0.9341189861297609,1.0,0.7333328723907471,0.6798748314898373,0.9231181144714355,0.6476507087536445,0.7428243160247803,0.5515117896609192,0.9891362190246582,0.6826318670257585,0.9689328670501708,0.6691288427375695,0.7323818206787109,0.5150078550938583,0.952368974685669,0.4789078627436224,0.5469226837158203,0.3807499334301202,1.233318328857422,0.5181785181675609,0.7743749618530273,0.5027750726178116,0.778139591217041,1.0,0.5922095775604248,2901,0.3657095432281494,0.0,0.3578252792358398,0.0302865702945729,0.0112130641937255,21.697280728100345,0.0020043849945068,0.04324287221461845,1.3368232250213623,0.01,0.0005116462707519,0,0,0,['cluster'],['separated']
figure_category_based_markersize10_n100-d10-c5-spr0.2-out0_tsne.png,n100-d10-c5-spr0.2-out0_tsne,100,5,10,1.0,0.5416326522827148,1.0,0.7946929931640625,1.0,1.1908094882965088,1.0,0.787743091583252,1.0,0.7668540477752686,1.0,0.795494794845581,1.0,0.8023288249969482,1.0,1.185025930404663,1.0,0.7720611095428467,1.0,0.7762658596038818,1.0,1.0461475849151611,1.0,0.5656139850616455,1.0,1.212270975112915,1.0,1.0462498664855957,1.0,0.5732994079589844,1.0,0.6490931510925293,0,0.3827219009399414,0.0,0.3870303630828857,0.0301274992817821,0.0116536617279052,28.45022020108656,0.0018200874328613,0.00167506302543202,1.250328779220581,0.42,0.0006701946258544,0,0,0,['cluster'],['separated']
figure_category_based_markersize60_n100-d10-c5-spr0.2-out0_tsne.png,n100-d10-c5-spr0.2-out0_tsne,100,5,60,0.978299528629722,0.5837724208831787,0.9823301364630136,1.1375222206115725,0.9903429043741124,0.9959936141967772,0.9730649754566664,0.807368278503418,0.976060401025997,0.8084061145782471,0.9350225597867942,0.8603286743164062,0.9233234989515277,0.8628582954406738,0.9132903275349908,1.2690629959106443,0.9282936425073816,0.5890011787414551,0.9259011294211436,1.135053634643555,0.8954122689398172,0.5931077003479004,0.8710040031168365,0.8799095153808594,0.8473622115017188,1.292372226715088,0.8874610023272611,0.8907158374786377,0.8806451988747978,0.5996930599212646,1.0,0.7124557495117188,141,0.4126255512237549,0.0,0.3926160335540771,0.0301274992817821,0.0112149715423583,28.45022020108656,0.001659870147705,0.015028965673097486,1.084719181060791,0.42,0.0007238388061523,0,0,0,['cluster'],['separated']
figure_category_based_markersize110_n100-d10-c5-spr0.2-out0_tsne.png,n100-d10-c5-spr0.2-out0_tsne,100,5,110,0.9572019112618888,0.9137063026428224,0.9649776508101644,0.6168930530548096,0.9806384122681294,1.3167777061462402,0.9471974823412198,0.9237101078033448,0.9529289064100552,0.9156816005706788,0.861161216628564,0.6364037990570068,0.8488944497312656,0.9301028251647948,0.8304619659243098,1.3289172649383545,0.8567032783087655,0.6437287330627441,0.8556555549700071,0.9446425437927246,0.7826356034665435,0.9488837718963624,0.7577410378481868,0.6448163986206055,0.7201735080778137,1.342623233795166,0.7819925696458961,0.9520938396453856,0.7764017894328683,0.9618644714355468,1.0,0.4497694969177246,588,0.4526534080505371,0.0,0.438950777053833,0.0301274992817821,0.0113177299499511,28.45022020108656,0.001699686050415,0.019563578043358683,1.5002763271331787,0.42,0.0007073879241943,0,0,0,['cluster'],['separated']
figure_category_based_markersize160_n100-d10-c5-spr0.2-out0_tsne.png,n100-d10-c5-spr0.2-out0_tsne,100,5,160,0.9372221085747772,0.6582257747650146,0.9469229333278896,0.6627259254455566,0.9670993760575344,1.391209363937378,0.9224912890789948,0.9992008209228516,0.929912172590531,0.640446662902832,0.8087908143703788,1.0013957023620603,0.7950484962619225,0.6911430358886719,0.771050338454468,1.4131650924682615,0.8032018887292166,0.655611515045166,0.8020672810108426,1.006375789642334,0.7113162970842539,0.6769020557403564,0.6851578594044264,1.0166294574737549,0.6410895569908324,1.0719425678253174,0.7112310232307838,1.002979040145874,0.7051261136541496,0.6657335758209229,1.0,0.4748830795288086,1235,0.8358228206634521,0.0,0.4781782627105713,0.0301274992817821,0.011368989944458,28.45022020108656,0.00177001953125,0.022959860813943363,1.32702898979187,0.42,0.0006747245788574,0,0,27,['cluster'],['separated']
figure_ascending_markersize10_n100-d10-c5-spr0.2-out0_tsne.png,n100-d10-c5-spr0.2-out0_tsne,100,5,10,1.0,0.6643388271331787,1.0,1.0116043090820312,1.0,1.4233882427215576,1.0,0.6738369464874268,1.0,1.0149636268615725,1.0,0.6850249767303467,1.0,0.677515983581543,1.0,1.4183893203735352,1.0,0.6780252456665039,1.0,1.024592399597168,1.0,0.686896800994873,1.0,1.0573654174804688,1.0,1.0794494152069092,1.0,1.0542564392089844,1.0,0.6823389530181885,1.0,0.8807401657104492,0,0.5135972499847412,0.0,0.5114338397979736,0.0301274992817821,0.0115518569946289,28.45022020108656,0.0017850399017333,0.00167506302543202,0.5887739658355713,0.42,0.0006139278411865,0,0,0,['cluster'],['separated']
figure_ascending_markersize60_n100-d10-c5-spr0.2-out0_tsne.png,n100-d10-c5-spr0.2-out0_tsne,100,5,60,0.978305191617264,0.3230931758880615,0.982498137267594,1.093966007232666,0.9903374777726156,1.1088759899139404,0.9730717946320095,1.088839054107666,0.9760620189150496,0.7047488689422607,0.9362063105014812,1.1021220684051514,0.9234921242292686,0.7242965698242188,0.9108853556030042,1.5270259380340576,0.929433370946499,0.6991631984710693,0.9262027710842669,1.111530065536499,0.8975811822617601,0.7286853790283203,0.8711720366837151,1.1504240036010742,0.8432348806313014,1.1313018798828125,0.8895409743736252,0.7008821964263916,0.8811897910419212,1.1170375347137451,1.0,0.5223188400268555,141,0.5288441181182861,0.0,0.527442216873169,0.0301274992817821,0.011519432067871,28.45022020108656,0.0017471313476562,0.015028965673097486,1.090951919555664,0.42,0.000662088394165,0,0,0,['cluster'],['separated']
figure_ascending_markersize110_n100-d10-c5-spr0.2-out0_tsne.png,n100-d10-c5-spr0.2-out0_tsne,100,5,110,0.9572474008510864,0.7346227169036865,0.9653054855793632,1.161381483078003,0.980608042209084,1.1301841735839844,0.9472437530802232,0.7278156280517578,0.9529434421448144,1.1489319801330566,0.8654322561308593,0.7571625709533691,0.849177742414249,0.7433545589447021,0.824760239074013,1.142608880996704,0.8602261260372981,1.162499189376831,0.8568836083769514,0.7571015357971191,0.7896886427708627,1.187439203262329,0.7579903328253078,0.7679049968719482,0.711656793920879,1.1507227420806885,0.7878509628080763,0.781836748123169,0.7784166494368251,0.7598268985748291,1.0,1.0225906372070312,588,0.1103453636169433,0.0,0.5627386569976807,0.0301274992817821,0.0113101005554199,28.45022020108656,0.001908540725708,0.019563578043358683,1.6638200283050537,0.42,0.0006349086761474,0,0,0,['cluster'],['separated']
figure_ascending_markersize160_n100-d10-c5-spr0.2-out0_tsne.png,n100-d10-c5-spr0.2-out0_tsne,100,5,160,0.9373831845295548,0.7782959938049316,0.9473270897232936,0.7919919490814209,0.9670180926504648,1.1818640232086182,0.9249629684659424,0.8039591312408447,0.9326795300974232,0.7730169296264648,0.8148659537505831,1.2255403995513916,0.7953805446019838,0.7940919399261475,0.7630879219748223,1.1797144412994385,0.8100818744517746,0.7812533378601074,0.8059757114039495,1.2456412315368652,0.7206730289553557,0.8038115501403809,0.6854394689879408,0.8093433380126953,0.6301899494146883,1.173262596130371,0.7205847129676713,1.2860321998596191,0.7095798217332061,0.7830288410186768,1.0,0.603553056716919,1235,0.602501392364502,0.0,0.1051418781280517,0.0301274992817821,0.0114915370941162,28.45022020108656,0.0018091201782226,0.022959860813943356,1.812363624572754,0.42,0.0006475448608398,0,0,0,['cluster'],['separated']
figure_descending_markersize10_n100-d10-c5-spr0.2-out0_tsne.png,n100-d10-c5-spr0.2-out0_tsne,100,5,10,1.0,0.7875046730041504,1.0,0.8055987358093262,1.0,1.1980175971984863,1.0,0.7890040874481201,1.0,0.7827427387237549,1.0,0.7955601215362549,1.0,1.293144702911377,1.0,1.2037122249603271,1.0,0.8048083782196045,1.0,0.8011658191680908,1.0,0.8036403656005859,1.0,0.8072860240936279,1.0,1.2129912376403809,1.0,1.2978270053863523,1.0,0.8200292587280273,1.0,0.630157470703125,0,0.619027853012085,0.0,0.1043906211853027,0.0301274992817821,0.0115478038787841,28.45022020108656,0.0016887187957763,0.00167506302543202,1.1071791648864746,0.42,0.0006394386291503,0,0,0,['cluster'],['separated']
figure_descending_markersize60_n100-d10-c5-spr0.2-out0_tsne.png,n100-d10-c5-spr0.2-out0_tsne,100,5,60,0.9733507833673442,1.324305534362793,0.982329249064307,0.8254318237304688,1.0023785812886643,1.2442190647125244,0.9621894990200568,0.8346757888793945,0.9695916390671624,0.8484799861907959,0.9294007470460288,0.8343806266784668,0.9231020080064836,0.8444795608520508,0.9257867110566704,1.2493760585784912,0.9173467165308292,0.8334333896636963,0.9194927939074896,0.8227462768554688,0.8892482220512766,1.3653340339660645,0.8706105822723403,0.8359012603759766,0.8600687522971673,1.2560937404632568,0.8764975997428882,0.8441150188446045,0.8743168039183953,0.8513295650482178,1.0,0.6458311080932617,141,0.6517429351806641,0.0,0.1036899089813232,0.0301274992817821,0.0111207962036132,28.45022020108656,0.0017094612121582,0.015028965673097486,1.7623286247253418,0.42,0.0006101131439208,0,0,18,['cluster'],['separated']
figure_descending_markersize110_n100-d10-c5-spr0.2-out0_tsne.png,n100-d10-c5-spr0.2-out0_tsne,100,5,110,0.9476643456844296,0.3263328075408935,0.9649738758143734,0.8578579425811768,1.0048194063397016,1.814645767211914,0.92657324411904,0.3337533473968506,0.9405459606290234,1.397470474243164,0.8517742988775622,0.8827874660491943,0.848477856580264,0.8780784606933594,0.8517784869224723,1.28899884223938,0.8381557610849889,0.8806705474853516,0.8447027208137502,0.8983967304229736,0.7735065267557197,0.8952682018280029,0.7570797574260949,0.3328099250793457,0.7391941277570313,1.8459444046020508,0.7651426578091732,0.8986480236053467,0.7665862705372923,0.8882076740264893,1.0,0.1172890663146972,588,0.6874508857727051,0.0,0.6737940311431885,0.0301274992817821,0.0114989280700683,28.45022020108656,0.0018069744110107,0.019563578043358683,1.3168954849243164,0.42,0.0006277561187744,0,0,70,['cluster'],['separated']
figure_descending_markersize160_n100-d10-c5-spr0.2-out0_tsne.png,n100-d10-c5-spr0.2-out0_tsne,100,5,160,0.9255396068162564,0.8833332061767578,0.9461813139638492,0.8926572799682617,0.9998021653866976,1.8712892532348635,0.8975704912398459,0.8978781700134277,0.9148670739594646,0.9044477939605712,0.7976296277121395,0.3377151489257812,0.7940220434448088,1.4763319492340088,0.7973638256663572,0.7298858165740967,0.7819850646270591,1.4635789394378662,0.7896491625251928,0.912607192993164,0.7007813395955824,0.3423230648040771,0.684021724223714,1.5294363498687744,0.6631003331827292,0.7328686714172363,0.6927726584148766,1.486609935760498,0.6945817206470702,0.9165735244750975,1.0,0.1156699657440185,1235,0.7258656024932861,0.0,0.7188689708709717,0.0301274992817821,0.0114417076110839,28.45022020108656,0.0017933845520019,0.02295986081394336,1.4505858421325684,0.42,0.0006422996520996,0,0,157,['cluster'],['separated']
figure_category_based_markersize10_cars03Cropped_d3_tsne.png,cars03Cropped_d3_tsne,7404,12,10,0.2054303638422081,1.1593003273010254,0.2102483163572871,1.151336431503296,0.2137170510074001,2.2540886402130127,0.2025754992922631,1.234074592590332,0.2021464901918842,1.2803637981414795,0.1461060104091369,1.190195083618164,0.1476401216677163,1.168794870376587,0.1442645413517301,2.2349061965942383,0.1451269547511692,1.22399640083313,0.1444191873004202,1.2928593158721924,0.1133676150769946,1.2035346031188965,0.1137634095236632,1.2026875019073486,0.1088810261612556,2.2707979679107666,0.1130632570975815,1.257770299911499,0.112338498941219,1.3090853691101074,0.4544840626688277,0.434307336807251,31216,0.9020400047302246,0.0796866558616963,0.8667104244232178,0.0306283793305361,0.8374769687652588,0.9710495069101066,0.0657508373260498,-,15.0,0.8372501350621285,0.0480892658233642,38,0,16313,['three_order'],"['intersecting','separated']"
figure_category_based_markersize60_cars03Cropped_d3_tsne.png,cars03Cropped_d3_tsne,7404,12,60,0.1301405825205932,1.6892650127410889,0.1323571986963125,1.6335773468017578,0.1166186931793703,2.736499786376953,0.122371407854539,1.6993143558502195,0.119305590956975,1.749992609024048,0.0954602461447352,1.6851441860198977,0.0964014398801543,1.6977059841156006,0.0840823070895572,2.1029365062713623,0.0913998924077837,1.7811946868896484,0.0892602364579423,1.7761833667755127,0.0753742432939617,1.704345464706421,0.0758077376893718,1.7770037651062012,0.0657407633741685,2.7926995754241943,0.072939352341141,1.716921091079712,0.0713035008051595,1.7941033840179443,0.1603187466234467,1.095125675201416,86447,1.0713088512420654,0.0796866558616963,0.2173614501953125,0.0306283793305361,0.8412528038024902,0.9710495069101066,0.0649065971374511,-,15.0,0.8372501350621285,0.0484950542449951,1182,0,227958,['three_order'],"['intersecting','separated']"
figure_category_based_markersize110_cars03Cropped_d3_tsne.png,cars03Cropped_d3_tsne,7404,12,110,0.1237106231215016,2.278223752975464,0.1269098536900859,2.191009521484375,0.1030207558695698,3.3201069831848145,0.1136525567023383,2.260507583618164,0.1094726054576299,2.251307487487793,0.0896533945366574,2.241568326950073,0.0913123379501232,2.2163572311401367,0.0746091141671775,2.5720884799957275,0.0842855301541206,2.2735767364501958,0.0816030465084072,2.310831308364868,0.0702999830645587,2.269552230834961,0.0713102149766704,2.194012403488159,0.058480918542578,3.360374689102173,0.0669787016386842,2.2845139503479004,0.0650441046501358,2.3458073139190674,0.1130470016207455,0.5080265998840332,108513,1.3043973445892334,0.0796866558616963,1.0041711330413818,0.0306283793305361,0.8267199993133545,0.9710495069101066,0.0645079612731933,-,15.0,0.8372501350621285,0.0471954345703125,1943,0,523925,['three_order'],"['intersecting','separated']"
figure_category_based_markersize160_cars03Cropped_d3_tsne.png,cars03Cropped_d3_tsne,7404,12,160,0.1223243287184208,2.788968563079834,0.126439069491722,2.787482500076294,0.0960868585218411,3.8841052055358887,0.1107436057809907,2.7927637100219727,0.105720818001935,2.8091180324554443,0.0876532078307652,2.7527639865875244,0.0899430829178132,2.739274263381958,0.0696883472639648,3.8513197898864746,0.0814333217250639,2.045943260192871,0.0783669787879977,2.8276476860046387,0.0682957361810077,2.831295967102051,0.0697966415942076,2.8002917766571045,0.0546688504612107,3.915850877761841,0.0643910689596557,2.068049192428589,0.0622584440579688,2.8575942516326904,0.0964343598055105,1.556274175643921,122199,1.5251357555389404,0.0796866558616963,0.2299444675445556,0.0306283793305361,0.8329863548278809,0.9710495069101066,0.0652132034301757,-,15.0,0.8372501350621285,0.0469160079956054,2389,0,819979,['three_order'],"['intersecting','separated']"
figure_ascending_markersize10_cars03Cropped_d3_tsne.png,cars03Cropped_d3_tsne,7404,12,10,0.2477656864825679,0.5754451751708984,0.2238617422161157,0.5696723461151123,0.1592117882104285,1.6415035724639893,0.2364465839790041,1.3711819648742676,0.2191538729450555,1.4406354427337646,0.1679894117465872,1.3574190139770508,0.1547025686411506,0.5728347301483154,0.1144839081850948,2.3941049575805664,0.1623982403828887,1.371826171875,0.1530560279440839,1.4276533126831057,0.1270738312988967,1.3648827075958252,0.1181894693346989,0.5750741958618164,0.0893753917575088,2.4255685806274414,0.1236687165314337,1.4124252796173096,0.1175902516663528,1.4501688480377195,0.4544840626688277,1.2890233993530271,31216,0.2522749900817871,0.0796866558616963,1.06510329246521,0.0306283793305361,0.8387355804443359,0.9710495069101066,0.066211462020874,-,15.0,0.8372501350621285,0.0470352172851562,45,0,0,['three_order'],"['intersecting','separated']"
figure_ascending_markersize60_cars03Cropped_d3_tsne.png,cars03Cropped_d3_tsne,7404,12,60,0.1705801961582705,1.8106064796447756,0.1486926305429767,0.9931352138519288,0.0594017860846582,2.8953697681427,0.156623254837446,1.8146085739135744,0.1386192864987084,1.923063039779663,0.1186458808381176,0.9960510730743408,0.106073733407685,1.8130087852478027,0.0471658507460439,2.883041381835937,0.1104642158297373,1.919783353805542,0.1003135880668897,1.0753731727600098,0.0909542370619687,1.8508741855621336,0.0824434504460581,1.8721528053283687,0.0391097835170297,2.1254305839538574,0.0853194068291309,1.922907829284668,0.0785948802506187,2.0046019554138184,0.1603187466234467,1.334914207458496,86447,0.3837964534759521,0.0796866558616963,1.13226056098938,0.0306283793305361,0.8941690921783447,0.9710495069101066,0.0695433616638183,-,15.0,0.8372501350621285,0.0517311096191406,1129,0,0,['three_order'],"['intersecting','separated']"
figure_ascending_markersize110_cars03Cropped_d3_tsne.png,cars03Cropped_d3_tsne,7404,12,110,0.165837018599296,2.37622332572937,0.1467404164356458,2.5208992958068848,0.0384730751145673,2.699471473693848,0.150265176683628,2.4329493045806885,0.1311261306642709,2.566203594207764,0.1150070892313495,2.4832756519317627,0.1043840530201929,1.6633756160736084,0.0316166081761454,3.5637810230255127,0.1061528078289112,2.472560405731201,0.0952595941540126,1.6179430484771729,0.0880264986184906,2.4828922748565674,0.0810027511916674,2.508251428604126,0.0268343355378876,2.74916672706604,0.0820623101279433,2.4479339122772217,0.0747998232581607,2.462839841842652,0.1130470016207455,1.4677820205688477,108513,0.5200531482696533,0.0796866558616963,1.1851806640625,0.0306283793305361,0.8476278781890869,0.9710495069101066,0.0649809837341308,-,15.0,0.8372501350621285,0.0498692989349365,1881,0,0,['three_order'],"['intersecting','separated']"
figure_ascending_markersize160_cars03Cropped_d3_tsne.png,cars03Cropped_d3_tsne,7404,12,160,0.1654672150558533,2.9307031631469727,0.1485220052549059,3.1033172607421875,0.0268629239510581,4.15442967414856,0.1488176543211529,2.0826938152313232,0.1288955579857932,2.9712746143341064,0.1143589012796756,2.9093563556671143,0.1052854275739613,3.123496055603028,0.0225873860339836,3.230539321899414,0.1053145233637029,3.0536017417907715,0.0939816814642239,2.994933843612671,0.0873720545143985,2.019693613052368,0.0815462994563143,3.0560269355773926,0.0194859731946188,4.09349250793457,0.0814922854554321,2.055919885635376,0.0739506934335303,2.951598644256592,0.0964343598055105,1.652376413345337,122199,0.6323423385620117,0.0796866558616963,1.284942626953125,0.0306283793305361,0.8659393787384033,0.9710495069101066,0.068077802658081,-,15.0,0.8372501350621285,0.0506031513214111,2217,0,0,['three_order'],"['intersecting','separated']"
figure_descending_markersize10_cars03Cropped_d3_tsne.png,cars03Cropped_d3_tsne,7404,12,10,0.1652533499483314,0.6148266792297363,0.1869761042072701,0.5918104648590088,0.2875288193286895,2.6356306076049805,0.167695037898677,0.6317868232727051,0.1814039314378727,1.6125528812408447,0.120071785495245,1.5634362697601318,0.1305312864471444,0.582798957824707,0.1729549416412987,2.661271572113037,0.1218241316837522,0.6251516342163086,0.1290095671078466,1.6043665409088137,0.0942916951011092,1.5160191059112549,0.1002634909924409,1.5014944076538086,0.1236737045939218,1.707441329956055,0.0956580529001062,1.5745539665222168,0.1000984313833273,1.684852123260498,0.4544840626688277,0.4605562686920166,31216,1.2466762065887451,0.0796866558616963,0.2146193981170654,0.0306283793305361,0.8707010746002197,0.9710495069101064,0.0668494701385498,-,15.0,0.8372501350621285,0.0501594543457031,76,0,34461,['three_order'],"['intersecting','separated']"
figure_descending_markersize60_cars03Cropped_d3_tsne.png,cars03Cropped_d3_tsne,7404,12,60,0.0864895939090794,2.0296473503112797,0.1049205033011158,1.00441575050354,0.1912890788137186,3.131478309631348,0.0888598887040187,2.075387954711914,0.1012936713614005,1.0769944190979004,0.0656673233877263,1.9911954402923584,0.075017548857013,1.0140211582183838,0.114565979460983,3.1574480533599854,0.0673696799179599,2.036540508270264,0.0743789033960621,1.1068603992462158,0.0529255563962596,2.067967176437378,0.058379150884616,2.051706314086914,0.0817694957908623,2.0988502502441406,0.0542497233414159,2.056288719177246,0.0587645574377591,2.0748088359832764,0.1603187466234467,0.4075989723205566,86447,1.4154844284057615,0.0796866558616963,1.2727129459381104,0.0306283793305361,0.8692922592163086,0.9710495069101064,0.0680131912231445,-,15.0,0.8372501350621285,0.0497512817382812,1082,0,380281,['three_order'],"['intersecting','separated']"
figure_descending_markersize110_cars03Cropped_d3_tsne.png,cars03Cropped_d3_tsne,7404,12,110,0.0759831239945733,2.399728298187256,0.094403132719375,2.5410726070404053,0.1847579876616374,2.556401014328003,0.0784058179062082,2.464154958724976,0.0913643721716995,2.522758722305298,0.058157038486156,1.4479997158050537,0.0676640211535466,2.5258452892303467,0.1084199852825844,3.554068088531494,0.0598672781104017,1.4553849697113037,0.0672765533434345,2.5036439895629883,0.04710575315433,1.4583592414855957,0.0527288858397418,2.462531805038452,0.0767206662193192,3.526747226715088,0.0484189386296497,1.4727625846862793,0.0532400468528172,2.519559860229492,0.1130470016207455,1.5879390239715576,108513,0.5008893013000488,0.0796866558616963,1.31231427192688,0.0306283793305361,0.8575754165649414,0.9710495069101064,0.0676779747009277,-,15.0,0.8372501350621285,0.0486111640930175,1573,0,832767,['three_order'],"['intersecting','separated']"
figure_descending_markersize160_cars03Cropped_d3_tsne.png,cars03Cropped_d3_tsne,7404,12,160,0.0716667125183601,2.901421070098877,0.0897450988738465,2.9985032081604004,0.1830861160371569,3.0105202198028564,0.0741958557238096,2.8889105319976807,0.0874012872323581,3.0069262981414795,0.0550474686868757,1.9030885696411133,0.0645043503570182,2.904163360595703,0.1062021590867323,2.9903855323791504,0.0568308816947097,2.917854070663452,0.0644817393520511,2.9908838272094727,0.0446851489903238,1.9405291080474851,0.0503448853224072,3.051743507385254,0.0747937660612164,4.036600351333618,0.0460526178089124,1.9056875705718996,0.0510854274860744,3.005202531814575,0.0964343598055105,0.6056134700775146,122199,1.7169036865234375,0.0796866558616963,0.2311060428619384,0.0306283793305361,0.8566491603851318,0.9710495069101064,0.0667812824249267,-,15.0,0.8372501350621285,0.0489077568054199,1801,0,1296500,['three_order'],"['intersecting','separated']"
